Entity,Code,Year,Annual greenhouse gas emissions in CO2 equivalents
Afghanistan,AFG,1850,7435743.5
Afghanistan,AFG,1851,7499858.5
Afghanistan,AFG,1852,7560495.5
Afghanistan,AFG,1853,7619898
Afghanistan,AFG,1854,7678120
Afghanistan,AFG,1855,7735004.5
Afghanistan,AFG,1856,7790375.5
Afghanistan,AFG,1857,7845360
Afghanistan,AFG,1858,7898627.5
Afghanistan,AFG,1859,7950452.5
Afghanistan,AFG,1860,8013327
Afghanistan,AFG,1861,8069956
Afghanistan,AFG,1862,8121903.5
Afghanistan,AFG,1863,8172425
Afghanistan,AFG,1864,8221971
Afghanistan,AFG,1865,8270002
Afghanistan,AFG,1866,8317355
Afghanistan,AFG,1867,8364141.5
Afghanistan,AFG,1868,8410427
Afghanistan,AFG,1869,8456380
Afghanistan,AFG,1870,8708764
Afghanistan,AFG,1871,8901338
Afghanistan,AFG,1872,9051543
Afghanistan,AFG,1873,9180037
Afghanistan,AFG,1874,9301177
Afghanistan,AFG,1875,9416769
Afghanistan,AFG,1876,9527495
Afghanistan,AFG,1877,9633165
Afghanistan,AFG,1878,9732793
Afghanistan,AFG,1879,9825263
Afghanistan,AFG,1880,10077914
Afghanistan,AFG,1881,10284715
Afghanistan,AFG,1882,10444752
Afghanistan,AFG,1883,10582964
Afghanistan,AFG,1884,10710055
Afghanistan,AFG,1885,10823694
Afghanistan,AFG,1886,10931388
Afghanistan,AFG,1887,11034973
Afghanistan,AFG,1888,11134759
Afghanistan,AFG,1889,11231428
Afghanistan,AFG,1890,11400705
Afghanistan,AFG,1891,11525183
Afghanistan,AFG,1892,11631145
Afghanistan,AFG,1893,11730896
Afghanistan,AFG,1894,11827020
Afghanistan,AFG,1895,11914074
Afghanistan,AFG,1896,11999387
Afghanistan,AFG,1897,12083254
Afghanistan,AFG,1898,12165306
Afghanistan,AFG,1899,12245885
Afghanistan,AFG,1900,12366715
Afghanistan,AFG,1901,12477495
Afghanistan,AFG,1902,12568339
Afghanistan,AFG,1903,12614362
Afghanistan,AFG,1904,12708866
Afghanistan,AFG,1905,12918615
Afghanistan,AFG,1906,13125582
Afghanistan,AFG,1907,13253163
Afghanistan,AFG,1908,13396722
Afghanistan,AFG,1909,13518025
Afghanistan,AFG,1910,13732737
Afghanistan,AFG,1911,13843723
Afghanistan,AFG,1912,13934882
Afghanistan,AFG,1913,13973987
Afghanistan,AFG,1914,14042644
Afghanistan,AFG,1915,14070234
Afghanistan,AFG,1916,14016924
Afghanistan,AFG,1917,14041820
Afghanistan,AFG,1918,14041987
Afghanistan,AFG,1919,14054945
Afghanistan,AFG,1920,13857591
Afghanistan,AFG,1921,13907986
Afghanistan,AFG,1922,13989575
Afghanistan,AFG,1923,14021791
Afghanistan,AFG,1924,14127364
Afghanistan,AFG,1925,14196669
Afghanistan,AFG,1926,14292252
Afghanistan,AFG,1927,14382129
Afghanistan,AFG,1928,14464453
Afghanistan,AFG,1929,14603225
Afghanistan,AFG,1930,14600618
Afghanistan,AFG,1931,14713550
Afghanistan,AFG,1932,14807011
Afghanistan,AFG,1933,14935989
Afghanistan,AFG,1934,15018755
Afghanistan,AFG,1935,15150513
Afghanistan,AFG,1936,15331907
Afghanistan,AFG,1937,15464997
Afghanistan,AFG,1938,15669297
Afghanistan,AFG,1939,15842255
Afghanistan,AFG,1940,16025580
Afghanistan,AFG,1941,16266986
Afghanistan,AFG,1942,16465409
Afghanistan,AFG,1943,16697206
Afghanistan,AFG,1944,17032754
Afghanistan,AFG,1945,17321862
Afghanistan,AFG,1946,17683542
Afghanistan,AFG,1947,18081362
Afghanistan,AFG,1948,18180024
Afghanistan,AFG,1949,18287914
Afghanistan,AFG,1950,19447178
Afghanistan,AFG,1951,20457612
Afghanistan,AFG,1952,21355526
Afghanistan,AFG,1953,22361008
Afghanistan,AFG,1954,23255826
Afghanistan,AFG,1955,24422820
Afghanistan,AFG,1956,25502322
Afghanistan,AFG,1957,26746322
Afghanistan,AFG,1958,28018730
Afghanistan,AFG,1959,29051754
Afghanistan,AFG,1960,28796224
Afghanistan,AFG,1961,26206940
Afghanistan,AFG,1962,25670960
Afghanistan,AFG,1963,25746676
Afghanistan,AFG,1964,24624578
Afghanistan,AFG,1965,25369764
Afghanistan,AFG,1966,25136322
Afghanistan,AFG,1967,24592972
Afghanistan,AFG,1968,24490778
Afghanistan,AFG,1969,23201506
Afghanistan,AFG,1970,24119564
Afghanistan,AFG,1971,23612348
Afghanistan,AFG,1972,20492942
Afghanistan,AFG,1973,20667886
Afghanistan,AFG,1974,21276986
Afghanistan,AFG,1975,21901196
Afghanistan,AFG,1976,21623994
Afghanistan,AFG,1977,21516812
Afghanistan,AFG,1978,20886604
Afghanistan,AFG,1979,20563752
Afghanistan,AFG,1980,20067964
Afghanistan,AFG,1981,20145368
Afghanistan,AFG,1982,19829986
Afghanistan,AFG,1983,19464910
Afghanistan,AFG,1984,18387200
Afghanistan,AFG,1985,17890342
Afghanistan,AFG,1986,15693340
Afghanistan,AFG,1987,15698860
Afghanistan,AFG,1988,15687946
Afghanistan,AFG,1989,14935822
Afghanistan,AFG,1990,13891684
Afghanistan,AFG,1991,14177515
Afghanistan,AFG,1992,12514042
Afghanistan,AFG,1993,11803789
Afghanistan,AFG,1994,12282003
Afghanistan,AFG,1995,13318770
Afghanistan,AFG,1996,15723104
Afghanistan,AFG,1997,18583560
Afghanistan,AFG,1998,17580540
Afghanistan,AFG,1999,19207622
Afghanistan,AFG,2000,16954712
Afghanistan,AFG,2001,15772437
Afghanistan,AFG,2002,20735294
Afghanistan,AFG,2003,21422782
Afghanistan,AFG,2004,20056680
Afghanistan,AFG,2005,20766370
Afghanistan,AFG,2006,21007200
Afghanistan,AFG,2007,21890054
Afghanistan,AFG,2008,24753586
Afghanistan,AFG,2009,27461910
Afghanistan,AFG,2010,31580838
Afghanistan,AFG,2011,35633880
Afghanistan,AFG,2012,33621660
Afghanistan,AFG,2013,32971018
Afghanistan,AFG,2014,33680890
Afghanistan,AFG,2015,33568844
Afghanistan,AFG,2016,33088200
Afghanistan,AFG,2017,36573804
Afghanistan,AFG,2018,36747790
Afghanistan,AFG,2019,39145256
Afghanistan,AFG,2020,37833400
Afghanistan,AFG,2021,38313156
Afghanistan,AFG,2022,39485036
Afghanistan,AFG,2023,40081420
Africa,,1850,305593380
Africa,,1851,335429380
Africa,,1852,350851400
Africa,,1853,346018300
Africa,,1854,362941900
Africa,,1855,359184700
Africa,,1856,368971230
Africa,,1857,376343900
Africa,,1858,376302050
Africa,,1859,418914500
Africa,,1860,296853250
Africa,,1861,250998220
Africa,,1862,232798370
Africa,,1863,250648880
Africa,,1864,232870480
Africa,,1865,230244020
Africa,,1866,221226220
Africa,,1867,207115040
Africa,,1868,194916580
Africa,,1869,218346750
Africa,,1870,222189070
Africa,,1871,230375040
Africa,,1872,220739790
Africa,,1873,223049810
Africa,,1874,223188290
Africa,,1875,220275710
Africa,,1876,218534510
Africa,,1877,218961760
Africa,,1878,223923250
Africa,,1879,235388100
Africa,,1880,219247360
Africa,,1881,225335740
Africa,,1882,257468880
Africa,,1883,244002460
Africa,,1884,237164750
Africa,,1885,248121630
Africa,,1886,246721260
Africa,,1887,239135780
Africa,,1888,244762800
Africa,,1889,247834460
Africa,,1890,253560660
Africa,,1891,279001630
Africa,,1892,248083470
Africa,,1893,269202500
Africa,,1894,265342830
Africa,,1895,262898980
Africa,,1896,286452960
Africa,,1897,279378000
Africa,,1898,287378050
Africa,,1899,297976770
Africa,,1900,319377500
Africa,,1901,308228480
Africa,,1902,320250140
Africa,,1903,322132580
Africa,,1904,342755360
Africa,,1905,349639100
Africa,,1906,355050600
Africa,,1907,354829120
Africa,,1908,373910430
Africa,,1909,388415230
Africa,,1910,405320350
Africa,,1911,433594500
Africa,,1912,433909150
Africa,,1913,436706000
Africa,,1914,458725900
Africa,,1915,504776450
Africa,,1916,494697700
Africa,,1917,510418000
Africa,,1918,500274300
Africa,,1919,511636580
Africa,,1920,536908700
Africa,,1921,570263040
Africa,,1922,598972540
Africa,,1923,617036200
Africa,,1924,631862340
Africa,,1925,666894850
Africa,,1926,659814460
Africa,,1927,677974100
Africa,,1928,669941200
Africa,,1929,691266240
Africa,,1930,762639500
Africa,,1931,817064640
Africa,,1932,845103040
Africa,,1933,873234500
Africa,,1934,861628600
Africa,,1935,888379200
Africa,,1936,906409000
Africa,,1937,908966100
Africa,,1938,954338600
Africa,,1939,966175500
Africa,,1940,1166340500
Africa,,1941,1325625900
Africa,,1942,1427059800
Africa,,1943,1505066000
Africa,,1944,1542948500
Africa,,1945,1616428700
Africa,,1946,1670179100
Africa,,1947,1712571100
Africa,,1948,1777832300
Africa,,1949,1820920000
Africa,,1950,1889789700
Africa,,1951,1916989700
Africa,,1952,1918504100
Africa,,1953,1949653500
Africa,,1954,1998497700
Africa,,1955,2050817500
Africa,,1956,2094961800
Africa,,1957,2144686100
Africa,,1958,2202028000
Africa,,1959,2268458800
Africa,,1960,2283131000
Africa,,1961,2077045100
Africa,,1962,1970782300
Africa,,1963,1899818500
Africa,,1964,1890864400
Africa,,1965,1867016800
Africa,,1966,1869860100
Africa,,1967,1969387400
Africa,,1968,1913707300
Africa,,1969,2032769200
Africa,,1970,2112525200
Africa,,1971,2052458900
Africa,,1972,2058443900
Africa,,1973,2109665700
Africa,,1974,2111943800
Africa,,1975,2112276700
Africa,,1976,2179389700
Africa,,1977,2292256300
Africa,,1978,2222878200
Africa,,1979,2297842700
Africa,,1980,2336832500
Africa,,1981,2274556000
Africa,,1982,2324004400
Africa,,1983,2381576000
Africa,,1984,2565165300
Africa,,1985,2605052700
Africa,,1986,2605406700
Africa,,1987,2674219000
Africa,,1988,2689546800
Africa,,1989,2739481300
Africa,,1990,2857158400
Africa,,1991,2971051800
Africa,,1992,3063356000
Africa,,1993,3123850800
Africa,,1994,3395308000
Africa,,1995,3460717300
Africa,,1996,3541378800
Africa,,1997,3588715000
Africa,,1998,3699745000
Africa,,1999,3624575000
Africa,,2000,3702621200
Africa,,2001,3614512400
Africa,,2002,3683871500
Africa,,2003,3900794400
Africa,,2004,3948601000
Africa,,2005,3984173800
Africa,,2006,4019546600
Africa,,2007,4086928100
Africa,,2008,4414530600
Africa,,2009,4502975000
Africa,,2010,4749242400
Africa,,2011,4864815000
Africa,,2012,4877841000
Africa,,2013,4859291000
Africa,,2014,4832225000
Africa,,2015,4700033500
Africa,,2016,4723368000
Africa,,2017,4828341000
Africa,,2018,4642031000
Africa,,2019,4668678700
Africa,,2020,4465167400
Africa,,2021,4604308500
Africa,,2022,4654375400
Africa,,2023,4661945300
Albania,ALB,1850,1398595.8
Albania,ALB,1851,1421029.5
Albania,ALB,1852,1447804.6
Albania,ALB,1853,1466801.4
Albania,ALB,1854,1479576.4
Albania,ALB,1855,1490351.8
Albania,ALB,1856,1505071.6
Albania,ALB,1857,1532336.4
Albania,ALB,1858,1544674.5
Albania,ALB,1859,1548213.4
Albania,ALB,1860,1546506.2
Albania,ALB,1861,1557433.6
Albania,ALB,1862,1543393.6
Albania,ALB,1863,1559442.2
Albania,ALB,1864,1550761
Albania,ALB,1865,1578213.6
Albania,ALB,1866,1599623.4
Albania,ALB,1867,1613390.5
Albania,ALB,1868,1609342.8
Albania,ALB,1869,1632249.4
Albania,ALB,1870,1688352.4
Albania,ALB,1871,1704718.8
Albania,ALB,1872,1739696.4
Albania,ALB,1873,1774941.8
Albania,ALB,1874,1791937.4
Albania,ALB,1875,1810802.9
Albania,ALB,1876,1832597
Albania,ALB,1877,1868177.2
Albania,ALB,1878,1896635.4
Albania,ALB,1879,1905728.6
Albania,ALB,1880,1913203.8
Albania,ALB,1881,1946426.9
Albania,ALB,1882,1934800.2
Albania,ALB,1883,1966208.6
Albania,ALB,1884,1955953.6
Albania,ALB,1885,2000173.1
Albania,ALB,1886,2028652.2
Albania,ALB,1887,2052577.8
Albania,ALB,1888,2046076.5
Albania,ALB,1889,2083055.2
Albania,ALB,1890,2154147.5
Albania,ALB,1891,2166822.8
Albania,ALB,1892,2207566
Albania,ALB,1893,2237970.8
Albania,ALB,1894,2251718
Albania,ALB,1895,2267019.5
Albania,ALB,1896,2290647.2
Albania,ALB,1897,2341003.5
Albania,ALB,1898,2353521.2
Albania,ALB,1899,2363137.5
Albania,ALB,1900,2376156.5
Albania,ALB,1901,2396919
Albania,ALB,1902,2419522
Albania,ALB,1903,2446043.8
Albania,ALB,1904,2484452.2
Albania,ALB,1905,2498574
Albania,ALB,1906,2507343
Albania,ALB,1907,2517434.5
Albania,ALB,1908,2549805.5
Albania,ALB,1909,2542295
Albania,ALB,1910,2442287.5
Albania,ALB,1911,2422951.2
Albania,ALB,1912,2430083.2
Albania,ALB,1913,2380288.5
Albania,ALB,1914,2396406.5
Albania,ALB,1915,2351668
Albania,ALB,1916,2362023.8
Albania,ALB,1917,2393224.8
Albania,ALB,1918,2412475.2
Albania,ALB,1919,2387648.2
Albania,ALB,1920,2316423.8
Albania,ALB,1921,2338633.2
Albania,ALB,1922,2283264.8
Albania,ALB,1923,2250607.5
Albania,ALB,1924,2226055.5
Albania,ALB,1925,2243031.5
Albania,ALB,1926,2200607.2
Albania,ALB,1927,2200966.5
Albania,ALB,1928,2205942.2
Albania,ALB,1929,2162044.5
Albania,ALB,1930,2347266.5
Albania,ALB,1931,2425584.5
Albania,ALB,1932,2449369.2
Albania,ALB,1933,2457689.5
Albania,ALB,1934,2437630.2
Albania,ALB,1935,2469742.2
Albania,ALB,1936,2597160
Albania,ALB,1937,2804039
Albania,ALB,1938,2913004.8
Albania,ALB,1939,3055183.5
Albania,ALB,1940,3801239
Albania,ALB,1941,3926459.8
Albania,ALB,1942,4223882
Albania,ALB,1943,4066729.5
Albania,ALB,1944,3773227.2
Albania,ALB,1945,3900402.2
Albania,ALB,1946,4498519.5
Albania,ALB,1947,5149824.5
Albania,ALB,1948,5032426.5
Albania,ALB,1949,5483526
Albania,ALB,1950,4807795
Albania,ALB,1951,5201947.5
Albania,ALB,1952,5570485
Albania,ALB,1953,5826075.5
Albania,ALB,1954,6205071.5
Albania,ALB,1955,6603316.5
Albania,ALB,1956,7062397.5
Albania,ALB,1957,8228677.5
Albania,ALB,1958,8068413.5
Albania,ALB,1959,9796621
Albania,ALB,1960,8963375
Albania,ALB,1961,8305684.5
Albania,ALB,1962,8139223.5
Albania,ALB,1963,7120079
Albania,ALB,1964,7751528
Albania,ALB,1965,8271145.5
Albania,ALB,1966,8811016
Albania,ALB,1967,8605448
Albania,ALB,1968,8933522
Albania,ALB,1969,9063794
Albania,ALB,1970,9391573
Albania,ALB,1971,9818439
Albania,ALB,1972,11089876
Albania,ALB,1973,10689287
Albania,ALB,1974,9281565
Albania,ALB,1975,10013362
Albania,ALB,1976,11927514
Albania,ALB,1977,11832399
Albania,ALB,1978,12934224
Albania,ALB,1979,13871449
Albania,ALB,1980,11315087
Albania,ALB,1981,13298025
Albania,ALB,1982,13551663
Albania,ALB,1983,14289615
Albania,ALB,1984,13953504
Albania,ALB,1985,13866290
Albania,ALB,1986,14043896
Albania,ALB,1987,13870321
Albania,ALB,1988,13367100
Albania,ALB,1989,15631999
Albania,ALB,1990,11401768
Albania,ALB,1991,9837252
Albania,ALB,1992,7078085
Albania,ALB,1993,6721277
Albania,ALB,1994,6685332.5
Albania,ALB,1995,6818155
Albania,ALB,1996,6403816
Albania,ALB,1997,5623275.5
Albania,ALB,1998,5890557.5
Albania,ALB,1999,6918070
Albania,ALB,2000,6753847
Albania,ALB,2001,6906126
Albania,ALB,2002,7369299.5
Albania,ALB,2003,8417628
Albania,ALB,2004,7493229.5
Albania,ALB,2005,9992214
Albania,ALB,2006,8008983
Albania,ALB,2007,10685385
Albania,ALB,2008,9942069
Albania,ALB,2009,8564950
Albania,ALB,2010,8988948
Albania,ALB,2011,9643023
Albania,ALB,2012,9324715
Albania,ALB,2013,9658399
Albania,ALB,2014,10475174
Albania,ALB,2015,9691539
Albania,ALB,2016,9100933
Albania,ALB,2017,9765720
Albania,ALB,2018,9080747
Albania,ALB,2019,8669044
Albania,ALB,2020,8119893
Albania,ALB,2021,8267427.5
Albania,ALB,2022,8114079
Albania,ALB,2023,7673294
Algeria,DZA,1850,2600273.2
Algeria,DZA,1851,2562582.8
Algeria,DZA,1852,2545735
Algeria,DZA,1853,2545698.2
Algeria,DZA,1854,2548776.5
Algeria,DZA,1855,2552911.5
Algeria,DZA,1856,2558151
Algeria,DZA,1857,2564066.8
Algeria,DZA,1858,2575737.8
Algeria,DZA,1859,2584296.8
Algeria,DZA,1860,2598623
Algeria,DZA,1861,2611067
Algeria,DZA,1862,2622044.5
Algeria,DZA,1863,2631062
Algeria,DZA,1864,2637970.2
Algeria,DZA,1865,2645629.2
Algeria,DZA,1866,2653435.5
Algeria,DZA,1867,2661380
Algeria,DZA,1868,2669880
Algeria,DZA,1869,2678516
Algeria,DZA,1870,2610903.2
Algeria,DZA,1871,2622230
Algeria,DZA,1872,2635663.5
Algeria,DZA,1873,2651004.2
Algeria,DZA,1874,2667320.8
Algeria,DZA,1875,2684303.5
Algeria,DZA,1876,2701350
Algeria,DZA,1877,2718013.8
Algeria,DZA,1878,2733775
Algeria,DZA,1879,2750615.2
Algeria,DZA,1880,2772890.5
Algeria,DZA,1881,2790566
Algeria,DZA,1882,2806130.5
Algeria,DZA,1883,2819740.8
Algeria,DZA,1884,2834024.2
Algeria,DZA,1885,2848095.2
Algeria,DZA,1886,2862204.8
Algeria,DZA,1887,2875146
Algeria,DZA,1888,2888221.8
Algeria,DZA,1889,2900045
Algeria,DZA,1890,2910020
Algeria,DZA,1891,2930242.2
Algeria,DZA,1892,2947593
Algeria,DZA,1893,2962665.8
Algeria,DZA,1894,2977760
Algeria,DZA,1895,2992648.8
Algeria,DZA,1896,3007369.5
Algeria,DZA,1897,3021996.5
Algeria,DZA,1898,3047040
Algeria,DZA,1899,3098246
Algeria,DZA,1900,3208005.2
Algeria,DZA,1901,3341756
Algeria,DZA,1902,3496758
Algeria,DZA,1903,3689423
Algeria,DZA,1904,3926891
Algeria,DZA,1905,4158591.5
Algeria,DZA,1906,4406291
Algeria,DZA,1907,4652277.5
Algeria,DZA,1908,4910191.5
Algeria,DZA,1909,5147659.5
Algeria,DZA,1910,5397907.5
Algeria,DZA,1911,5654079
Algeria,DZA,1912,5898589.5
Algeria,DZA,1913,6126120.5
Algeria,DZA,1914,6376211
Algeria,DZA,1915,6611016.5
Algeria,DZA,1916,6880429.5
Algeria,DZA,1917,7102189
Algeria,DZA,1918,7330467
Algeria,DZA,1919,7513684
Algeria,DZA,1920,7717527.5
Algeria,DZA,1921,7884576
Algeria,DZA,1922,8107827
Algeria,DZA,1923,8267557
Algeria,DZA,1924,8481724
Algeria,DZA,1925,8649762
Algeria,DZA,1926,8736756
Algeria,DZA,1927,8906869
Algeria,DZA,1928,9025784
Algeria,DZA,1929,9217386
Algeria,DZA,1930,9263871
Algeria,DZA,1931,9322984
Algeria,DZA,1932,9421389
Algeria,DZA,1933,9483768
Algeria,DZA,1934,9508857
Algeria,DZA,1935,9522506
Algeria,DZA,1936,9373980
Algeria,DZA,1937,9381244
Algeria,DZA,1938,9337150
Algeria,DZA,1939,10744342
Algeria,DZA,1940,10685664
Algeria,DZA,1941,10931104
Algeria,DZA,1942,11418119
Algeria,DZA,1943,11551294
Algeria,DZA,1944,11905471
Algeria,DZA,1945,12178190
Algeria,DZA,1946,12504294
Algeria,DZA,1947,12485389
Algeria,DZA,1948,12624137
Algeria,DZA,1949,12744957
Algeria,DZA,1950,34227732
Algeria,DZA,1951,36519304
Algeria,DZA,1952,35837340
Algeria,DZA,1953,39010584
Algeria,DZA,1954,40157696
Algeria,DZA,1955,43083412
Algeria,DZA,1956,45062540
Algeria,DZA,1957,47523140
Algeria,DZA,1958,45280916
Algeria,DZA,1959,50578164
Algeria,DZA,1960,53877070
Algeria,DZA,1961,45632948
Algeria,DZA,1962,40022996
Algeria,DZA,1963,35165064
Algeria,DZA,1964,35450516
Algeria,DZA,1965,38445736
Algeria,DZA,1966,47146780
Algeria,DZA,1967,43238140
Algeria,DZA,1968,42781890
Algeria,DZA,1969,47984820
Algeria,DZA,1970,58219896
Algeria,DZA,1971,63049956
Algeria,DZA,1972,80358350
Algeria,DZA,1973,90378330
Algeria,DZA,1974,89786840
Algeria,DZA,1975,91422210
Algeria,DZA,1976,95217650
Algeria,DZA,1977,98898130
Algeria,DZA,1978,122399160
Algeria,DZA,1979,109350740
Algeria,DZA,1980,125338660
Algeria,DZA,1981,103514904
Algeria,DZA,1982,95699420
Algeria,DZA,1983,120154900
Algeria,DZA,1984,137516020
Algeria,DZA,1985,141183180
Algeria,DZA,1986,148300340
Algeria,DZA,1987,157117390
Algeria,DZA,1988,156991280
Algeria,DZA,1989,155679340
Algeria,DZA,1990,160869060
Algeria,DZA,1991,169125710
Algeria,DZA,1992,165197940
Algeria,DZA,1993,171063420
Algeria,DZA,1994,175044590
Algeria,DZA,1995,192564860
Algeria,DZA,1996,196755660
Algeria,DZA,1997,179374510
Algeria,DZA,1998,196013800
Algeria,DZA,1999,183054050
Algeria,DZA,2000,183103260
Algeria,DZA,2001,175084430
Algeria,DZA,2002,175334690
Algeria,DZA,2003,187612640
Algeria,DZA,2004,181704370
Algeria,DZA,2005,201883020
Algeria,DZA,2006,200437900
Algeria,DZA,2007,200464480
Algeria,DZA,2008,204950270
Algeria,DZA,2009,205922460
Algeria,DZA,2010,210811920
Algeria,DZA,2011,217176100
Algeria,DZA,2012,229929940
Algeria,DZA,2013,233757600
Algeria,DZA,2014,247471360
Algeria,DZA,2015,257117600
Algeria,DZA,2016,260646420
Algeria,DZA,2017,267286860
Algeria,DZA,2018,276093860
Algeria,DZA,2019,280463360
Algeria,DZA,2020,264183620
Algeria,DZA,2021,283354430
Algeria,DZA,2022,290326370
Algeria,DZA,2023,282644860
Andorra,AND,1850,34653.402
Andorra,AND,1851,33389.258
Andorra,AND,1852,32661.605
Andorra,AND,1853,32101.65
Andorra,AND,1854,31165.467
Andorra,AND,1855,30180.676
Andorra,AND,1856,29576.496
Andorra,AND,1857,28813.66
Andorra,AND,1858,28037.834
Andorra,AND,1859,27755.654
Andorra,AND,1860,27706.709
Andorra,AND,1861,27579.85
Andorra,AND,1862,27329.021
Andorra,AND,1863,26970.791
Andorra,AND,1864,26441.252
Andorra,AND,1865,26689.295
Andorra,AND,1866,26140.246
Andorra,AND,1867,26730.744
Andorra,AND,1868,26370.734
Andorra,AND,1869,26324.848
Andorra,AND,1870,25684.605
Andorra,AND,1871,26123.791
Andorra,AND,1872,26699.893
Andorra,AND,1873,27252.363
Andorra,AND,1874,26532.191
Andorra,AND,1875,26709.367
Andorra,AND,1876,26759.645
Andorra,AND,1877,26596.648
Andorra,AND,1878,26642.68
Andorra,AND,1879,26822.799
Andorra,AND,1880,27167.836
Andorra,AND,1881,27409.334
Andorra,AND,1882,27435.012
Andorra,AND,1883,27443.88
Andorra,AND,1884,26796.555
Andorra,AND,1885,26874.74
Andorra,AND,1886,26286.701
Andorra,AND,1887,27166.322
Andorra,AND,1888,27450.523
Andorra,AND,1889,27656.023
Andorra,AND,1890,27405.266
Andorra,AND,1891,27971.639
Andorra,AND,1892,28285.988
Andorra,AND,1893,27899.17
Andorra,AND,1894,28329.336
Andorra,AND,1895,28290.236
Andorra,AND,1896,28386.977
Andorra,AND,1897,28393.805
Andorra,AND,1898,28358.16
Andorra,AND,1899,28757.754
Andorra,AND,1900,29659.2
Andorra,AND,1901,29359.775
Andorra,AND,1902,29477.549
Andorra,AND,1903,30067.297
Andorra,AND,1904,29233.162
Andorra,AND,1905,29447.057
Andorra,AND,1906,29367.068
Andorra,AND,1907,30001.723
Andorra,AND,1908,29539.158
Andorra,AND,1909,29707.041
Andorra,AND,1910,28737.158
Andorra,AND,1911,28255.256
Andorra,AND,1912,27428.725
Andorra,AND,1913,27361.29
Andorra,AND,1914,24967.611
Andorra,AND,1915,23352.26
Andorra,AND,1916,23132.533
Andorra,AND,1917,21856.82
Andorra,AND,1918,20842.162
Andorra,AND,1919,20002.658
Andorra,AND,1920,19294.93
Andorra,AND,1921,15898.561
Andorra,AND,1922,16658.363
Andorra,AND,1923,16485.79
Andorra,AND,1924,16603.1
Andorra,AND,1925,15522.363
Andorra,AND,1926,12660.326
Andorra,AND,1927,14706.008
Andorra,AND,1928,14058.199
Andorra,AND,1929,14768.23
Andorra,AND,1930,13645.575
Andorra,AND,1931,12447.171
Andorra,AND,1932,10977.846
Andorra,AND,1933,10737.208
Andorra,AND,1934,10964.914
Andorra,AND,1935,10909.981
Andorra,AND,1936,11054.725
Andorra,AND,1937,11500.373
Andorra,AND,1938,11101.062
Andorra,AND,1939,11418.769
Andorra,AND,1940,19999.643
Andorra,AND,1941,25917.264
Andorra,AND,1942,32044.004
Andorra,AND,1943,36524.477
Andorra,AND,1944,39452.934
Andorra,AND,1945,42489.688
Andorra,AND,1946,46746.504
Andorra,AND,1947,52567.62
Andorra,AND,1948,57003.46
Andorra,AND,1949,62757.367
Andorra,AND,1950,71070.87
Andorra,AND,1951,66393.24
Andorra,AND,1952,77012.125
Andorra,AND,1953,71961.56
Andorra,AND,1954,69903.22
Andorra,AND,1955,81069.805
Andorra,AND,1956,77418.98
Andorra,AND,1957,111002.57
Andorra,AND,1958,88989.68
Andorra,AND,1959,74838.055
Andorra,AND,1960,71404.43
Andorra,AND,1961,78861.71
Andorra,AND,1962,73893.375
Andorra,AND,1963,71158.68
Andorra,AND,1964,69310.94
Andorra,AND,1965,68165.1
Andorra,AND,1966,67682.6
Andorra,AND,1967,65970.92
Andorra,AND,1968,69099.37
Andorra,AND,1969,67796.61
Andorra,AND,1970,71214.83
Andorra,AND,1971,73735.41
Andorra,AND,1972,76857.58
Andorra,AND,1973,81699.74
Andorra,AND,1974,86915.23
Andorra,AND,1975,87999.73
Andorra,AND,1976,93509.414
Andorra,AND,1977,98077.766
Andorra,AND,1978,100659.22
Andorra,AND,1979,105368.24
Andorra,AND,1980,109019.984
Andorra,AND,1981,113043.336
Andorra,AND,1982,117919.39
Andorra,AND,1983,126462.66
Andorra,AND,1984,131472.28
Andorra,AND,1985,132298.44
Andorra,AND,1986,137535.78
Andorra,AND,1987,136985.6
Andorra,AND,1988,138520.61
Andorra,AND,1989,139802.22
Andorra,AND,1990,546265.2
Andorra,AND,1991,553776.1
Andorra,AND,1992,561145.2
Andorra,AND,1993,578574.94
Andorra,AND,1994,579458.94
Andorra,AND,1995,607180.44
Andorra,AND,1996,632596.25
Andorra,AND,1997,638472.5
Andorra,AND,1998,650765.06
Andorra,AND,1999,669552.25
Andorra,AND,2000,679825.7
Andorra,AND,2001,680986.4
Andorra,AND,2002,689479.94
Andorra,AND,2003,696874.1
Andorra,AND,2004,722919.8
Andorra,AND,2005,738913.56
Andorra,AND,2006,703805.7
Andorra,AND,2007,691385.06
Andorra,AND,2008,684713
Andorra,AND,2009,653482.06
Andorra,AND,2010,650661.56
Andorra,AND,2011,615301.94
Andorra,AND,2012,611653.25
Andorra,AND,2013,600858.5
Andorra,AND,2014,584967.2
Andorra,AND,2015,587260.8
Andorra,AND,2016,590986.1
Andorra,AND,2017,593157.44
Andorra,AND,2018,621955.9
Andorra,AND,2019,613320.8
Andorra,AND,2020,499029.9
Andorra,AND,2021,530244.9
Andorra,AND,2022,530019.06
Andorra,AND,2023,534148
Angola,AGO,1850,6953629
Angola,AGO,1851,6654294
Angola,AGO,1852,6459820
Angola,AGO,1853,6276188.5
Angola,AGO,1854,6262317
Angola,AGO,1855,6324582
Angola,AGO,1856,6194036
Angola,AGO,1857,6264542
Angola,AGO,1858,6123772.5
Angola,AGO,1859,6204314.5
Angola,AGO,1860,6884772
Angola,AGO,1861,6546116
Angola,AGO,1862,6569161.5
Angola,AGO,1863,6493047.5
Angola,AGO,1864,6625042
Angola,AGO,1865,6372678.5
Angola,AGO,1866,6485316.5
Angola,AGO,1867,6786351
Angola,AGO,1868,6331347.5
Angola,AGO,1869,6505811.5
Angola,AGO,1870,6651743
Angola,AGO,1871,7205632.5
Angola,AGO,1872,7076754.5
Angola,AGO,1873,6976152
Angola,AGO,1874,7214533.5
Angola,AGO,1875,7061076
Angola,AGO,1876,7127476
Angola,AGO,1877,7136449.5
Angola,AGO,1878,7162808
Angola,AGO,1879,7391555
Angola,AGO,1880,7942759.5
Angola,AGO,1881,7885297
Angola,AGO,1882,7842943
Angola,AGO,1883,8087155.5
Angola,AGO,1884,8242620
Angola,AGO,1885,8041324.5
Angola,AGO,1886,8191877.5
Angola,AGO,1887,8065133.5
Angola,AGO,1888,8492344
Angola,AGO,1889,8112792
Angola,AGO,1890,8737187
Angola,AGO,1891,9001929
Angola,AGO,1892,8920602
Angola,AGO,1893,9167427
Angola,AGO,1894,8963436
Angola,AGO,1895,9298100
Angola,AGO,1896,9544926
Angola,AGO,1897,9315247
Angola,AGO,1898,9558165
Angola,AGO,1899,9287754
Angola,AGO,1900,10366852
Angola,AGO,1901,10637123
Angola,AGO,1902,10588876
Angola,AGO,1903,10887484
Angola,AGO,1904,11368708
Angola,AGO,1905,11400765
Angola,AGO,1906,11625695
Angola,AGO,1907,11414766
Angola,AGO,1908,11944341
Angola,AGO,1909,12452171
Angola,AGO,1910,13034158
Angola,AGO,1911,13714189
Angola,AGO,1912,14176060
Angola,AGO,1913,14568980
Angola,AGO,1914,14812497
Angola,AGO,1915,15301836
Angola,AGO,1916,15590590
Angola,AGO,1917,15942462
Angola,AGO,1918,16028886
Angola,AGO,1919,16352254
Angola,AGO,1920,18018226
Angola,AGO,1921,19372348
Angola,AGO,1922,20133900
Angola,AGO,1923,20722478
Angola,AGO,1924,21386840
Angola,AGO,1925,21822544
Angola,AGO,1926,21946442
Angola,AGO,1927,22144606
Angola,AGO,1928,22477810
Angola,AGO,1929,22734248
Angola,AGO,1930,26805660
Angola,AGO,1931,29325792
Angola,AGO,1932,29762532
Angola,AGO,1933,30835402
Angola,AGO,1934,31710062
Angola,AGO,1935,32404250
Angola,AGO,1936,32651598
Angola,AGO,1937,33224086
Angola,AGO,1938,33537492
Angola,AGO,1939,34370852
Angola,AGO,1940,48575110
Angola,AGO,1941,57381230
Angola,AGO,1942,63204456
Angola,AGO,1943,66541130
Angola,AGO,1944,70393176
Angola,AGO,1945,73346616
Angola,AGO,1946,76512936
Angola,AGO,1947,78488440
Angola,AGO,1948,80702800
Angola,AGO,1949,83292940
Angola,AGO,1950,94062130
Angola,AGO,1951,101019150
Angola,AGO,1952,105668410
Angola,AGO,1953,105552650
Angola,AGO,1954,107579540
Angola,AGO,1955,108308470
Angola,AGO,1956,107221256
Angola,AGO,1957,107820900
Angola,AGO,1958,106782650
Angola,AGO,1959,109170950
Angola,AGO,1960,112048920
Angola,AGO,1961,83375570
Angola,AGO,1962,67547144
Angola,AGO,1963,60534530
Angola,AGO,1964,55459840
Angola,AGO,1965,52837244
Angola,AGO,1966,51609590
Angola,AGO,1967,49216784
Angola,AGO,1968,50683652
Angola,AGO,1969,50195692
Angola,AGO,1970,60709332
Angola,AGO,1971,42891650
Angola,AGO,1972,44441530
Angola,AGO,1973,46210748
Angola,AGO,1974,42558376
Angola,AGO,1975,41377668
Angola,AGO,1976,36379300
Angola,AGO,1977,39279230
Angola,AGO,1978,41419000
Angola,AGO,1979,49465960
Angola,AGO,1980,43880060
Angola,AGO,1981,39206810
Angola,AGO,1982,41360340
Angola,AGO,1983,42132650
Angola,AGO,1984,36680068
Angola,AGO,1985,37443804
Angola,AGO,1986,38246724
Angola,AGO,1987,49267190
Angola,AGO,1988,42248030
Angola,AGO,1989,46066196
Angola,AGO,1990,65758030
Angola,AGO,1991,67872904
Angola,AGO,1992,66227510
Angola,AGO,1993,72497064
Angola,AGO,1994,92146450
Angola,AGO,1995,98932216
Angola,AGO,1996,108184260
Angola,AGO,1997,112936650
Angola,AGO,1998,122531180
Angola,AGO,1999,125138350
Angola,AGO,2000,124122510
Angola,AGO,2001,134168696
Angola,AGO,2002,146687420
Angola,AGO,2003,154084940
Angola,AGO,2004,159453230
Angola,AGO,2005,160584700
Angola,AGO,2006,156723580
Angola,AGO,2007,173415230
Angola,AGO,2008,200780880
Angola,AGO,2009,213085260
Angola,AGO,2010,230116030
Angola,AGO,2011,216680300
Angola,AGO,2012,214854240
Angola,AGO,2013,216797120
Angola,AGO,2014,211675230
Angola,AGO,2015,219528380
Angola,AGO,2016,208164200
Angola,AGO,2017,202248700
Angola,AGO,2018,190102450
Angola,AGO,2019,186866620
Angola,AGO,2020,175331180
Angola,AGO,2021,176394240
Angola,AGO,2022,175147710
Angola,AGO,2023,174713200
Antigua and Barbuda,ATG,1850,49262.645
Antigua and Barbuda,ATG,1851,38283.082
Antigua and Barbuda,ATG,1852,32362.16
Antigua and Barbuda,ATG,1853,28504.729
Antigua and Barbuda,ATG,1854,25672.959
Antigua and Barbuda,ATG,1855,23500.268
Antigua and Barbuda,ATG,1856,21908.482
Antigua and Barbuda,ATG,1857,20619.479
Antigua and Barbuda,ATG,1858,19559.82
Antigua and Barbuda,ATG,1859,18656.074
Antigua and Barbuda,ATG,1860,18210.367
Antigua and Barbuda,ATG,1861,17671.059
Antigua and Barbuda,ATG,1862,17069.105
Antigua and Barbuda,ATG,1863,16638.432
Antigua and Barbuda,ATG,1864,16221.47
Antigua and Barbuda,ATG,1865,15779.838
Antigua and Barbuda,ATG,1866,15394.239
Antigua and Barbuda,ATG,1867,15037.2295
Antigua and Barbuda,ATG,1868,14727.16
Antigua and Barbuda,ATG,1869,14402.258
Antigua and Barbuda,ATG,1870,15013.556
Antigua and Barbuda,ATG,1871,15265.963
Antigua and Barbuda,ATG,1872,15340.595
Antigua and Barbuda,ATG,1873,15382.748
Antigua and Barbuda,ATG,1874,15406.969
Antigua and Barbuda,ATG,1875,15425.476
Antigua and Barbuda,ATG,1876,15409.384
Antigua and Barbuda,ATG,1877,15419.032
Antigua and Barbuda,ATG,1878,15420.315
Antigua and Barbuda,ATG,1879,15302.476
Antigua and Barbuda,ATG,1880,17250.975
Antigua and Barbuda,ATG,1881,18038.725
Antigua and Barbuda,ATG,1882,18466.111
Antigua and Barbuda,ATG,1883,18780.098
Antigua and Barbuda,ATG,1884,18955.514
Antigua and Barbuda,ATG,1885,19058.047
Antigua and Barbuda,ATG,1886,19142.969
Antigua and Barbuda,ATG,1887,19264.05
Antigua and Barbuda,ATG,1888,19350.162
Antigua and Barbuda,ATG,1889,19463.523
Antigua and Barbuda,ATG,1890,18027.732
Antigua and Barbuda,ATG,1891,17330.95
Antigua and Barbuda,ATG,1892,16997.33
Antigua and Barbuda,ATG,1893,16816.795
Antigua and Barbuda,ATG,1894,16700.707
Antigua and Barbuda,ATG,1895,16613
Antigua and Barbuda,ATG,1896,16552.764
Antigua and Barbuda,ATG,1897,16483.514
Antigua and Barbuda,ATG,1898,16449.496
Antigua and Barbuda,ATG,1899,16358.912
Antigua and Barbuda,ATG,1900,17515.059
Antigua and Barbuda,ATG,1901,16997.51
Antigua and Barbuda,ATG,1902,16039.08
Antigua and Barbuda,ATG,1903,14808.2705
Antigua and Barbuda,ATG,1904,13578.824
Antigua and Barbuda,ATG,1905,12404.542
Antigua and Barbuda,ATG,1906,11257.4
Antigua and Barbuda,ATG,1907,10054.419
Antigua and Barbuda,ATG,1908,8923.3
Antigua and Barbuda,ATG,1909,7991.747
Antigua and Barbuda,ATG,1910,3183.0244
Antigua and Barbuda,ATG,1911,1552.0916
Antigua and Barbuda,ATG,1912,839.532
Antigua and Barbuda,ATG,1913,562.9306
Antigua and Barbuda,ATG,1914,411.0806
Antigua and Barbuda,ATG,1915,337.94974
Antigua and Barbuda,ATG,1916,345.52408
Antigua and Barbuda,ATG,1917,349.74527
Antigua and Barbuda,ATG,1918,406.9211
Antigua and Barbuda,ATG,1919,433.62796
Antigua and Barbuda,ATG,1920,4048.798
Antigua and Barbuda,ATG,1921,5762.619
Antigua and Barbuda,ATG,1922,6900.0083
Antigua and Barbuda,ATG,1923,7683.8076
Antigua and Barbuda,ATG,1924,8160.4067
Antigua and Barbuda,ATG,1925,8686.617
Antigua and Barbuda,ATG,1926,9163.596
Antigua and Barbuda,ATG,1927,9602.782
Antigua and Barbuda,ATG,1928,10029.206
Antigua and Barbuda,ATG,1929,10421.179
Antigua and Barbuda,ATG,1930,12644.377
Antigua and Barbuda,ATG,1931,13979.972
Antigua and Barbuda,ATG,1932,14902.498
Antigua and Barbuda,ATG,1933,15670.741
Antigua and Barbuda,ATG,1934,16269.692
Antigua and Barbuda,ATG,1935,16890.824
Antigua and Barbuda,ATG,1936,17403.87
Antigua and Barbuda,ATG,1937,17886.855
Antigua and Barbuda,ATG,1938,18424.867
Antigua and Barbuda,ATG,1939,18909.873
Antigua and Barbuda,ATG,1940,20267.654
Antigua and Barbuda,ATG,1941,21413.68
Antigua and Barbuda,ATG,1942,22486.33
Antigua and Barbuda,ATG,1943,23377.936
Antigua and Barbuda,ATG,1944,24339.775
Antigua and Barbuda,ATG,1945,25772.574
Antigua and Barbuda,ATG,1946,27320.604
Antigua and Barbuda,ATG,1947,28897.084
Antigua and Barbuda,ATG,1948,30470.426
Antigua and Barbuda,ATG,1949,32035.174
Antigua and Barbuda,ATG,1950,50325.7
Antigua and Barbuda,ATG,1951,59050.137
Antigua and Barbuda,ATG,1952,54255.965
Antigua and Barbuda,ATG,1953,55950.375
Antigua and Barbuda,ATG,1954,50763.164
Antigua and Barbuda,ATG,1955,60284.184
Antigua and Barbuda,ATG,1956,60496.066
Antigua and Barbuda,ATG,1957,57457.2
Antigua and Barbuda,ATG,1958,49109.957
Antigua and Barbuda,ATG,1959,-13228.66
Antigua and Barbuda,ATG,1960,-358.99716
Antigua and Barbuda,ATG,1961,-2757.173
Antigua and Barbuda,ATG,1962,56601.562
Antigua and Barbuda,ATG,1963,41447.273
Antigua and Barbuda,ATG,1964,37299.055
Antigua and Barbuda,ATG,1965,114879.04
Antigua and Barbuda,ATG,1966,320978.1
Antigua and Barbuda,ATG,1967,542810.8
Antigua and Barbuda,ATG,1968,974457.75
Antigua and Barbuda,ATG,1969,1251530.9
Antigua and Barbuda,ATG,1970,494042.75
Antigua and Barbuda,ATG,1971,437429.84
Antigua and Barbuda,ATG,1972,380742.9
Antigua and Barbuda,ATG,1973,335843.7
Antigua and Barbuda,ATG,1974,437114.22
Antigua and Barbuda,ATG,1975,719436.94
Antigua and Barbuda,ATG,1976,416855.47
Antigua and Barbuda,ATG,1977,483140.72
Antigua and Barbuda,ATG,1978,516473.4
Antigua and Barbuda,ATG,1979,442687.62
Antigua and Barbuda,ATG,1980,185052.2
Antigua and Barbuda,ATG,1981,149654.98
Antigua and Barbuda,ATG,1982,341521.88
Antigua and Barbuda,ATG,1983,118756.44
Antigua and Barbuda,ATG,1984,192078.52
Antigua and Barbuda,ATG,1985,301792.9
Antigua and Barbuda,ATG,1986,303561.78
Antigua and Barbuda,ATG,1987,331708.7
Antigua and Barbuda,ATG,1988,344232.28
Antigua and Barbuda,ATG,1989,341501.72
Antigua and Barbuda,ATG,1990,299159.12
Antigua and Barbuda,ATG,1991,308919.4
Antigua and Barbuda,ATG,1992,311350.22
Antigua and Barbuda,ATG,1993,321286.5
Antigua and Barbuda,ATG,1994,335501.7
Antigua and Barbuda,ATG,1995,341656.06
Antigua and Barbuda,ATG,1996,361649.44
Antigua and Barbuda,ATG,1997,386315.66
Antigua and Barbuda,ATG,1998,399655.1
Antigua and Barbuda,ATG,1999,423850.3
Antigua and Barbuda,ATG,2000,434215.8
Antigua and Barbuda,ATG,2001,450169.53
Antigua and Barbuda,ATG,2002,489156.53
Antigua and Barbuda,ATG,2003,513315.94
Antigua and Barbuda,ATG,2004,536356.7
Antigua and Barbuda,ATG,2005,566599.1
Antigua and Barbuda,ATG,2006,606328.25
Antigua and Barbuda,ATG,2007,627768.44
Antigua and Barbuda,ATG,2008,636296.4
Antigua and Barbuda,ATG,2009,648392.44
Antigua and Barbuda,ATG,2010,617691.06
Antigua and Barbuda,ATG,2011,612114.6
Antigua and Barbuda,ATG,2012,624971.6
Antigua and Barbuda,ATG,2013,631584.06
Antigua and Barbuda,ATG,2014,639839.3
Antigua and Barbuda,ATG,2015,653579.9
Antigua and Barbuda,ATG,2016,670411.1
Antigua and Barbuda,ATG,2017,682307.94
Antigua and Barbuda,ATG,2018,690377.75
Antigua and Barbuda,ATG,2019,714077.3
Antigua and Barbuda,ATG,2020,690551.5
Antigua and Barbuda,ATG,2021,709776.6
Antigua and Barbuda,ATG,2022,691385.1
Antigua and Barbuda,ATG,2023,717083.25
Argentina,ARG,1850,30305736
Argentina,ARG,1851,31369724
Argentina,ARG,1852,32276780
Argentina,ARG,1853,33218456
Argentina,ARG,1854,34165000
Argentina,ARG,1855,35071430
Argentina,ARG,1856,36086430
Argentina,ARG,1857,37083984
Argentina,ARG,1858,38102540
Argentina,ARG,1859,39014790
Argentina,ARG,1860,40301390
Argentina,ARG,1861,41283908
Argentina,ARG,1862,42055450
Argentina,ARG,1863,42637904
Argentina,ARG,1864,43082948
Argentina,ARG,1865,43575428
Argentina,ARG,1866,44241900
Argentina,ARG,1867,44893980
Argentina,ARG,1868,45775340
Argentina,ARG,1869,46778784
Argentina,ARG,1870,48455370
Argentina,ARG,1871,50145184
Argentina,ARG,1872,51988500
Argentina,ARG,1873,53869840
Argentina,ARG,1874,55945668
Argentina,ARG,1875,57870070
Argentina,ARG,1876,59861244
Argentina,ARG,1877,61638332
Argentina,ARG,1878,63424176
Argentina,ARG,1879,65022736
Argentina,ARG,1880,66482204
Argentina,ARG,1881,68082184
Argentina,ARG,1882,69591736
Argentina,ARG,1883,71094950
Argentina,ARG,1884,72717940
Argentina,ARG,1885,74203144
Argentina,ARG,1886,75719300
Argentina,ARG,1887,77642130
Argentina,ARG,1888,78992824
Argentina,ARG,1889,81323270
Argentina,ARG,1890,83708530
Argentina,ARG,1891,85976830
Argentina,ARG,1892,88862410
Argentina,ARG,1893,91088520
Argentina,ARG,1894,93777190
Argentina,ARG,1895,96512990
Argentina,ARG,1896,99001304
Argentina,ARG,1897,101503784
Argentina,ARG,1898,104225210
Argentina,ARG,1899,107330504
Argentina,ARG,1900,124156950
Argentina,ARG,1901,135743300
Argentina,ARG,1902,143889300
Argentina,ARG,1903,150277600
Argentina,ARG,1904,156389390
Argentina,ARG,1905,161577180
Argentina,ARG,1906,166739380
Argentina,ARG,1907,170031660
Argentina,ARG,1908,174596370
Argentina,ARG,1909,177044580
Argentina,ARG,1910,186373760
Argentina,ARG,1911,193370080
Argentina,ARG,1912,198481470
Argentina,ARG,1913,203832340
Argentina,ARG,1914,205934130
Argentina,ARG,1915,206311330
Argentina,ARG,1916,206491300
Argentina,ARG,1917,208127310
Argentina,ARG,1918,210057900
Argentina,ARG,1919,215254400
Argentina,ARG,1920,227963940
Argentina,ARG,1921,234488800
Argentina,ARG,1922,241124050
Argentina,ARG,1923,246345100
Argentina,ARG,1924,251733060
Argentina,ARG,1925,256560660
Argentina,ARG,1926,259382980
Argentina,ARG,1927,263437490
Argentina,ARG,1928,264873580
Argentina,ARG,1929,267221820
Argentina,ARG,1930,245264700
Argentina,ARG,1931,231726100
Argentina,ARG,1932,225496430
Argentina,ARG,1933,220249460
Argentina,ARG,1934,216917500
Argentina,ARG,1935,212799180
Argentina,ARG,1936,210173250
Argentina,ARG,1937,207612860
Argentina,ARG,1938,204891820
Argentina,ARG,1939,203468750
Argentina,ARG,1940,187736340
Argentina,ARG,1941,177138980
Argentina,ARG,1942,170565260
Argentina,ARG,1943,167510000
Argentina,ARG,1944,163539180
Argentina,ARG,1945,159714690
Argentina,ARG,1946,156144530
Argentina,ARG,1947,153599310
Argentina,ARG,1948,154016720
Argentina,ARG,1949,149574050
Argentina,ARG,1950,169067710
Argentina,ARG,1951,173825180
Argentina,ARG,1952,175627230
Argentina,ARG,1953,176995040
Argentina,ARG,1954,180918660
Argentina,ARG,1955,187167870
Argentina,ARG,1956,196017740
Argentina,ARG,1957,203572420
Argentina,ARG,1958,202936540
Argentina,ARG,1959,211273280
Argentina,ARG,1960,204545490
Argentina,ARG,1961,225583900
Argentina,ARG,1962,229330600
Argentina,ARG,1963,222975230
Argentina,ARG,1964,237776400
Argentina,ARG,1965,276238850
Argentina,ARG,1966,284320580
Argentina,ARG,1967,320203200
Argentina,ARG,1968,294982100
Argentina,ARG,1969,285759200
Argentina,ARG,1970,284622600
Argentina,ARG,1971,288532700
Argentina,ARG,1972,289247070
Argentina,ARG,1973,292611900
Argentina,ARG,1974,290202340
Argentina,ARG,1975,289226460
Argentina,ARG,1976,294325540
Argentina,ARG,1977,297392700
Argentina,ARG,1978,290101300
Argentina,ARG,1979,295620030
Argentina,ARG,1980,294759600
Argentina,ARG,1981,284573730
Argentina,ARG,1982,282868740
Argentina,ARG,1983,288463970
Argentina,ARG,1984,292389570
Argentina,ARG,1985,281289150
Argentina,ARG,1986,283786660
Argentina,ARG,1987,294797020
Argentina,ARG,1988,308004800
Argentina,ARG,1989,309019260
Argentina,ARG,1990,312333980
Argentina,ARG,1991,346003840
Argentina,ARG,1992,342418700
Argentina,ARG,1993,335297250
Argentina,ARG,1994,337788580
Argentina,ARG,1995,347306050
Argentina,ARG,1996,350827970
Argentina,ARG,1997,358377600
Argentina,ARG,1998,360215040
Argentina,ARG,1999,375175650
Argentina,ARG,2000,376635360
Argentina,ARG,2001,375234980
Argentina,ARG,2002,438217600
Argentina,ARG,2003,496371460
Argentina,ARG,2004,548136700
Argentina,ARG,2005,561961500
Argentina,ARG,2006,578215740
Argentina,ARG,2007,509561060
Argentina,ARG,2008,489573300
Argentina,ARG,2009,581036000
Argentina,ARG,2010,532046240
Argentina,ARG,2011,530075900
Argentina,ARG,2012,492679100
Argentina,ARG,2013,465764700
Argentina,ARG,2014,484720500
Argentina,ARG,2015,451466560
Argentina,ARG,2016,443719580
Argentina,ARG,2017,421576700
Argentina,ARG,2018,418329300
Argentina,ARG,2019,436947200
Argentina,ARG,2020,396198750
Argentina,ARG,2021,416623940
Argentina,ARG,2022,433365570
Argentina,ARG,2023,422011420
Armenia,ARM,1850,955062
Armenia,ARM,1851,948977.25
Armenia,ARM,1852,944808.6
Armenia,ARM,1853,941906.3
Armenia,ARM,1854,939779.3
Armenia,ARM,1855,938829.4
Armenia,ARM,1856,936684.44
Armenia,ARM,1857,935605
Armenia,ARM,1858,935711.56
Armenia,ARM,1859,936235.2
Armenia,ARM,1860,930503.6
Armenia,ARM,1861,929333.3
Armenia,ARM,1862,928378.4
Armenia,ARM,1863,928728.44
Armenia,ARM,1864,929676.44
Armenia,ARM,1865,929186.8
Armenia,ARM,1866,933191.75
Armenia,ARM,1867,934032
Armenia,ARM,1868,932951.44
Armenia,ARM,1869,935216.6
Armenia,ARM,1870,917590.1
Armenia,ARM,1871,914514.75
Armenia,ARM,1872,913535.75
Armenia,ARM,1873,914196.9
Armenia,ARM,1874,919421.3
Armenia,ARM,1875,925339.75
Armenia,ARM,1876,933383.4
Armenia,ARM,1877,938265
Armenia,ARM,1878,948601.44
Armenia,ARM,1879,953115.25
Armenia,ARM,1880,953965.3
Armenia,ARM,1881,954668.94
Armenia,ARM,1882,956257.7
Armenia,ARM,1883,961696.7
Armenia,ARM,1884,963431
Armenia,ARM,1885,968526.7
Armenia,ARM,1886,971434.75
Armenia,ARM,1887,975223.5
Armenia,ARM,1888,978527.7
Armenia,ARM,1889,984029.4
Armenia,ARM,1890,963167.9
Armenia,ARM,1891,957918.6
Armenia,ARM,1892,955931.25
Armenia,ARM,1893,964271.6
Armenia,ARM,1894,963518.4
Armenia,ARM,1895,974935.9
Armenia,ARM,1896,976391.6
Armenia,ARM,1897,992021.7
Armenia,ARM,1898,1005471.1
Armenia,ARM,1899,1025675.94
Armenia,ARM,1900,1025299.5
Armenia,ARM,1901,1023457.7
Armenia,ARM,1902,1009363.7
Armenia,ARM,1903,1001262.5
Armenia,ARM,1904,1014666.56
Armenia,ARM,1905,993741.06
Armenia,ARM,1906,1015541
Armenia,ARM,1907,1034616
Armenia,ARM,1908,1035942.56
Armenia,ARM,1909,1052018.8
Armenia,ARM,1910,1045408.3
Armenia,ARM,1911,1046339.3
Armenia,ARM,1912,1080811.9
Armenia,ARM,1913,1104698.4
Armenia,ARM,1914,1084578
Armenia,ARM,1915,1071395.2
Armenia,ARM,1916,1092827.2
Armenia,ARM,1917,1081683.6
Armenia,ARM,1918,953426.44
Armenia,ARM,1919,946082.7
Armenia,ARM,1920,926149.6
Armenia,ARM,1921,923825.44
Armenia,ARM,1922,934615.2
Armenia,ARM,1923,936978.8
Armenia,ARM,1924,949501.8
Armenia,ARM,1925,938268.94
Armenia,ARM,1926,951075.4
Armenia,ARM,1927,985928.25
Armenia,ARM,1928,999955.3
Armenia,ARM,1929,1012101.6
Armenia,ARM,1930,1749563
Armenia,ARM,1931,2105161.2
Armenia,ARM,1932,2363942.8
Armenia,ARM,1933,2586521.8
Armenia,ARM,1934,2845092.5
Armenia,ARM,1935,3067059
Armenia,ARM,1936,3296758.8
Armenia,ARM,1937,3435302.5
Armenia,ARM,1938,3586612.8
Armenia,ARM,1939,3692293.5
Armenia,ARM,1940,3227516.8
Armenia,ARM,1941,2817982
Armenia,ARM,1942,2195815.2
Armenia,ARM,1943,2059324.8
Armenia,ARM,1944,2166526.8
Armenia,ARM,1945,2075332.1
Armenia,ARM,1946,2063722.8
Armenia,ARM,1947,2151962.5
Armenia,ARM,1948,2129502
Armenia,ARM,1949,2211657.8
Armenia,ARM,1950,2467488.5
Armenia,ARM,1951,2736278.5
Armenia,ARM,1952,3052448.2
Armenia,ARM,1953,3286507.2
Armenia,ARM,1954,3619049.8
Armenia,ARM,1955,4041267.5
Armenia,ARM,1956,4368009.5
Armenia,ARM,1957,4663159
Armenia,ARM,1958,4813191
Armenia,ARM,1959,4698381.5
Armenia,ARM,1960,4659173.5
Armenia,ARM,1961,5227017
Armenia,ARM,1962,5153096.5
Armenia,ARM,1963,5385222
Armenia,ARM,1964,5532516.5
Armenia,ARM,1965,5728015
Armenia,ARM,1966,5996043.5
Armenia,ARM,1967,6247072.5
Armenia,ARM,1968,6447831.5
Armenia,ARM,1969,6601905
Armenia,ARM,1970,7106468
Armenia,ARM,1971,7373090.5
Armenia,ARM,1972,7687697.5
Armenia,ARM,1973,8032385
Armenia,ARM,1974,8303262
Armenia,ARM,1975,8719649
Armenia,ARM,1976,9032655
Armenia,ARM,1977,9256651
Armenia,ARM,1978,9588249
Armenia,ARM,1979,9682042
Armenia,ARM,1980,10251518
Armenia,ARM,1981,10013452
Armenia,ARM,1982,10201759
Armenia,ARM,1983,10381461
Armenia,ARM,1984,10512052
Armenia,ARM,1985,11191527
Armenia,ARM,1986,10836694
Armenia,ARM,1987,10872461
Armenia,ARM,1988,11985168
Armenia,ARM,1989,12055015
Armenia,ARM,1990,11816615
Armenia,ARM,1991,9954224
Armenia,ARM,1992,8277106
Armenia,ARM,1993,5003025.5
Armenia,ARM,1994,5622006.5
Armenia,ARM,1995,6740007.5
Armenia,ARM,1996,5303521
Armenia,ARM,1997,5826989.5
Armenia,ARM,1998,5678697.5
Armenia,ARM,1999,5280975.5
Armenia,ARM,2000,5805879.5
Armenia,ARM,2001,6537962.5
Armenia,ARM,2002,6457813.5
Armenia,ARM,2003,7115407
Armenia,ARM,2004,8593424
Armenia,ARM,2005,10778420
Armenia,ARM,2006,9105386
Armenia,ARM,2007,9043678
Armenia,ARM,2008,9281454
Armenia,ARM,2009,7932443
Armenia,ARM,2010,7539694
Armenia,ARM,2011,8122854
Armenia,ARM,2012,9138900
Armenia,ARM,2013,8897484
Armenia,ARM,2014,8780562
Armenia,ARM,2015,8801828
Armenia,ARM,2016,8960947
Armenia,ARM,2017,8790452
Armenia,ARM,2018,8868535
Armenia,ARM,2019,9259884
Armenia,ARM,2020,9746995
Armenia,ARM,2021,10392725
Armenia,ARM,2022,10135704
Armenia,ARM,2023,10587204
Asia,,1850,1306656300
Asia,,1851,1312169100
Asia,,1852,1313358500
Asia,,1853,1368865900
Asia,,1854,1337135700
Asia,,1855,1343196400
Asia,,1856,1328830600
Asia,,1857,1330526600
Asia,,1858,1317411500
Asia,,1859,1332233000
Asia,,1860,1337659600
Asia,,1861,1291055500
Asia,,1862,1312664400
Asia,,1863,1295114900
Asia,,1864,1240492300
Asia,,1865,1230708900
Asia,,1866,1232201700
Asia,,1867,1230727800
Asia,,1868,1216178400
Asia,,1869,1216531100
Asia,,1870,1183675900
Asia,,1871,1236535800
Asia,,1872,1240770300
Asia,,1873,1210172000
Asia,,1874,1244513400
Asia,,1875,1258374400
Asia,,1876,1290456000
Asia,,1877,1235095000
Asia,,1878,1266835200
Asia,,1879,1284242700
Asia,,1880,1312600300
Asia,,1881,1390228900
Asia,,1882,1412911500
Asia,,1883,1417371100
Asia,,1884,1439390000
Asia,,1885,1431481100
Asia,,1886,1455092100
Asia,,1887,1483675500
Asia,,1888,1469488400
Asia,,1889,1511518300
Asia,,1890,1593881000
Asia,,1891,1670607000
Asia,,1892,1673507700
Asia,,1893,1678017300
Asia,,1894,1719206900
Asia,,1895,1723571800
Asia,,1896,1757934200
Asia,,1897,1811909800
Asia,,1898,1789070800
Asia,,1899,1830116100
Asia,,1900,1823683300
Asia,,1901,1904267100
Asia,,1902,1930382000
Asia,,1903,1955384000
Asia,,1904,1968862700
Asia,,1905,2001288100
Asia,,1906,2038557400
Asia,,1907,2077345400
Asia,,1908,2095177900
Asia,,1909,2110665500
Asia,,1910,2116345300
Asia,,1911,2225072600
Asia,,1912,2230862000
Asia,,1913,2244696300
Asia,,1914,2321243400
Asia,,1915,2319582200
Asia,,1916,2311396000
Asia,,1917,2376868600
Asia,,1918,2419673900
Asia,,1919,2388494000
Asia,,1920,2386404000
Asia,,1921,2404333300
Asia,,1922,2381934300
Asia,,1923,2454796500
Asia,,1924,2453741000
Asia,,1925,2466804200
Asia,,1926,2477187600
Asia,,1927,2496793300
Asia,,1928,2528530200
Asia,,1929,2569608200
Asia,,1930,2658000600
Asia,,1931,2670498300
Asia,,1932,2722515200
Asia,,1933,2814095400
Asia,,1934,2880202500
Asia,,1935,2917960000
Asia,,1936,2952377600
Asia,,1937,3067777800
Asia,,1938,3113457400
Asia,,1939,3175174000
Asia,,1940,3300379600
Asia,,1941,3370706400
Asia,,1942,3404546000
Asia,,1943,3446839000
Asia,,1944,3487370200
Asia,,1945,3428714800
Asia,,1946,3530108700
Asia,,1947,3608478000
Asia,,1948,3610524000
Asia,,1949,3675575000
Asia,,1950,4064710000
Asia,,1951,4382759400
Asia,,1952,4351273500
Asia,,1953,4433263600
Asia,,1954,4766381600
Asia,,1955,4947365000
Asia,,1956,5023101400
Asia,,1957,5219516400
Asia,,1958,5524093000
Asia,,1959,5894563000
Asia,,1960,5599392000
Asia,,1961,5796513300
Asia,,1962,5765758000
Asia,,1963,5912595000
Asia,,1964,5909349400
Asia,,1965,6162010600
Asia,,1966,6277878300
Asia,,1967,6100229000
Asia,,1968,6364178400
Asia,,1969,7585297000
Asia,,1970,7636500000
Asia,,1971,7745402400
Asia,,1972,8412829000
Asia,,1973,8635139000
Asia,,1974,8604071000
Asia,,1975,8764236000
Asia,,1976,8889574000
Asia,,1977,9550536000
Asia,,1978,9890712000
Asia,,1979,9544539000
Asia,,1980,9480625000
Asia,,1981,9389450000
Asia,,1982,9453668000
Asia,,1983,9765887000
Asia,,1984,10684775000
Asia,,1985,11003633000
Asia,,1986,11696449000
Asia,,1987,11758195000
Asia,,1988,12247008000
Asia,,1989,12444812000
Asia,,1990,12460367000
Asia,,1991,13137570000
Asia,,1992,13196210000
Asia,,1993,13375746000
Asia,,1994,14050763000
Asia,,1995,14345669000
Asia,,1996,14950071000
Asia,,1997,16711536000
Asia,,1998,14881264000
Asia,,1999,15374811000
Asia,,2000,15433871000
Asia,,2001,15416636000
Asia,,2002,16106945000
Asia,,2003,17007408000
Asia,,2004,17903356000
Asia,,2005,18828330000
Asia,,2006,20399997000
Asia,,2007,20662587000
Asia,,2008,21550270000
Asia,,2009,22523722000
Asia,,2010,23679588000
Asia,,2011,25239441000
Asia,,2012,25945060000
Asia,,2013,26124464000
Asia,,2014,26849171000
Asia,,2015,27212024000
Asia,,2016,26433534000
Asia,,2017,26914662000
Asia,,2018,27544097000
Asia,,2019,28260096000
Asia,,2020,27640480000
Asia,,2021,28700008000
Asia,,2022,29060858000
Asia,,2023,29987090000
Asia (excl. China and India),,1850,525551940
Asia (excl. China and India),,1851,561393400
Asia (excl. China and India),,1852,588923970
Asia (excl. China and India),,1853,638469300
Asia (excl. China and India),,1854,632553700
Asia (excl. China and India),,1855,643710500
Asia (excl. China and India),,1856,637285570
Asia (excl. China and India),,1857,651378370
Asia (excl. China and India),,1858,633442500
Asia (excl. China and India),,1859,659628740
Asia (excl. China and India),,1860,678497540
Asia (excl. China and India),,1861,657032300
Asia (excl. China and India),,1862,693249860
Asia (excl. China and India),,1863,678896400
Asia (excl. China and India),,1864,646342660
Asia (excl. China and India),,1865,652507500
Asia (excl. China and India),,1866,661894340
Asia (excl. China and India),,1867,675672960
Asia (excl. China and India),,1868,672248300
Asia (excl. China and India),,1869,683505150
Asia (excl. China and India),,1870,653717250
Asia (excl. China and India),,1871,694097200
Asia (excl. China and India),,1872,704157060
Asia (excl. China and India),,1873,680719900
Asia (excl. China and India),,1874,705271400
Asia (excl. China and India),,1875,720007900
Asia (excl. China and India),,1876,741035600
Asia (excl. China and India),,1877,680810560
Asia (excl. China and India),,1878,703602800
Asia (excl. China and India),,1879,724980400
Asia (excl. China and India),,1880,730479170
Asia (excl. China and India),,1881,786797900
Asia (excl. China and India),,1882,807655740
Asia (excl. China and India),,1883,808077900
Asia (excl. China and India),,1884,810976200
Asia (excl. China and India),,1885,815559230
Asia (excl. China and India),,1886,830167300
Asia (excl. China and India),,1887,833904300
Asia (excl. China and India),,1888,822944100
Asia (excl. China and India),,1889,856175400
Asia (excl. China and India),,1890,909954500
Asia (excl. China and India),,1891,985330000
Asia (excl. China and India),,1892,977004100
Asia (excl. China and India),,1893,989787970
Asia (excl. China and India),,1894,1023012400
Asia (excl. China and India),,1895,1013042900
Asia (excl. China and India),,1896,1038285500
Asia (excl. China and India),,1897,1084803300
Asia (excl. China and India),,1898,1056154430
Asia (excl. China and India),,1899,1092417900
Asia (excl. China and India),,1900,1067172900
Asia (excl. China and India),,1901,1130689500
Asia (excl. China and India),,1902,1140348500
Asia (excl. China and India),,1903,1148188900
Asia (excl. China and India),,1904,1165940700
Asia (excl. China and India),,1905,1195150100
Asia (excl. China and India),,1906,1217217300
Asia (excl. China and India),,1907,1228990500
Asia (excl. China and India),,1908,1233585400
Asia (excl. China and India),,1909,1248465400
Asia (excl. China and India),,1910,1226531000
Asia (excl. China and India),,1911,1309336700
Asia (excl. China and India),,1912,1313282600
Asia (excl. China and India),,1913,1295199400
Asia (excl. China and India),,1914,1350134400
Asia (excl. China and India),,1915,1344377700
Asia (excl. China and India),,1916,1325418100
Asia (excl. China and India),,1917,1369222500
Asia (excl. China and India),,1918,1392427000
Asia (excl. China and India),,1919,1359138300
Asia (excl. China and India),,1920,1316095100
Asia (excl. China and India),,1921,1302169700
Asia (excl. China and India),,1922,1265995900
Asia (excl. China and India),,1923,1310154100
Asia (excl. China and India),,1924,1303164300
Asia (excl. China and India),,1925,1301259000
Asia (excl. China and India),,1926,1300496500
Asia (excl. China and India),,1927,1312213600
Asia (excl. China and India),,1928,1328831200
Asia (excl. China and India),,1929,1362488700
Asia (excl. China and India),,1930,1417209500
Asia (excl. China and India),,1931,1406794900
Asia (excl. China and India),,1932,1428309100
Asia (excl. China and India),,1933,1485616400
Asia (excl. China and India),,1934,1516673900
Asia (excl. China and India),,1935,1527328800
Asia (excl. China and India),,1936,1540164100
Asia (excl. China and India),,1937,1624973700
Asia (excl. China and India),,1938,1661295000
Asia (excl. China and India),,1939,1678364700
Asia (excl. China and India),,1940,1734469000
Asia (excl. China and India),,1941,1752120300
Asia (excl. China and India),,1942,1740482600
Asia (excl. China and India),,1943,1779998500
Asia (excl. China and India),,1944,1793668500
Asia (excl. China and India),,1945,1758774000
Asia (excl. China and India),,1946,1851552500
Asia (excl. China and India),,1947,1918810100
Asia (excl. China and India),,1948,1926927900
Asia (excl. China and India),,1949,1945771500
Asia (excl. China and India),,1950,2045626400
Asia (excl. China and India),,1951,2145956900
Asia (excl. China and India),,1952,2269915400
Asia (excl. China and India),,1953,2381746000
Asia (excl. China and India),,1954,2515253500
Asia (excl. China and India),,1955,2683719700
Asia (excl. China and India),,1956,2817841000
Asia (excl. China and India),,1957,2975009300
Asia (excl. China and India),,1958,3111380000
Asia (excl. China and India),,1959,3220291000
Asia (excl. China and India),,1960,3034212600
Asia (excl. China and India),,1961,3091064000
Asia (excl. China and India),,1962,3254406400
Asia (excl. China and India),,1963,3336634400
Asia (excl. China and India),,1964,3386337300
Asia (excl. China and India),,1965,3398107600
Asia (excl. China and India),,1966,3551431200
Asia (excl. China and India),,1967,3621406500
Asia (excl. China and India),,1968,3800540400
Asia (excl. China and India),,1969,4443959000
Asia (excl. China and India),,1970,4424696300
Asia (excl. China and India),,1971,4639216000
Asia (excl. China and India),,1972,4754831000
Asia (excl. China and India),,1973,5002253300
Asia (excl. China and India),,1974,4955145000
Asia (excl. China and India),,1975,4999413000
Asia (excl. China and India),,1976,5182485000
Asia (excl. China and India),,1977,5239957000
Asia (excl. China and India),,1978,5306939400
Asia (excl. China and India),,1979,5352879000
Asia (excl. China and India),,1980,5289850000
Asia (excl. China and India),,1981,5200878000
Asia (excl. China and India),,1982,5145875500
Asia (excl. China and India),,1983,5226785000
Asia (excl. China and India),,1984,6009374700
Asia (excl. China and India),,1985,6178382000
Asia (excl. China and India),,1986,6671604000
Asia (excl. China and India),,1987,6555981000
Asia (excl. China and India),,1988,6720824300
Asia (excl. China and India),,1989,6780430000
Asia (excl. China and India),,1990,6722943500
Asia (excl. China and India),,1991,7261307000
Asia (excl. China and India),,1992,7119187000
Asia (excl. China and India),,1993,7131872000
Asia (excl. China and India),,1994,7467055000
Asia (excl. China and India),,1995,7448614400
Asia (excl. China and India),,1996,7775758300
Asia (excl. China and India),,1997,9551894000
Asia (excl. China and India),,1998,7829815000
Asia (excl. China and India),,1999,8082223000
Asia (excl. China and India),,2000,8110170600
Asia (excl. China and India),,2001,8080955000
Asia (excl. China and India),,2002,8422740500
Asia (excl. China and India),,2003,8465686000
Asia (excl. China and India),,2004,8796631000
Asia (excl. China and India),,2005,8916988000
Asia (excl. China and India),,2006,9685224000
Asia (excl. China and India),,2007,9283902000
Asia (excl. China and India),,2008,9483266000
Asia (excl. China and India),,2009,9927902000
Asia (excl. China and India),,2010,10239902000
Asia (excl. China and India),,2011,10683540000
Asia (excl. China and India),,2012,11007989000
Asia (excl. China and India),,2013,11010840000
Asia (excl. China and India),,2014,11599751000
Asia (excl. China and India),,2015,11953786000
Asia (excl. China and India),,2016,11324222000
Asia (excl. China and India),,2017,11492204000
Asia (excl. China and India),,2018,11582235000
Asia (excl. China and India),,2019,11953302000
Asia (excl. China and India),,2020,11283470000
Asia (excl. China and India),,2021,11491193000
Asia (excl. China and India),,2022,11703791000
Asia (excl. China and India),,2023,11821727000
Australia,AUS,1850,46863616
Australia,AUS,1851,49066356
Australia,AUS,1852,43964440
Australia,AUS,1853,48899996
Australia,AUS,1854,49745904
Australia,AUS,1855,51328456
Australia,AUS,1856,46280910
Australia,AUS,1857,54644156
Australia,AUS,1858,55064436
Australia,AUS,1859,51972508
Australia,AUS,1860,57575504
Australia,AUS,1861,58738980
Australia,AUS,1862,59837628
Australia,AUS,1863,62808404
Australia,AUS,1864,63208636
Australia,AUS,1865,68282700
Australia,AUS,1866,68772020
Australia,AUS,1867,71448330
Australia,AUS,1868,72800296
Australia,AUS,1869,77350950
Australia,AUS,1870,79431656
Australia,AUS,1871,78233496
Australia,AUS,1872,85651100
Australia,AUS,1873,87430040
Australia,AUS,1874,89831830
Australia,AUS,1875,94850390
Australia,AUS,1876,86517080
Australia,AUS,1877,94268030
Australia,AUS,1878,94573820
Australia,AUS,1879,100238940
Australia,AUS,1880,96621220
Australia,AUS,1881,98874376
Australia,AUS,1882,97154690
Australia,AUS,1883,100818280
Australia,AUS,1884,103705710
Australia,AUS,1885,101317110
Australia,AUS,1886,100505650
Australia,AUS,1887,105744616
Australia,AUS,1888,104665250
Australia,AUS,1889,101564330
Australia,AUS,1890,113395176
Australia,AUS,1891,116258050
Australia,AUS,1892,117653680
Australia,AUS,1893,118081220
Australia,AUS,1894,118182880
Australia,AUS,1895,120975960
Australia,AUS,1896,116953780
Australia,AUS,1897,126754904
Australia,AUS,1898,122709650
Australia,AUS,1899,124533064
Australia,AUS,1900,129941480
Australia,AUS,1901,131070250
Australia,AUS,1902,125675620
Australia,AUS,1903,132915340
Australia,AUS,1904,140189600
Australia,AUS,1905,139591680
Australia,AUS,1906,140883890
Australia,AUS,1907,144722460
Australia,AUS,1908,145018720
Australia,AUS,1909,140717380
Australia,AUS,1910,149575230
Australia,AUS,1911,147396830
Australia,AUS,1912,151353220
Australia,AUS,1913,154959580
Australia,AUS,1914,153576340
Australia,AUS,1915,153048720
Australia,AUS,1916,147627550
Australia,AUS,1917,151542480
Australia,AUS,1918,155853700
Australia,AUS,1919,151293760
Australia,AUS,1920,183604690
Australia,AUS,1921,187912860
Australia,AUS,1922,201922530
Australia,AUS,1923,202968820
Australia,AUS,1924,207827840
Australia,AUS,1925,207914130
Australia,AUS,1926,211356300
Australia,AUS,1927,217110110
Australia,AUS,1928,213403870
Australia,AUS,1929,211353950
Australia,AUS,1930,184910510
Australia,AUS,1931,168368030
Australia,AUS,1932,167122720
Australia,AUS,1933,161995020
Australia,AUS,1934,164226460
Australia,AUS,1935,161608200
Australia,AUS,1936,163201180
Australia,AUS,1937,168477710
Australia,AUS,1938,164571540
Australia,AUS,1939,170882270
Australia,AUS,1940,167802740
Australia,AUS,1941,178003940
Australia,AUS,1942,183472160
Australia,AUS,1943,187877170
Australia,AUS,1944,188707840
Australia,AUS,1945,190336960
Australia,AUS,1946,199855460
Australia,AUS,1947,208858500
Australia,AUS,1948,216123230
Australia,AUS,1949,221557300
Australia,AUS,1950,260164060
Australia,AUS,1951,279057570
Australia,AUS,1952,294433020
Australia,AUS,1953,299875100
Australia,AUS,1954,313091400
Australia,AUS,1955,324497280
Australia,AUS,1956,338726400
Australia,AUS,1957,344709920
Australia,AUS,1958,355122980
Australia,AUS,1959,372010020
Australia,AUS,1960,360821300
Australia,AUS,1961,381413760
Australia,AUS,1962,355727460
Australia,AUS,1963,393192500
Australia,AUS,1964,420682080
Australia,AUS,1965,451904130
Australia,AUS,1966,428849820
Australia,AUS,1967,552306200
Australia,AUS,1968,443974300
Australia,AUS,1969,419512800
Australia,AUS,1970,392568700
Australia,AUS,1971,394612060
Australia,AUS,1972,399537950
Australia,AUS,1973,400731840
Australia,AUS,1974,395246850
Australia,AUS,1975,451337120
Australia,AUS,1976,472007170
Australia,AUS,1977,532306460
Australia,AUS,1978,490103400
Australia,AUS,1979,513009440
Australia,AUS,1980,526374800
Australia,AUS,1981,519801060
Australia,AUS,1982,516553100
Australia,AUS,1983,558090900
Australia,AUS,1984,508081380
Australia,AUS,1985,530586700
Australia,AUS,1986,480433340
Australia,AUS,1987,452440770
Australia,AUS,1988,454039550
Australia,AUS,1989,479129060
Australia,AUS,1990,532292200
Australia,AUS,1991,513690560
Australia,AUS,1992,557035260
Australia,AUS,1993,566656200
Australia,AUS,1994,557506370
Australia,AUS,1995,645679700
Australia,AUS,1996,649000800
Australia,AUS,1997,629576600
Australia,AUS,1998,680272640
Australia,AUS,1999,696619200
Australia,AUS,2000,745010100
Australia,AUS,2001,726141760
Australia,AUS,2002,694025860
Australia,AUS,2003,702677570
Australia,AUS,2004,735503600
Australia,AUS,2005,632908700
Australia,AUS,2006,664151800
Australia,AUS,2007,693953540
Australia,AUS,2008,753942600
Australia,AUS,2009,693024640
Australia,AUS,2010,857473800
Australia,AUS,2011,827466800
Australia,AUS,2012,780430300
Australia,AUS,2013,676871500
Australia,AUS,2014,660794750
Australia,AUS,2015,635949900
Australia,AUS,2016,654491140
Australia,AUS,2017,685722100
Australia,AUS,2018,662326500
Australia,AUS,2019,627437600
Australia,AUS,2020,608283500
Australia,AUS,2021,609462800
Australia,AUS,2022,605939000
Australia,AUS,2023,580987500
Austria,AUT,1850,8250350.5
Austria,AUT,1851,8212694.5
Austria,AUT,1852,8606148
Austria,AUT,1853,8919951
Austria,AUT,1854,8781558
Austria,AUT,1855,9172160
Austria,AUT,1856,9771366
Austria,AUT,1857,10400413
Austria,AUT,1858,12812490
Austria,AUT,1859,11342120
Austria,AUT,1860,11815407
Austria,AUT,1861,12057432
Austria,AUT,1862,12060623
Austria,AUT,1863,11571135
Austria,AUT,1864,10896905
Austria,AUT,1865,11207431
Austria,AUT,1866,9426011
Austria,AUT,1867,11077098
Austria,AUT,1868,12067224
Austria,AUT,1869,12630298
Austria,AUT,1870,13303036
Austria,AUT,1871,16445903
Austria,AUT,1872,16264883
Austria,AUT,1873,17071698
Austria,AUT,1874,15483809
Austria,AUT,1875,14401252
Austria,AUT,1876,14603792
Austria,AUT,1877,13926996
Austria,AUT,1878,13910217
Austria,AUT,1879,15535541
Austria,AUT,1880,30503196
Austria,AUT,1881,17135312
Austria,AUT,1882,17508492
Austria,AUT,1883,18619734
Austria,AUT,1884,18428024
Austria,AUT,1885,19049180
Austria,AUT,1886,18483604
Austria,AUT,1887,19475510
Austria,AUT,1888,19262400
Austria,AUT,1889,20331064
Austria,AUT,1890,20637030
Austria,AUT,1891,22880780
Austria,AUT,1892,22634096
Austria,AUT,1893,26090230
Austria,AUT,1894,26654690
Austria,AUT,1895,29052906
Austria,AUT,1896,30043874
Austria,AUT,1897,32056346
Austria,AUT,1898,33669108
Austria,AUT,1899,33965064
Austria,AUT,1900,37280304
Austria,AUT,1901,38079250
Austria,AUT,1902,35606052
Austria,AUT,1903,35591800
Austria,AUT,1904,37144450
Austria,AUT,1905,38661324
Austria,AUT,1906,44341744
Austria,AUT,1907,52871276
Austria,AUT,1908,70391240
Austria,AUT,1909,53938204
Austria,AUT,1910,67860170
Austria,AUT,1911,57744604
Austria,AUT,1912,59917148
Austria,AUT,1913,68828760
Austria,AUT,1914,57118190
Austria,AUT,1915,42409904
Austria,AUT,1916,15459440
Austria,AUT,1917,9590828
Austria,AUT,1918,8939172
Austria,AUT,1919,8292426
Austria,AUT,1920,19563844
Austria,AUT,1921,24294210
Austria,AUT,1922,23479548
Austria,AUT,1923,22426854
Austria,AUT,1924,24686230
Austria,AUT,1925,23338096
Austria,AUT,1926,22774684
Austria,AUT,1927,24239470
Austria,AUT,1928,25217990
Austria,AUT,1929,28303112
Austria,AUT,1930,22451130
Austria,AUT,1931,21702402
Austria,AUT,1932,18428028
Austria,AUT,1933,17412426
Austria,AUT,1934,16446011
Austria,AUT,1935,16639452
Austria,AUT,1936,16114593
Austria,AUT,1937,17777352
Austria,AUT,1938,8252561
Austria,AUT,1939,8681120
Austria,AUT,1940,10049270
Austria,AUT,1941,10786439
Austria,AUT,1942,11627304
Austria,AUT,1943,12790287
Austria,AUT,1944,12980967
Austria,AUT,1945,8521824
Austria,AUT,1946,17177736
Austria,AUT,1947,22585840
Austria,AUT,1948,29848246
Austria,AUT,1949,32410216
Austria,AUT,1950,26728524
Austria,AUT,1951,29168024
Austria,AUT,1952,28419986
Austria,AUT,1953,28260694
Austria,AUT,1954,31516810
Austria,AUT,1955,36583492
Austria,AUT,1956,36274130
Austria,AUT,1957,37475084
Austria,AUT,1958,36873540
Austria,AUT,1959,37633160
Austria,AUT,1960,41115444
Austria,AUT,1961,42375970
Austria,AUT,1962,45049284
Austria,AUT,1963,48517344
Austria,AUT,1964,50457790
Austria,AUT,1965,49879364
Austria,AUT,1966,51363750
Austria,AUT,1967,52876660
Austria,AUT,1968,55968068
Austria,AUT,1969,59092224
Austria,AUT,1970,64633096
Austria,AUT,1971,66693700
Austria,AUT,1972,70076936
Austria,AUT,1973,74380510
Austria,AUT,1974,71560170
Austria,AUT,1975,68201570
Austria,AUT,1976,73040270
Austria,AUT,1977,70953416
Austria,AUT,1978,71932740
Austria,AUT,1979,77040504
Austria,AUT,1980,66771370
Austria,AUT,1981,70201950
Austria,AUT,1982,67635060
Austria,AUT,1983,65588316
Austria,AUT,1984,68714370
Austria,AUT,1985,68726480
Austria,AUT,1986,68159736
Austria,AUT,1987,71300810
Austria,AUT,1988,67643980
Austria,AUT,1989,67869660
Austria,AUT,1990,76185010
Austria,AUT,1991,80108460
Austria,AUT,1992,73299540
Austria,AUT,1993,73378630
Austria,AUT,1994,73262130
Austria,AUT,1995,75725590
Austria,AUT,1996,79158250
Austria,AUT,1997,79395220
Austria,AUT,1998,79504490
Austria,AUT,1999,77358100
Austria,AUT,2000,76663660
Austria,AUT,2001,80561890
Austria,AUT,2002,82308320
Austria,AUT,2003,89567384
Austria,AUT,2004,87857920
Austria,AUT,2005,89018130
Austria,AUT,2006,87042910
Austria,AUT,2007,84846296
Austria,AUT,2008,84613310
Austria,AUT,2009,77505320
Austria,AUT,2010,82282090
Austria,AUT,2011,80098920
Austria,AUT,2012,77206460
Austria,AUT,2013,78081944
Austria,AUT,2014,73861064
Austria,AUT,2015,75462370
Austria,AUT,2016,76328810
Austria,AUT,2017,78939010
Austria,AUT,2018,76058420
Austria,AUT,2019,77420050
Austria,AUT,2020,71566980
Austria,AUT,2021,75382820
Austria,AUT,2022,70781704
Austria,AUT,2023,67949420
Azerbaijan,AZE,1850,3453228
Azerbaijan,AZE,1851,3438870.2
Azerbaijan,AZE,1852,3429868
Azerbaijan,AZE,1853,3424286.8
Azerbaijan,AZE,1854,3421510.5
Azerbaijan,AZE,1855,3429091.5
Azerbaijan,AZE,1856,3423440.8
Azerbaijan,AZE,1857,3427639.8
Azerbaijan,AZE,1858,3429011.8
Azerbaijan,AZE,1859,3418634.8
Azerbaijan,AZE,1860,3451300.8
Azerbaijan,AZE,1861,3466249.8
Azerbaijan,AZE,1862,3473980.2
Azerbaijan,AZE,1863,3480172.2
Azerbaijan,AZE,1864,3493760.2
Azerbaijan,AZE,1865,3504001.2
Azerbaijan,AZE,1866,3539902.8
Azerbaijan,AZE,1867,3553835.8
Azerbaijan,AZE,1868,3557987
Azerbaijan,AZE,1869,3580562.2
Azerbaijan,AZE,1870,3603174.8
Azerbaijan,AZE,1871,3622354.5
Azerbaijan,AZE,1872,3634965.8
Azerbaijan,AZE,1873,3651303.2
Azerbaijan,AZE,1874,3687789.5
Azerbaijan,AZE,1875,3727914.8
Azerbaijan,AZE,1876,3772746.5
Azerbaijan,AZE,1877,3803829.2
Azerbaijan,AZE,1878,3862942.2
Azerbaijan,AZE,1879,3895394.2
Azerbaijan,AZE,1880,3952671.2
Azerbaijan,AZE,1881,3981810
Azerbaijan,AZE,1882,4003365.2
Azerbaijan,AZE,1883,4050709
Azerbaijan,AZE,1884,4069695.8
Azerbaijan,AZE,1885,4107227
Azerbaijan,AZE,1886,4126588.8
Azerbaijan,AZE,1887,4156178.5
Azerbaijan,AZE,1888,4185944.5
Azerbaijan,AZE,1889,4222809
Azerbaijan,AZE,1890,4257434
Azerbaijan,AZE,1891,4275187.5
Azerbaijan,AZE,1892,4289190
Azerbaijan,AZE,1893,4360850.5
Azerbaijan,AZE,1894,4368654.5
Azerbaijan,AZE,1895,4453748
Azerbaijan,AZE,1896,4465647
Azerbaijan,AZE,1897,4567212.5
Azerbaijan,AZE,1898,4661552
Azerbaijan,AZE,1899,4791329
Azerbaijan,AZE,1900,4936952
Azerbaijan,AZE,1901,4985103
Azerbaijan,AZE,1902,4936399
Azerbaijan,AZE,1903,4923515.5
Azerbaijan,AZE,1904,5035186.5
Azerbaijan,AZE,1905,4927827.5
Azerbaijan,AZE,1906,5090260.5
Azerbaijan,AZE,1907,5226706.5
Azerbaijan,AZE,1908,5251988.5
Azerbaijan,AZE,1909,5364189
Azerbaijan,AZE,1910,5278400.5
Azerbaijan,AZE,1911,5299818
Azerbaijan,AZE,1912,5533269.5
Azerbaijan,AZE,1913,5698943.5
Azerbaijan,AZE,1914,5582108.5
Azerbaijan,AZE,1915,5511358.5
Azerbaijan,AZE,1916,5627610.5
Azerbaijan,AZE,1917,5565290.5
Azerbaijan,AZE,1918,4761705.5
Azerbaijan,AZE,1919,4734271
Azerbaijan,AZE,1920,4658538
Azerbaijan,AZE,1921,4727699.5
Azerbaijan,AZE,1922,4872669
Azerbaijan,AZE,1923,4962880.5
Azerbaijan,AZE,1924,5099519.5
Azerbaijan,AZE,1925,5133818.5
Azerbaijan,AZE,1926,5480821.5
Azerbaijan,AZE,1927,5769354.5
Azerbaijan,AZE,1928,5913243.5
Azerbaijan,AZE,1929,6071833.5
Azerbaijan,AZE,1930,6763624
Azerbaijan,AZE,1931,7234914
Azerbaijan,AZE,1932,7584225
Azerbaijan,AZE,1933,7946399
Azerbaijan,AZE,1934,8638569
Azerbaijan,AZE,1935,9170625
Azerbaijan,AZE,1936,9831751
Azerbaijan,AZE,1937,9985479
Azerbaijan,AZE,1938,10300127
Azerbaijan,AZE,1939,10377130
Azerbaijan,AZE,1940,11224453
Azerbaijan,AZE,1941,10362245
Azerbaijan,AZE,1942,7724647.5
Azerbaijan,AZE,1943,7803506
Azerbaijan,AZE,1944,9309750
Azerbaijan,AZE,1945,9456980
Azerbaijan,AZE,1946,10099051
Azerbaijan,AZE,1947,11293945
Azerbaijan,AZE,1948,11769163
Azerbaijan,AZE,1949,12826546
Azerbaijan,AZE,1950,14697183
Azerbaijan,AZE,1951,16207466
Azerbaijan,AZE,1952,17832724
Azerbaijan,AZE,1953,19253710
Azerbaijan,AZE,1954,20798912
Azerbaijan,AZE,1955,23012566
Azerbaijan,AZE,1956,24930426
Azerbaijan,AZE,1957,27011874
Azerbaijan,AZE,1958,28662458
Azerbaijan,AZE,1959,30006924
Azerbaijan,AZE,1960,29839078
Azerbaijan,AZE,1961,31425136
Azerbaijan,AZE,1962,31542884
Azerbaijan,AZE,1963,32836932
Azerbaijan,AZE,1964,34039560
Azerbaijan,AZE,1965,35252640
Azerbaijan,AZE,1966,36922100
Azerbaijan,AZE,1967,38213976
Azerbaijan,AZE,1968,39182904
Azerbaijan,AZE,1969,40198964
Azerbaijan,AZE,1970,42431396
Azerbaijan,AZE,1971,44159170
Azerbaijan,AZE,1972,45887670
Azerbaijan,AZE,1973,47660270
Azerbaijan,AZE,1974,49069836
Azerbaijan,AZE,1975,51394620
Azerbaijan,AZE,1976,53138490
Azerbaijan,AZE,1977,54567220
Azerbaijan,AZE,1978,56436772
Azerbaijan,AZE,1979,56976068
Azerbaijan,AZE,1980,59697200
Azerbaijan,AZE,1981,58681092
Azerbaijan,AZE,1982,59754868
Azerbaijan,AZE,1983,60676356
Azerbaijan,AZE,1984,61408540
Azerbaijan,AZE,1985,65469330
Azerbaijan,AZE,1986,67927656
Azerbaijan,AZE,1987,65353460
Azerbaijan,AZE,1988,66264676
Azerbaijan,AZE,1989,66159016
Azerbaijan,AZE,1990,66130910
Azerbaijan,AZE,1991,64135452
Azerbaijan,AZE,1992,69278310
Azerbaijan,AZE,1993,60709924
Azerbaijan,AZE,1994,54002268
Azerbaijan,AZE,1995,45553356
Azerbaijan,AZE,1996,43854340
Azerbaijan,AZE,1997,42664400
Azerbaijan,AZE,1998,44137084
Azerbaijan,AZE,1999,42208270
Azerbaijan,AZE,2000,42961270
Azerbaijan,AZE,2001,41762480
Azerbaijan,AZE,2002,41754400
Azerbaijan,AZE,2003,43735800
Azerbaijan,AZE,2004,45975224
Azerbaijan,AZE,2005,49080750
Azerbaijan,AZE,2006,50484760
Azerbaijan,AZE,2007,50614132
Azerbaijan,AZE,2008,56444970
Azerbaijan,AZE,2009,51072464
Azerbaijan,AZE,2010,49855976
Azerbaijan,AZE,2011,52297024
Azerbaijan,AZE,2012,56066264
Azerbaijan,AZE,2013,56794612
Azerbaijan,AZE,2014,58262556
Azerbaijan,AZE,2015,60206376
Azerbaijan,AZE,2016,61809920
Azerbaijan,AZE,2017,59813480
Azerbaijan,AZE,2018,59932870
Azerbaijan,AZE,2019,64800456
Azerbaijan,AZE,2020,63910652
Azerbaijan,AZE,2021,68690180
Azerbaijan,AZE,2022,71771336
Azerbaijan,AZE,2023,77124920
Bahamas,BHS,1850,13877.529
Bahamas,BHS,1851,13880.155
Bahamas,BHS,1852,13891.861
Bahamas,BHS,1853,13988.135
Bahamas,BHS,1854,14083.926
Bahamas,BHS,1855,14133.299
Bahamas,BHS,1856,14306.7705
Bahamas,BHS,1857,14518.005
Bahamas,BHS,1858,14666.149
Bahamas,BHS,1859,14870.195
Bahamas,BHS,1860,15688.812
Bahamas,BHS,1861,16296.278
Bahamas,BHS,1862,16752.299
Bahamas,BHS,1863,17159.49
Bahamas,BHS,1864,17573.252
Bahamas,BHS,1865,17885.758
Bahamas,BHS,1866,18179.986
Bahamas,BHS,1867,18465.152
Bahamas,BHS,1868,18741.305
Bahamas,BHS,1869,18987.709
Bahamas,BHS,1870,19435.65
Bahamas,BHS,1871,19835.28
Bahamas,BHS,1872,20181.543
Bahamas,BHS,1873,20509.508
Bahamas,BHS,1874,20853.072
Bahamas,BHS,1875,21171.348
Bahamas,BHS,1876,21490.426
Bahamas,BHS,1877,21798.406
Bahamas,BHS,1878,22081.072
Bahamas,BHS,1879,22347.047
Bahamas,BHS,1880,22959.988
Bahamas,BHS,1881,23315.61
Bahamas,BHS,1882,23729.88
Bahamas,BHS,1883,24087.031
Bahamas,BHS,1884,24351.545
Bahamas,BHS,1885,24578.809
Bahamas,BHS,1886,24814.63
Bahamas,BHS,1887,25058.28
Bahamas,BHS,1888,25302.182
Bahamas,BHS,1889,25563.496
Bahamas,BHS,1890,26388.115
Bahamas,BHS,1891,26775.867
Bahamas,BHS,1892,27141.203
Bahamas,BHS,1893,27538.848
Bahamas,BHS,1894,27914.53
Bahamas,BHS,1895,28304.305
Bahamas,BHS,1896,28670.287
Bahamas,BHS,1897,29066.71
Bahamas,BHS,1898,29464.617
Bahamas,BHS,1899,29890.615
Bahamas,BHS,1900,30429.299
Bahamas,BHS,1901,31318.701
Bahamas,BHS,1902,31577.545
Bahamas,BHS,1903,32261.531
Bahamas,BHS,1904,32999.37
Bahamas,BHS,1905,33597.008
Bahamas,BHS,1906,34211.047
Bahamas,BHS,1907,34494.3
Bahamas,BHS,1908,35592.67
Bahamas,BHS,1909,36123.887
Bahamas,BHS,1910,38177.32
Bahamas,BHS,1911,39778.734
Bahamas,BHS,1912,41029.41
Bahamas,BHS,1913,41993.28
Bahamas,BHS,1914,43308.934
Bahamas,BHS,1915,44234.418
Bahamas,BHS,1916,44752.105
Bahamas,BHS,1917,45236.37
Bahamas,BHS,1918,46091.44
Bahamas,BHS,1919,46656.145
Bahamas,BHS,1920,47967.2
Bahamas,BHS,1921,49403.645
Bahamas,BHS,1922,51412.895
Bahamas,BHS,1923,52516.64
Bahamas,BHS,1924,54332.9
Bahamas,BHS,1925,56090.797
Bahamas,BHS,1926,58055.484
Bahamas,BHS,1927,59373.56
Bahamas,BHS,1928,61746.547
Bahamas,BHS,1929,64050.42
Bahamas,BHS,1930,67132.9
Bahamas,BHS,1931,69722.59
Bahamas,BHS,1932,72595.56
Bahamas,BHS,1933,75186
Bahamas,BHS,1934,78580.61
Bahamas,BHS,1935,81246.62
Bahamas,BHS,1936,85222.805
Bahamas,BHS,1937,87870.77
Bahamas,BHS,1938,90622.32
Bahamas,BHS,1939,95587.01
Bahamas,BHS,1940,101368.734
Bahamas,BHS,1941,108280.24
Bahamas,BHS,1942,113836.98
Bahamas,BHS,1943,120070.83
Bahamas,BHS,1944,125664.57
Bahamas,BHS,1945,133990.72
Bahamas,BHS,1946,142358.44
Bahamas,BHS,1947,153797.05
Bahamas,BHS,1948,160389.75
Bahamas,BHS,1949,167633.06
Bahamas,BHS,1950,227944.42
Bahamas,BHS,1951,246027.2
Bahamas,BHS,1952,268013.8
Bahamas,BHS,1953,281245.72
Bahamas,BHS,1954,296242.94
Bahamas,BHS,1955,345355.3
Bahamas,BHS,1956,366542.94
Bahamas,BHS,1957,418227.03
Bahamas,BHS,1958,432484.47
Bahamas,BHS,1959,529995.3
Bahamas,BHS,1960,668054.7
Bahamas,BHS,1961,787059.75
Bahamas,BHS,1962,982793.3
Bahamas,BHS,1963,960204.5
Bahamas,BHS,1964,1360264.8
Bahamas,BHS,1965,1597298.6
Bahamas,BHS,1966,1385925.4
Bahamas,BHS,1967,1982735.2
Bahamas,BHS,1968,1922146.1
Bahamas,BHS,1969,2050730.5
Bahamas,BHS,1970,2851356.8
Bahamas,BHS,1971,7006882.5
Bahamas,BHS,1972,6767964.5
Bahamas,BHS,1973,8133423.5
Bahamas,BHS,1974,7604422.5
Bahamas,BHS,1975,8454043
Bahamas,BHS,1976,6646394.5
Bahamas,BHS,1977,9887076
Bahamas,BHS,1978,6772770.5
Bahamas,BHS,1979,7088233
Bahamas,BHS,1980,8151275
Bahamas,BHS,1981,2977207.2
Bahamas,BHS,1982,2446227.8
Bahamas,BHS,1983,2213404.8
Bahamas,BHS,1984,2058808.6
Bahamas,BHS,1985,1721048.6
Bahamas,BHS,1986,1625880
Bahamas,BHS,1987,1652972.4
Bahamas,BHS,1988,1773187
Bahamas,BHS,1989,2184437
Bahamas,BHS,1990,2275251.8
Bahamas,BHS,1991,2257141.8
Bahamas,BHS,1992,2127568
Bahamas,BHS,1993,2004100.6
Bahamas,BHS,1994,2042099.2
Bahamas,BHS,1995,2145802
Bahamas,BHS,1996,2135931.8
Bahamas,BHS,1997,1935600.9
Bahamas,BHS,1998,2316568.5
Bahamas,BHS,1999,2390252
Bahamas,BHS,2000,2336503.8
Bahamas,BHS,2001,2248414.2
Bahamas,BHS,2002,2342305.2
Bahamas,BHS,2003,2360159.5
Bahamas,BHS,2004,2369279.8
Bahamas,BHS,2005,2221803.2
Bahamas,BHS,2006,2174798.5
Bahamas,BHS,2007,2227611.8
Bahamas,BHS,2008,2297658.2
Bahamas,BHS,2009,2563071.8
Bahamas,BHS,2010,2653174.2
Bahamas,BHS,2011,2528136
Bahamas,BHS,2012,2447567.8
Bahamas,BHS,2013,2400722.2
Bahamas,BHS,2014,2459604.5
Bahamas,BHS,2015,2625688.5
Bahamas,BHS,2016,2645426.2
Bahamas,BHS,2017,2906667
Bahamas,BHS,2018,2857677
Bahamas,BHS,2019,2931514.5
Bahamas,BHS,2020,2465624.5
Bahamas,BHS,2021,2898682.2
Bahamas,BHS,2022,2830980
Bahamas,BHS,2023,2937196
Bahrain,BHR,1850,18946.885
Bahrain,BHR,1851,19033.955
Bahrain,BHR,1852,19120.645
Bahrain,BHR,1853,19206.826
Bahrain,BHR,1854,19292.379
Bahrain,BHR,1855,19377.176
Bahrain,BHR,1856,19470.252
Bahrain,BHR,1857,19553.164
Bahrain,BHR,1858,19634.945
Bahrain,BHR,1859,19715.473
Bahrain,BHR,1860,19794.621
Bahrain,BHR,1861,19798.705
Bahrain,BHR,1862,19802.559
Bahrain,BHR,1863,19806.227
Bahrain,BHR,1864,19809.76
Bahrain,BHR,1865,19813.21
Bahrain,BHR,1866,19816.625
Bahrain,BHR,1867,19820.055
Bahrain,BHR,1868,19823.545
Bahrain,BHR,1869,19827.148
Bahrain,BHR,1870,19830.918
Bahrain,BHR,1871,19839.34
Bahrain,BHR,1872,19858.691
Bahrain,BHR,1873,19886.428
Bahrain,BHR,1874,19920.012
Bahrain,BHR,1875,19956.896
Bahrain,BHR,1876,19994.543
Bahrain,BHR,1877,20030.412
Bahrain,BHR,1878,20061.957
Bahrain,BHR,1879,20086.639
Bahrain,BHR,1880,20101.916
Bahrain,BHR,1881,20108.896
Bahrain,BHR,1882,20114.492
Bahrain,BHR,1883,20118.967
Bahrain,BHR,1884,20122.592
Bahrain,BHR,1885,20125.635
Bahrain,BHR,1886,20128.367
Bahrain,BHR,1887,20131.057
Bahrain,BHR,1888,20143.13
Bahrain,BHR,1889,20146.543
Bahrain,BHR,1890,20171.29
Bahrain,BHR,1891,20162.547
Bahrain,BHR,1892,20163.35
Bahrain,BHR,1893,20164.533
Bahrain,BHR,1894,20166.104
Bahrain,BHR,1895,20168.057
Bahrain,BHR,1896,20170.395
Bahrain,BHR,1897,20173.117
Bahrain,BHR,1898,20176.225
Bahrain,BHR,1899,20188.877
Bahrain,BHR,1900,20192.756
Bahrain,BHR,1901,20078.379
Bahrain,BHR,1902,19975.996
Bahrain,BHR,1903,19867.02
Bahrain,BHR,1904,19760.346
Bahrain,BHR,1905,19664.873
Bahrain,BHR,1906,19562.012
Bahrain,BHR,1907,19460.658
Bahrain,BHR,1908,19360.553
Bahrain,BHR,1909,19270.584
Bahrain,BHR,1910,19172.17
Bahrain,BHR,1911,19198.455
Bahrain,BHR,1912,19214.88
Bahrain,BHR,1913,19239.977
Bahrain,BHR,1914,19246.47
Bahrain,BHR,1915,19262.047
Bahrain,BHR,1916,19277.756
Bahrain,BHR,1917,19293.805
Bahrain,BHR,1918,19310.4
Bahrain,BHR,1919,19327.75
Bahrain,BHR,1920,19346.06
Bahrain,BHR,1921,19378.81
Bahrain,BHR,1922,19421.914
Bahrain,BHR,1923,19473.432
Bahrain,BHR,1924,19522.268
Bahrain,BHR,1925,19593.96
Bahrain,BHR,1926,19649.936
Bahrain,BHR,1927,19706.574
Bahrain,BHR,1928,19780.258
Bahrain,BHR,1929,19832.408
Bahrain,BHR,1930,19888.566
Bahrain,BHR,1931,19961.44
Bahrain,BHR,1932,20079.91
Bahrain,BHR,1933,54021.5
Bahrain,BHR,1934,186878.4
Bahrain,BHR,1935,620210.2
Bahrain,BHR,1936,2061146.1
Bahrain,BHR,1937,3388503.8
Bahrain,BHR,1938,3634962.2
Bahrain,BHR,1939,3364789.8
Bahrain,BHR,1940,3171632.2
Bahrain,BHR,1941,3077914.2
Bahrain,BHR,1942,2866999.5
Bahrain,BHR,1943,3033505
Bahrain,BHR,1944,3115763
Bahrain,BHR,1945,3798828.2
Bahrain,BHR,1946,4596816.5
Bahrain,BHR,1947,5751530
Bahrain,BHR,1948,7006530.5
Bahrain,BHR,1949,7731543.5
Bahrain,BHR,1950,5259977
Bahrain,BHR,1951,5874141
Bahrain,BHR,1952,6867417.5
Bahrain,BHR,1953,5826148.5
Bahrain,BHR,1954,6621870.5
Bahrain,BHR,1955,9580556
Bahrain,BHR,1956,7741634.5
Bahrain,BHR,1957,5929429.5
Bahrain,BHR,1958,10733911
Bahrain,BHR,1959,11571292
Bahrain,BHR,1960,5404373.5
Bahrain,BHR,1961,17349882
Bahrain,BHR,1962,16388160
Bahrain,BHR,1963,12926045
Bahrain,BHR,1964,18015908
Bahrain,BHR,1965,14505059
Bahrain,BHR,1966,8037927.5
Bahrain,BHR,1967,12887832
Bahrain,BHR,1968,14698716
Bahrain,BHR,1969,17563478
Bahrain,BHR,1970,17745934
Bahrain,BHR,1971,18206886
Bahrain,BHR,1972,17787350
Bahrain,BHR,1973,20346240
Bahrain,BHR,1974,20842160
Bahrain,BHR,1975,18896510
Bahrain,BHR,1976,20142214
Bahrain,BHR,1977,23357188
Bahrain,BHR,1978,23096700
Bahrain,BHR,1979,23835926
Bahrain,BHR,1980,23385354
Bahrain,BHR,1981,23644074
Bahrain,BHR,1982,24320398
Bahrain,BHR,1983,22158752
Bahrain,BHR,1984,22984352
Bahrain,BHR,1985,24625070
Bahrain,BHR,1986,26365878
Bahrain,BHR,1987,26292370
Bahrain,BHR,1988,27349018
Bahrain,BHR,1989,27020600
Bahrain,BHR,1990,26703088
Bahrain,BHR,1991,29017680
Bahrain,BHR,1992,30373268
Bahrain,BHR,1993,37602970
Bahrain,BHR,1994,34933388
Bahrain,BHR,1995,35385624
Bahrain,BHR,1996,37397860
Bahrain,BHR,1997,35778508
Bahrain,BHR,1998,37417988
Bahrain,BHR,1999,39435396
Bahrain,BHR,2000,40429950
Bahrain,BHR,2001,41385050
Bahrain,BHR,2002,40534110
Bahrain,BHR,2003,40355870
Bahrain,BHR,2004,40381570
Bahrain,BHR,2005,43904880
Bahrain,BHR,2006,43091940
Bahrain,BHR,2007,46364300
Bahrain,BHR,2008,51367376
Bahrain,BHR,2009,50603084
Bahrain,BHR,2010,50944536
Bahrain,BHR,2011,50512012
Bahrain,BHR,2012,51785930
Bahrain,BHR,2013,58714692
Bahrain,BHR,2014,59272300
Bahrain,BHR,2015,60708760
Bahrain,BHR,2016,59912860
Bahrain,BHR,2017,60637620
Bahrain,BHR,2018,60327556
Bahrain,BHR,2019,66440670
Bahrain,BHR,2020,66324364
Bahrain,BHR,2021,65774772
Bahrain,BHR,2022,65476444
Bahrain,BHR,2023,66997704
Bangladesh,BGD,1850,40390330
Bangladesh,BGD,1851,38452132
Bangladesh,BGD,1852,38669452
Bangladesh,BGD,1853,38097660
Bangladesh,BGD,1854,38092344
Bangladesh,BGD,1855,38159932
Bangladesh,BGD,1856,38337244
Bangladesh,BGD,1857,38399280
Bangladesh,BGD,1858,38584276
Bangladesh,BGD,1859,38632860
Bangladesh,BGD,1860,38837044
Bangladesh,BGD,1861,39053788
Bangladesh,BGD,1862,39272916
Bangladesh,BGD,1863,41011610
Bangladesh,BGD,1864,40571824
Bangladesh,BGD,1865,40599030
Bangladesh,BGD,1866,41394604
Bangladesh,BGD,1867,41097190
Bangladesh,BGD,1868,41190692
Bangladesh,BGD,1869,41339460
Bangladesh,BGD,1870,41614310
Bangladesh,BGD,1871,41796972
Bangladesh,BGD,1872,42016548
Bangladesh,BGD,1873,42383936
Bangladesh,BGD,1874,42632840
Bangladesh,BGD,1875,42988420
Bangladesh,BGD,1876,43354170
Bangladesh,BGD,1877,43632124
Bangladesh,BGD,1878,44038570
Bangladesh,BGD,1879,44612280
Bangladesh,BGD,1880,45614376
Bangladesh,BGD,1881,46970980
Bangladesh,BGD,1882,48668064
Bangladesh,BGD,1883,48420852
Bangladesh,BGD,1884,50210980
Bangladesh,BGD,1885,51137332
Bangladesh,BGD,1886,51852092
Bangladesh,BGD,1887,50783100
Bangladesh,BGD,1888,51257950
Bangladesh,BGD,1889,51557656
Bangladesh,BGD,1890,52340784
Bangladesh,BGD,1891,52148070
Bangladesh,BGD,1892,52928630
Bangladesh,BGD,1893,52684060
Bangladesh,BGD,1894,53067156
Bangladesh,BGD,1895,53285816
Bangladesh,BGD,1896,53321020
Bangladesh,BGD,1897,54380370
Bangladesh,BGD,1898,54059280
Bangladesh,BGD,1899,54532870
Bangladesh,BGD,1900,55437440
Bangladesh,BGD,1901,54341980
Bangladesh,BGD,1902,54439464
Bangladesh,BGD,1903,54415800
Bangladesh,BGD,1904,54677456
Bangladesh,BGD,1905,55612430
Bangladesh,BGD,1906,54155060
Bangladesh,BGD,1907,54009156
Bangladesh,BGD,1908,55049068
Bangladesh,BGD,1909,54626040
Bangladesh,BGD,1910,55003796
Bangladesh,BGD,1911,55923864
Bangladesh,BGD,1912,54852724
Bangladesh,BGD,1913,56315932
Bangladesh,BGD,1914,55174930
Bangladesh,BGD,1915,56047276
Bangladesh,BGD,1916,56264656
Bangladesh,BGD,1917,56334904
Bangladesh,BGD,1918,55783844
Bangladesh,BGD,1919,55787896
Bangladesh,BGD,1920,54536530
Bangladesh,BGD,1921,54487132
Bangladesh,BGD,1922,54895828
Bangladesh,BGD,1923,53837410
Bangladesh,BGD,1924,55118810
Bangladesh,BGD,1925,55382150
Bangladesh,BGD,1926,54707788
Bangladesh,BGD,1927,55608110
Bangladesh,BGD,1928,55595212
Bangladesh,BGD,1929,55678150
Bangladesh,BGD,1930,55470520
Bangladesh,BGD,1931,55079332
Bangladesh,BGD,1932,55756292
Bangladesh,BGD,1933,56256256
Bangladesh,BGD,1934,56847612
Bangladesh,BGD,1935,55741492
Bangladesh,BGD,1936,57248692
Bangladesh,BGD,1937,57178696
Bangladesh,BGD,1938,58502540
Bangladesh,BGD,1939,58543612
Bangladesh,BGD,1940,59141584
Bangladesh,BGD,1941,60017740
Bangladesh,BGD,1942,59963868
Bangladesh,BGD,1943,61650350
Bangladesh,BGD,1944,61623016
Bangladesh,BGD,1945,63063588
Bangladesh,BGD,1946,63371490
Bangladesh,BGD,1947,61100680
Bangladesh,BGD,1948,61567096
Bangladesh,BGD,1949,63194910
Bangladesh,BGD,1950,68247784
Bangladesh,BGD,1951,72106330
Bangladesh,BGD,1952,75679150
Bangladesh,BGD,1953,77848690
Bangladesh,BGD,1954,80598230
Bangladesh,BGD,1955,83634380
Bangladesh,BGD,1956,87819580
Bangladesh,BGD,1957,88174790
Bangladesh,BGD,1958,90653540
Bangladesh,BGD,1959,97134540
Bangladesh,BGD,1960,97592070
Bangladesh,BGD,1961,89492080
Bangladesh,BGD,1962,85039704
Bangladesh,BGD,1963,86385070
Bangladesh,BGD,1964,91006390
Bangladesh,BGD,1965,89542420
Bangladesh,BGD,1966,88277660
Bangladesh,BGD,1967,90778936
Bangladesh,BGD,1968,91859880
Bangladesh,BGD,1969,93926630
Bangladesh,BGD,1970,94400620
Bangladesh,BGD,1971,95728984
Bangladesh,BGD,1972,88418020
Bangladesh,BGD,1973,84801896
Bangladesh,BGD,1974,82839150
Bangladesh,BGD,1975,82194520
Bangladesh,BGD,1976,82160080
Bangladesh,BGD,1977,84624520
Bangladesh,BGD,1978,89842120
Bangladesh,BGD,1979,92789280
Bangladesh,BGD,1980,85204900
Bangladesh,BGD,1981,87823860
Bangladesh,BGD,1982,89464220
Bangladesh,BGD,1983,90737460
Bangladesh,BGD,1984,94989360
Bangladesh,BGD,1985,98032440
Bangladesh,BGD,1986,103885016
Bangladesh,BGD,1987,109427660
Bangladesh,BGD,1988,111550010
Bangladesh,BGD,1989,109562450
Bangladesh,BGD,1990,110357030
Bangladesh,BGD,1991,105420376
Bangladesh,BGD,1992,106954350
Bangladesh,BGD,1993,110401960
Bangladesh,BGD,1994,112925170
Bangladesh,BGD,1995,119372410
Bangladesh,BGD,1996,125349176
Bangladesh,BGD,1997,127451610
Bangladesh,BGD,1998,127067256
Bangladesh,BGD,1999,131009130
Bangladesh,BGD,2000,133661870
Bangladesh,BGD,2001,138465280
Bangladesh,BGD,2002,141119490
Bangladesh,BGD,2003,143242450
Bangladesh,BGD,2004,145673940
Bangladesh,BGD,2005,149152350
Bangladesh,BGD,2006,155839040
Bangladesh,BGD,2007,159697230
Bangladesh,BGD,2008,168334500
Bangladesh,BGD,2009,172083760
Bangladesh,BGD,2010,179208430
Bangladesh,BGD,2011,182770580
Bangladesh,BGD,2012,190538190
Bangladesh,BGD,2013,197250940
Bangladesh,BGD,2014,201341040
Bangladesh,BGD,2015,214520770
Bangladesh,BGD,2016,217150260
Bangladesh,BGD,2017,226874140
Bangladesh,BGD,2018,230163570
Bangladesh,BGD,2019,239427090
Bangladesh,BGD,2020,241239570
Bangladesh,BGD,2021,256301800
Bangladesh,BGD,2022,262312600
Bangladesh,BGD,2023,263613550
Barbados,BRB,1850,89455.79
Barbados,BRB,1851,88784.98
Barbados,BRB,1852,88614.02
Barbados,BRB,1853,88864.1
Barbados,BRB,1854,89140.16
Barbados,BRB,1855,89469.414
Barbados,BRB,1856,90191.62
Barbados,BRB,1857,90921.32
Barbados,BRB,1858,91649.36
Barbados,BRB,1859,92357.414
Barbados,BRB,1860,93256.17
Barbados,BRB,1861,93954.25
Barbados,BRB,1862,94382
Barbados,BRB,1863,95129.31
Barbados,BRB,1864,95741.086
Barbados,BRB,1865,96237.08
Barbados,BRB,1866,96618.7
Barbados,BRB,1867,97075.3
Barbados,BRB,1868,97487.87
Barbados,BRB,1869,97856.78
Barbados,BRB,1870,98026.02
Barbados,BRB,1871,98699.44
Barbados,BRB,1872,99406.49
Barbados,BRB,1873,100179.16
Barbados,BRB,1874,100966.21
Barbados,BRB,1875,101752.01
Barbados,BRB,1876,102285.234
Barbados,BRB,1877,102853.02
Barbados,BRB,1878,103392.09
Barbados,BRB,1879,103460.13
Barbados,BRB,1880,104059.31
Barbados,BRB,1881,104812.91
Barbados,BRB,1882,105344.1
Barbados,BRB,1883,106094.234
Barbados,BRB,1884,106714.086
Barbados,BRB,1885,107291.65
Barbados,BRB,1886,107994.93
Barbados,BRB,1887,108828.24
Barbados,BRB,1888,109617.25
Barbados,BRB,1889,110503.664
Barbados,BRB,1890,112089.15
Barbados,BRB,1891,112397.266
Barbados,BRB,1892,112921.375
Barbados,BRB,1893,113567.32
Barbados,BRB,1894,114257.17
Barbados,BRB,1895,114961.33
Barbados,BRB,1896,116124.766
Barbados,BRB,1897,117310.016
Barbados,BRB,1898,118563.086
Barbados,BRB,1899,119560.34
Barbados,BRB,1900,119081.055
Barbados,BRB,1901,118067.59
Barbados,BRB,1902,117567.414
Barbados,BRB,1903,116987.94
Barbados,BRB,1904,116919.336
Barbados,BRB,1905,116864.18
Barbados,BRB,1906,116538.13
Barbados,BRB,1907,116258.336
Barbados,BRB,1908,115894.65
Barbados,BRB,1909,115426.86
Barbados,BRB,1910,114202.734
Barbados,BRB,1911,114211.695
Barbados,BRB,1912,114208.73
Barbados,BRB,1913,114247.4
Barbados,BRB,1914,114188.2
Barbados,BRB,1915,114119.83
Barbados,BRB,1916,113671
Barbados,BRB,1917,113194.12
Barbados,BRB,1918,112804.26
Barbados,BRB,1919,112056.055
Barbados,BRB,1920,110944.41
Barbados,BRB,1921,110805.39
Barbados,BRB,1922,110478.586
Barbados,BRB,1923,109719.38
Barbados,BRB,1924,108077.3
Barbados,BRB,1925,106730.83
Barbados,BRB,1926,105382.87
Barbados,BRB,1927,104133.12
Barbados,BRB,1928,106973.164
Barbados,BRB,1929,106266.26
Barbados,BRB,1930,110668.38
Barbados,BRB,1931,108997.63
Barbados,BRB,1932,111052.33
Barbados,BRB,1933,113455.71
Barbados,BRB,1934,116239.516
Barbados,BRB,1935,115654.15
Barbados,BRB,1936,118334.99
Barbados,BRB,1937,121398.67
Barbados,BRB,1938,124928.984
Barbados,BRB,1939,132829.53
Barbados,BRB,1940,135299.03
Barbados,BRB,1941,142965.3
Barbados,BRB,1942,151375.55
Barbados,BRB,1943,160290.72
Barbados,BRB,1944,170061.75
Barbados,BRB,1945,181980
Barbados,BRB,1946,194981.14
Barbados,BRB,1947,212204.55
Barbados,BRB,1948,225572.38
Barbados,BRB,1949,238962.4
Barbados,BRB,1950,348891.5
Barbados,BRB,1951,403719.53
Barbados,BRB,1952,391650.72
Barbados,BRB,1953,419531.47
Barbados,BRB,1954,427188.56
Barbados,BRB,1955,443359.5
Barbados,BRB,1956,444247.72
Barbados,BRB,1957,451626.97
Barbados,BRB,1958,466355.78
Barbados,BRB,1959,462312.53
Barbados,BRB,1960,474250.66
Barbados,BRB,1961,481246.44
Barbados,BRB,1962,552515
Barbados,BRB,1963,469209.28
Barbados,BRB,1964,456413.16
Barbados,BRB,1965,481041.2
Barbados,BRB,1966,549703.4
Barbados,BRB,1967,629076.56
Barbados,BRB,1968,739770.75
Barbados,BRB,1969,793010.3
Barbados,BRB,1970,741722
Barbados,BRB,1971,803451.94
Barbados,BRB,1972,827263.56
Barbados,BRB,1973,819105.7
Barbados,BRB,1974,815635.7
Barbados,BRB,1975,882455.5
Barbados,BRB,1976,844033.9
Barbados,BRB,1977,923397.1
Barbados,BRB,1978,967197.25
Barbados,BRB,1979,937180
Barbados,BRB,1980,1020550.6
Barbados,BRB,1981,1020335.2
Barbados,BRB,1982,979560.8
Barbados,BRB,1983,1013826.9
Barbados,BRB,1984,1105607.5
Barbados,BRB,1985,1175388.4
Barbados,BRB,1986,1235933.2
Barbados,BRB,1987,1248436.6
Barbados,BRB,1988,1252412.4
Barbados,BRB,1989,1305725.5
Barbados,BRB,1990,1338272.5
Barbados,BRB,1991,1492377.8
Barbados,BRB,1992,1475602.1
Barbados,BRB,1993,1233571
Barbados,BRB,1994,1235047.8
Barbados,BRB,1995,1324170.5
Barbados,BRB,1996,1351137
Barbados,BRB,1997,1460598.6
Barbados,BRB,1998,1526555.5
Barbados,BRB,1999,1598426.4
Barbados,BRB,2000,1621417.4
Barbados,BRB,2001,1592812.5
Barbados,BRB,2002,1589389.5
Barbados,BRB,2003,1621400
Barbados,BRB,2004,1667556.2
Barbados,BRB,2005,1704836.2
Barbados,BRB,2006,1734245.5
Barbados,BRB,2007,1730863.6
Barbados,BRB,2008,2019265.5
Barbados,BRB,2009,1947384.9
Barbados,BRB,2010,1806210
Barbados,BRB,2011,1863774.8
Barbados,BRB,2012,1777202.1
Barbados,BRB,2013,1749990.6
Barbados,BRB,2014,1587659.6
Barbados,BRB,2015,1556099.4
Barbados,BRB,2016,1611842.1
Barbados,BRB,2017,1598821.2
Barbados,BRB,2018,1684008.6
Barbados,BRB,2019,1653329.8
Barbados,BRB,2020,1458801.8
Barbados,BRB,2021,1394497.6
Barbados,BRB,2022,1369221.8
Barbados,BRB,2023,1418390.1
Belarus,BLR,1850,39375748
Belarus,BLR,1851,39092484
Belarus,BLR,1852,39237188
Belarus,BLR,1853,38968640
Belarus,BLR,1854,39390060
Belarus,BLR,1855,39057336
Belarus,BLR,1856,39504024
Belarus,BLR,1857,39159860
Belarus,BLR,1858,39704836
Belarus,BLR,1859,39555190
Belarus,BLR,1860,39832524
Belarus,BLR,1861,39734630
Belarus,BLR,1862,39882708
Belarus,BLR,1863,39967290
Belarus,BLR,1864,40019996
Belarus,BLR,1865,40249096
Belarus,BLR,1866,40478304
Belarus,BLR,1867,40236936
Belarus,BLR,1868,40296068
Belarus,BLR,1869,40638100
Belarus,BLR,1870,41289188
Belarus,BLR,1871,40960560
Belarus,BLR,1872,41170840
Belarus,BLR,1873,41065460
Belarus,BLR,1874,41659492
Belarus,BLR,1875,42189096
Belarus,BLR,1876,42434236
Belarus,BLR,1877,42354292
Belarus,BLR,1878,42820956
Belarus,BLR,1879,43015456
Belarus,BLR,1880,43175536
Belarus,BLR,1881,43847840
Belarus,BLR,1882,44085908
Belarus,BLR,1883,44314990
Belarus,BLR,1884,44456924
Belarus,BLR,1885,44603320
Belarus,BLR,1886,44639624
Belarus,BLR,1887,44817156
Belarus,BLR,1888,44910744
Belarus,BLR,1889,45523364
Belarus,BLR,1890,45567812
Belarus,BLR,1891,45686690
Belarus,BLR,1892,46060252
Belarus,BLR,1893,45897480
Belarus,BLR,1894,46364504
Belarus,BLR,1895,46610908
Belarus,BLR,1896,46877256
Belarus,BLR,1897,47025800
Belarus,BLR,1898,47527736
Belarus,BLR,1899,47997030
Belarus,BLR,1900,48897160
Belarus,BLR,1901,49352576
Belarus,BLR,1902,49200216
Belarus,BLR,1903,48971464
Belarus,BLR,1904,49262892
Belarus,BLR,1905,49321680
Belarus,BLR,1906,49472716
Belarus,BLR,1907,50302764
Belarus,BLR,1908,50578496
Belarus,BLR,1909,50997930
Belarus,BLR,1910,49806116
Belarus,BLR,1911,49458940
Belarus,BLR,1912,49543980
Belarus,BLR,1913,50094772
Belarus,BLR,1914,51402836
Belarus,BLR,1915,51781664
Belarus,BLR,1916,51363772
Belarus,BLR,1917,51657940
Belarus,BLR,1918,50160544
Belarus,BLR,1919,49867396
Belarus,BLR,1920,50421924
Belarus,BLR,1921,50286430
Belarus,BLR,1922,49919890
Belarus,BLR,1923,50301584
Belarus,BLR,1924,50248452
Belarus,BLR,1925,50889004
Belarus,BLR,1926,51763892
Belarus,BLR,1927,53218190
Belarus,BLR,1928,53405370
Belarus,BLR,1929,54190404
Belarus,BLR,1930,56022764
Belarus,BLR,1931,57164788
Belarus,BLR,1932,57725910
Belarus,BLR,1933,58342936
Belarus,BLR,1934,60181756
Belarus,BLR,1935,60916950
Belarus,BLR,1936,62727868
Belarus,BLR,1937,62808444
Belarus,BLR,1938,63546490
Belarus,BLR,1939,63752776
Belarus,BLR,1940,63864404
Belarus,BLR,1941,61732676
Belarus,BLR,1942,56370130
Belarus,BLR,1943,56557080
Belarus,BLR,1944,59567244
Belarus,BLR,1945,60272516
Belarus,BLR,1946,62133076
Belarus,BLR,1947,64763700
Belarus,BLR,1948,65547796
Belarus,BLR,1949,67758980
Belarus,BLR,1950,67584030
Belarus,BLR,1951,68850890
Belarus,BLR,1952,70742460
Belarus,BLR,1953,72481290
Belarus,BLR,1954,76409310
Belarus,BLR,1955,82113816
Belarus,BLR,1956,87388344
Belarus,BLR,1957,92662900
Belarus,BLR,1958,96742104
Belarus,BLR,1959,100699470
Belarus,BLR,1960,101125870
Belarus,BLR,1961,109690860
Belarus,BLR,1962,106423620
Belarus,BLR,1963,109703820
Belarus,BLR,1964,112150650
Belarus,BLR,1965,114344024
Belarus,BLR,1966,118978936
Belarus,BLR,1967,122082190
Belarus,BLR,1968,124405120
Belarus,BLR,1969,126515460
Belarus,BLR,1970,131762050
Belarus,BLR,1971,134312940
Belarus,BLR,1972,138125760
Belarus,BLR,1973,142757870
Belarus,BLR,1974,145614510
Belarus,BLR,1975,149954190
Belarus,BLR,1976,153182800
Belarus,BLR,1977,154868980
Belarus,BLR,1978,158011120
Belarus,BLR,1979,159068530
Belarus,BLR,1980,165197460
Belarus,BLR,1981,161111230
Belarus,BLR,1982,162301570
Belarus,BLR,1983,163899800
Belarus,BLR,1984,164488050
Belarus,BLR,1985,172738980
Belarus,BLR,1986,186542800
Belarus,BLR,1987,176244450
Belarus,BLR,1988,177073780
Belarus,BLR,1989,169717440
Belarus,BLR,1990,161736620
Belarus,BLR,1991,150182000
Belarus,BLR,1992,135008290
Belarus,BLR,1993,123013530
Belarus,BLR,1994,111433520
Belarus,BLR,1995,100709340
Belarus,BLR,1996,99879090
Belarus,BLR,1997,99697760
Belarus,BLR,1998,99635100
Belarus,BLR,1999,98822150
Belarus,BLR,2000,87296700
Belarus,BLR,2001,83340170
Belarus,BLR,2002,82889620
Belarus,BLR,2003,84845940
Belarus,BLR,2004,89541960
Belarus,BLR,2005,90489496
Belarus,BLR,2006,92853016
Belarus,BLR,2007,91904980
Belarus,BLR,2008,96563260
Belarus,BLR,2009,95096140
Belarus,BLR,2010,97883150
Belarus,BLR,2011,109545224
Belarus,BLR,2012,112952670
Belarus,BLR,2013,117904344
Belarus,BLR,2014,115937100
Belarus,BLR,2015,111591896
Belarus,BLR,2016,110495870
Belarus,BLR,2017,111542050
Belarus,BLR,2018,113872660
Belarus,BLR,2019,113440060
Belarus,BLR,2020,109747544
Belarus,BLR,2021,111781220
Belarus,BLR,2022,109688296
Belarus,BLR,2023,107033384
Belgium,BEL,1850,21659418
Belgium,BEL,1851,22504572
Belgium,BEL,1852,23546344
Belgium,BEL,1853,24294082
Belgium,BEL,1854,25859926
Belgium,BEL,1855,25715928
Belgium,BEL,1856,25906156
Belgium,BEL,1857,26649992
Belgium,BEL,1858,27059566
Belgium,BEL,1859,26901898
Belgium,BEL,1860,28249342
Belgium,BEL,1861,29404534
Belgium,BEL,1862,28849582
Belgium,BEL,1863,29801194
Belgium,BEL,1864,30730824
Belgium,BEL,1865,31354264
Belgium,BEL,1866,32758468
Belgium,BEL,1867,35375144
Belgium,BEL,1868,32860904
Belgium,BEL,1869,34571572
Belgium,BEL,1870,38445930
Belgium,BEL,1871,37499428
Belgium,BEL,1872,39287828
Belgium,BEL,1873,42518540
Belgium,BEL,1874,40544724
Belgium,BEL,1875,41166096
Belgium,BEL,1876,41052080
Belgium,BEL,1877,39972828
Belgium,BEL,1878,41879440
Belgium,BEL,1879,41907380
Belgium,BEL,1880,46169440
Belgium,BEL,1881,46249984
Belgium,BEL,1882,47773780
Belgium,BEL,1883,50019330
Belgium,BEL,1884,49667330
Belgium,BEL,1885,48320924
Belgium,BEL,1886,47231610
Belgium,BEL,1887,50480588
Belgium,BEL,1888,52491380
Belgium,BEL,1889,53526452
Belgium,BEL,1890,57560228
Belgium,BEL,1891,55002076
Belgium,BEL,1892,54338256
Belgium,BEL,1893,53335390
Belgium,BEL,1894,57401230
Belgium,BEL,1895,56974092
Belgium,BEL,1896,59686480
Belgium,BEL,1897,61256172
Belgium,BEL,1898,62042616
Belgium,BEL,1899,63613600
Belgium,BEL,1900,67916500
Belgium,BEL,1901,64688260
Belgium,BEL,1902,66499700
Belgium,BEL,1903,69856290
Belgium,BEL,1904,68074580
Belgium,BEL,1905,67905030
Belgium,BEL,1906,74872580
Belgium,BEL,1907,76040430
Belgium,BEL,1908,75404640
Belgium,BEL,1909,74701440
Belgium,BEL,1910,77652936
Belgium,BEL,1911,79016590
Belgium,BEL,1912,81694240
Belgium,BEL,1913,84313460
Belgium,BEL,1914,55135600
Belgium,BEL,1915,48383540
Belgium,BEL,1916,59848172
Belgium,BEL,1917,49368304
Belgium,BEL,1918,47198404
Belgium,BEL,1919,58528084
Belgium,BEL,1920,69340264
Belgium,BEL,1921,65178850
Belgium,BEL,1922,71221870
Belgium,BEL,1923,86884210
Belgium,BEL,1924,91039970
Belgium,BEL,1925,92909180
Belgium,BEL,1926,92760024
Belgium,BEL,1927,106265040
Belgium,BEL,1928,103949650
Belgium,BEL,1929,113402920
Belgium,BEL,1930,109547910
Belgium,BEL,1931,99213976
Belgium,BEL,1932,82115550
Belgium,BEL,1933,87453016
Belgium,BEL,1934,89883120
Belgium,BEL,1935,85980570
Belgium,BEL,1936,89566620
Belgium,BEL,1937,105495730
Belgium,BEL,1938,94129540
Belgium,BEL,1939,88200200
Belgium,BEL,1940,75979784
Belgium,BEL,1941,79310700
Belgium,BEL,1942,74937830
Belgium,BEL,1943,71916810
Belgium,BEL,1944,45984572
Belgium,BEL,1945,52202812
Belgium,BEL,1946,71394490
Belgium,BEL,1947,98811720
Belgium,BEL,1948,102551510
Belgium,BEL,1949,98695130
Belgium,BEL,1950,93981690
Belgium,BEL,1951,108401890
Belgium,BEL,1952,102724056
Belgium,BEL,1953,102102170
Belgium,BEL,1954,106286450
Belgium,BEL,1955,113725950
Belgium,BEL,1956,119444050
Belgium,BEL,1957,119831016
Belgium,BEL,1958,110620100
Belgium,BEL,1959,112210630
Belgium,BEL,1960,115775880
Belgium,BEL,1961,118209650
Belgium,BEL,1962,125034860
Belgium,BEL,1963,133824670
Belgium,BEL,1964,131000670
Belgium,BEL,1965,133370050
Belgium,BEL,1966,133633704
Belgium,BEL,1967,136881890
Belgium,BEL,1968,149033020
Belgium,BEL,1969,154728080
Belgium,BEL,1970,156106300
Belgium,BEL,1971,152249230
Belgium,BEL,1972,161369060
Belgium,BEL,1973,169811790
Belgium,BEL,1974,167567740
Belgium,BEL,1975,151850100
Belgium,BEL,1976,159599250
Belgium,BEL,1977,157284930
Belgium,BEL,1978,166163900
Belgium,BEL,1979,168918510
Belgium,BEL,1980,164179060
Belgium,BEL,1981,153090740
Belgium,BEL,1982,146102780
Belgium,BEL,1983,130919310
Belgium,BEL,1984,136259300
Belgium,BEL,1985,135254270
Belgium,BEL,1986,132603096
Belgium,BEL,1987,131800550
Belgium,BEL,1988,127373950
Belgium,BEL,1989,134524260
Belgium,BEL,1990,146102960
Belgium,BEL,1991,151739710
Belgium,BEL,1992,149383150
Belgium,BEL,1993,150050320
Belgium,BEL,1994,152490820
Belgium,BEL,1995,153666580
Belgium,BEL,1996,157736180
Belgium,BEL,1997,151319700
Belgium,BEL,1998,157837540
Belgium,BEL,1999,153601140
Belgium,BEL,2000,152985070
Belgium,BEL,2001,151166260
Belgium,BEL,2002,152648880
Belgium,BEL,2003,153311680
Belgium,BEL,2004,155291680
Belgium,BEL,2005,150637330
Belgium,BEL,2006,148327580
Belgium,BEL,2007,145013330
Belgium,BEL,2008,144184980
Belgium,BEL,2009,131708320
Belgium,BEL,2010,139230050
Belgium,BEL,2011,129680870
Belgium,BEL,2012,127069530
Belgium,BEL,2013,127298776
Belgium,BEL,2014,122042850
Belgium,BEL,2015,126559150
Belgium,BEL,2016,123687464
Belgium,BEL,2017,122870780
Belgium,BEL,2018,123929690
Belgium,BEL,2019,123582264
Belgium,BEL,2020,114915660
Belgium,BEL,2021,119046550
Belgium,BEL,2022,112137660
Belgium,BEL,2023,106821290
Belize,BLZ,1850,221822.03
Belize,BLZ,1851,328551.4
Belize,BLZ,1852,252107.47
Belize,BLZ,1853,364457.94
Belize,BLZ,1854,274490.6
Belize,BLZ,1855,361227.72
Belize,BLZ,1856,263157.25
Belize,BLZ,1857,299231.7
Belize,BLZ,1858,264588.28
Belize,BLZ,1859,253887.06
Belize,BLZ,1860,353910.56
Belize,BLZ,1861,360200.8
Belize,BLZ,1862,481868.4
Belize,BLZ,1863,664795.2
Belize,BLZ,1864,423874.25
Belize,BLZ,1865,532041.6
Belize,BLZ,1866,392618.9
Belize,BLZ,1867,424923.47
Belize,BLZ,1868,453284.94
Belize,BLZ,1869,373710.1
Belize,BLZ,1870,411063.66
Belize,BLZ,1871,359609.72
Belize,BLZ,1872,348634.6
Belize,BLZ,1873,486028.25
Belize,BLZ,1874,933496.5
Belize,BLZ,1875,681066.8
Belize,BLZ,1876,489025.5
Belize,BLZ,1877,409451.56
Belize,BLZ,1878,381601.47
Belize,BLZ,1879,485580.5
Belize,BLZ,1880,406014.28
Belize,BLZ,1881,390738.97
Belize,BLZ,1882,380915.78
Belize,BLZ,1883,659269.8
Belize,BLZ,1884,563762.44
Belize,BLZ,1885,788754.44
Belize,BLZ,1886,861671.9
Belize,BLZ,1887,546618.56
Belize,BLZ,1888,471449.5
Belize,BLZ,1889,434944.28
Belize,BLZ,1890,625513.6
Belize,BLZ,1891,551662.1
Belize,BLZ,1892,590745.5
Belize,BLZ,1893,667324.4
Belize,BLZ,1894,535940.9
Belize,BLZ,1895,478320.12
Belize,BLZ,1896,755598.06
Belize,BLZ,1897,1060977.4
Belize,BLZ,1898,753954.56
Belize,BLZ,1899,704451.8
Belize,BLZ,1900,580516.44
Belize,BLZ,1901,707579.5
Belize,BLZ,1902,562969.56
Belize,BLZ,1903,659262.2
Belize,BLZ,1904,1033333
Belize,BLZ,1905,711819.1
Belize,BLZ,1906,629288.94
Belize,BLZ,1907,594711.75
Belize,BLZ,1908,1080698.9
Belize,BLZ,1909,762962.94
Belize,BLZ,1910,788914.2
Belize,BLZ,1911,1083745
Belize,BLZ,1912,794022.2
Belize,BLZ,1913,920646.6
Belize,BLZ,1914,1150030.4
Belize,BLZ,1915,991877.2
Belize,BLZ,1916,1003987.44
Belize,BLZ,1917,981351.06
Belize,BLZ,1918,1257839.8
Belize,BLZ,1919,1600710.5
Belize,BLZ,1920,1017738.25
Belize,BLZ,1921,881458.1
Belize,BLZ,1922,781611.3
Belize,BLZ,1923,947172.44
Belize,BLZ,1924,983788.75
Belize,BLZ,1925,903712
Belize,BLZ,1926,858034.94
Belize,BLZ,1927,751133.75
Belize,BLZ,1928,1082822.2
Belize,BLZ,1929,874672.3
Belize,BLZ,1930,1196498.6
Belize,BLZ,1931,1392335.2
Belize,BLZ,1932,1084309.1
Belize,BLZ,1933,1208181.1
Belize,BLZ,1934,1087876.5
Belize,BLZ,1935,1005717.7
Belize,BLZ,1936,932977.4
Belize,BLZ,1937,1557332
Belize,BLZ,1938,1137879.2
Belize,BLZ,1939,1641706.5
Belize,BLZ,1940,1336292.9
Belize,BLZ,1941,1697684.2
Belize,BLZ,1942,1802526.6
Belize,BLZ,1943,1515360
Belize,BLZ,1944,1458535.2
Belize,BLZ,1945,1231089.8
Belize,BLZ,1946,1702439.4
Belize,BLZ,1947,1626543.5
Belize,BLZ,1948,1300380.5
Belize,BLZ,1949,1403388
Belize,BLZ,1950,1239166.4
Belize,BLZ,1951,2247169
Belize,BLZ,1952,2177683.2
Belize,BLZ,1953,1710970.4
Belize,BLZ,1954,1922173.8
Belize,BLZ,1955,2231489.5
Belize,BLZ,1956,2329486.8
Belize,BLZ,1957,1757274.8
Belize,BLZ,1958,2467199
Belize,BLZ,1959,4079919.2
Belize,BLZ,1960,2410864.8
Belize,BLZ,1961,1730500.1
Belize,BLZ,1962,1592275.4
Belize,BLZ,1963,1617256.5
Belize,BLZ,1964,1410016.8
Belize,BLZ,1965,1814904.1
Belize,BLZ,1966,1767798.5
Belize,BLZ,1967,1446083.6
Belize,BLZ,1968,1417396.6
Belize,BLZ,1969,1868710
Belize,BLZ,1970,1534110.6
Belize,BLZ,1971,1396611
Belize,BLZ,1972,1494685.4
Belize,BLZ,1973,2065475.4
Belize,BLZ,1974,1635914.8
Belize,BLZ,1975,1968565.4
Belize,BLZ,1976,2480743.2
Belize,BLZ,1977,3146319.8
Belize,BLZ,1978,2320305
Belize,BLZ,1979,2855824.8
Belize,BLZ,1980,2868551.5
Belize,BLZ,1981,2869395
Belize,BLZ,1982,2276620.8
Belize,BLZ,1983,3504823.8
Belize,BLZ,1984,2957819.5
Belize,BLZ,1985,2876547
Belize,BLZ,1986,4724145.5
Belize,BLZ,1987,7851038
Belize,BLZ,1988,7408518.5
Belize,BLZ,1989,8796688
Belize,BLZ,1990,6836767
Belize,BLZ,1991,8414100
Belize,BLZ,1992,9194643
Belize,BLZ,1993,7747935.5
Belize,BLZ,1994,6244207.5
Belize,BLZ,1995,5807275.5
Belize,BLZ,1996,5207664
Belize,BLZ,1997,5539135.5
Belize,BLZ,1998,5868805.5
Belize,BLZ,1999,5613346
Belize,BLZ,2000,5489773.5
Belize,BLZ,2001,6275607.5
Belize,BLZ,2002,6407037.5
Belize,BLZ,2003,5536784
Belize,BLZ,2004,4690153.5
Belize,BLZ,2005,4452382.5
Belize,BLZ,2006,4983264
Belize,BLZ,2007,4941925
Belize,BLZ,2008,4967563.5
Belize,BLZ,2009,5959855.5
Belize,BLZ,2010,6131199
Belize,BLZ,2011,6163577
Belize,BLZ,2012,5693266.5
Belize,BLZ,2013,5906897.5
Belize,BLZ,2014,7720864
Belize,BLZ,2015,9073190
Belize,BLZ,2016,7489811.5
Belize,BLZ,2017,7194563.5
Belize,BLZ,2018,6656966
Belize,BLZ,2019,8069144
Belize,BLZ,2020,7397289.5
Belize,BLZ,2021,7017562.5
Belize,BLZ,2022,7489466
Belize,BLZ,2023,7455216.5
Benin,BEN,1850,-1279188.2
Benin,BEN,1851,-1295044.6
Benin,BEN,1852,-1313715.2
Benin,BEN,1853,-1332244.6
Benin,BEN,1854,-1349931.2
Benin,BEN,1855,-1366943.8
Benin,BEN,1856,-1383038.1
Benin,BEN,1857,-1398291.1
Benin,BEN,1858,-1412715.9
Benin,BEN,1859,-1426443.6
Benin,BEN,1860,-1286277.4
Benin,BEN,1861,-1166068.9
Benin,BEN,1862,-1054829.1
Benin,BEN,1863,-956290.4
Benin,BEN,1864,-865821.9
Benin,BEN,1865,-783116.2
Benin,BEN,1866,-707242.94
Benin,BEN,1867,-637180.56
Benin,BEN,1868,-573354.5
Benin,BEN,1869,-514312.12
Benin,BEN,1870,-445145.12
Benin,BEN,1871,-388411.16
Benin,BEN,1872,-336940.44
Benin,BEN,1873,-289875.03
Benin,BEN,1874,-245889.84
Benin,BEN,1875,-207616.94
Benin,BEN,1876,-171560.14
Benin,BEN,1877,-137823.44
Benin,BEN,1878,-106519.69
Benin,BEN,1879,-77762.1
Benin,BEN,1880,-57791.613
Benin,BEN,1881,-37283.277
Benin,BEN,1882,-18825.328
Benin,BEN,1883,-1166.3496
Benin,BEN,1884,16877.229
Benin,BEN,1885,33442.727
Benin,BEN,1886,49117.203
Benin,BEN,1887,64222.33
Benin,BEN,1888,78823.07
Benin,BEN,1889,93369.28
Benin,BEN,1890,115272.984
Benin,BEN,1891,130978.89
Benin,BEN,1892,146815.42
Benin,BEN,1893,164082.64
Benin,BEN,1894,180609.05
Benin,BEN,1895,194497.86
Benin,BEN,1896,210264.39
Benin,BEN,1897,230024.1
Benin,BEN,1898,255012.95
Benin,BEN,1899,278672
Benin,BEN,1900,298756.44
Benin,BEN,1901,336191.53
Benin,BEN,1902,372029.8
Benin,BEN,1903,411223.62
Benin,BEN,1904,450344.12
Benin,BEN,1905,494810.9
Benin,BEN,1906,532813.9
Benin,BEN,1907,585592.2
Benin,BEN,1908,641418.4
Benin,BEN,1909,711025.25
Benin,BEN,1910,839798.1
Benin,BEN,1911,941170.25
Benin,BEN,1912,1014329.3
Benin,BEN,1913,1092506.9
Benin,BEN,1914,1196863
Benin,BEN,1915,1279685.2
Benin,BEN,1916,1357931.4
Benin,BEN,1917,1444392.2
Benin,BEN,1918,1514768.4
Benin,BEN,1919,1585472.5
Benin,BEN,1920,1689866.6
Benin,BEN,1921,1812999.6
Benin,BEN,1922,1929372.8
Benin,BEN,1923,2055643.6
Benin,BEN,1924,2179432.5
Benin,BEN,1925,2304289.5
Benin,BEN,1926,2406457.8
Benin,BEN,1927,2531365.2
Benin,BEN,1928,2652272.8
Benin,BEN,1929,2769861.8
Benin,BEN,1930,2868243.8
Benin,BEN,1931,2981362.2
Benin,BEN,1932,3060487.5
Benin,BEN,1933,3188153.8
Benin,BEN,1934,3289378.5
Benin,BEN,1935,3419354.2
Benin,BEN,1936,3484211.5
Benin,BEN,1937,3545419
Benin,BEN,1938,3630903
Benin,BEN,1939,3762957.8
Benin,BEN,1940,3971296.5
Benin,BEN,1941,4110384.2
Benin,BEN,1942,4217740
Benin,BEN,1943,4476427
Benin,BEN,1944,4669204.5
Benin,BEN,1945,4877057.5
Benin,BEN,1946,5039347
Benin,BEN,1947,5318442
Benin,BEN,1948,5502351
Benin,BEN,1949,5685146
Benin,BEN,1950,5803213.5
Benin,BEN,1951,6001625
Benin,BEN,1952,6082399
Benin,BEN,1953,6277073
Benin,BEN,1954,6490533.5
Benin,BEN,1955,6821383.5
Benin,BEN,1956,7056388.5
Benin,BEN,1957,7375127
Benin,BEN,1958,7713053.5
Benin,BEN,1959,7923751.5
Benin,BEN,1960,7379744.5
Benin,BEN,1961,8418051
Benin,BEN,1962,9081842
Benin,BEN,1963,9516313
Benin,BEN,1964,9734291
Benin,BEN,1965,10772636
Benin,BEN,1966,11955888
Benin,BEN,1967,12538956
Benin,BEN,1968,16058472
Benin,BEN,1969,13506051
Benin,BEN,1970,14199012
Benin,BEN,1971,13421101
Benin,BEN,1972,12800978
Benin,BEN,1973,13251170
Benin,BEN,1974,13429581
Benin,BEN,1975,13567739
Benin,BEN,1976,13665008
Benin,BEN,1977,13519452
Benin,BEN,1978,13464820
Benin,BEN,1979,13822590
Benin,BEN,1980,14894969
Benin,BEN,1981,14398571
Benin,BEN,1982,13894471
Benin,BEN,1983,13324587
Benin,BEN,1984,13961712
Benin,BEN,1985,14647368
Benin,BEN,1986,13878164
Benin,BEN,1987,13340549
Benin,BEN,1988,13128582
Benin,BEN,1989,13415167
Benin,BEN,1990,14391126
Benin,BEN,1991,15123680
Benin,BEN,1992,16366166
Benin,BEN,1993,20546294
Benin,BEN,1994,25941248
Benin,BEN,1995,33147742
Benin,BEN,1996,37658652
Benin,BEN,1997,39071520
Benin,BEN,1998,35011620
Benin,BEN,1999,34802788
Benin,BEN,2000,33144446
Benin,BEN,2001,32623098
Benin,BEN,2002,33400356
Benin,BEN,2003,28632382
Benin,BEN,2004,27699200
Benin,BEN,2005,23411922
Benin,BEN,2006,23549608
Benin,BEN,2007,33164114
Benin,BEN,2008,31574970
Benin,BEN,2009,28587292
Benin,BEN,2010,28109922
Benin,BEN,2011,31084084
Benin,BEN,2012,36810916
Benin,BEN,2013,31003114
Benin,BEN,2014,28905022
Benin,BEN,2015,27627896
Benin,BEN,2016,26624296
Benin,BEN,2017,26331498
Benin,BEN,2018,25587338
Benin,BEN,2019,25522290
Benin,BEN,2020,25612342
Benin,BEN,2021,26024864
Benin,BEN,2022,26246660
Benin,BEN,2023,26241766
Bhutan,BTN,1850,825694.56
Bhutan,BTN,1851,1224951.8
Bhutan,BTN,1852,1308289.1
Bhutan,BTN,1853,1043017.56
Bhutan,BTN,1854,1563139.4
Bhutan,BTN,1855,933296.1
Bhutan,BTN,1856,2539027
Bhutan,BTN,1857,10187.511
Bhutan,BTN,1858,1488509.1
Bhutan,BTN,1859,-76447.79
Bhutan,BTN,1860,1031663.8
Bhutan,BTN,1861,1579918.2
Bhutan,BTN,1862,1200420.1
Bhutan,BTN,1863,1873774.5
Bhutan,BTN,1864,1054914.2
Bhutan,BTN,1865,1142470.4
Bhutan,BTN,1866,1706502.2
Bhutan,BTN,1867,1074964.1
Bhutan,BTN,1868,1824181.6
Bhutan,BTN,1869,1560127.1
Bhutan,BTN,1870,1391053
Bhutan,BTN,1871,1853698.5
Bhutan,BTN,1872,1458980.6
Bhutan,BTN,1873,1759819.1
Bhutan,BTN,1874,1191426.8
Bhutan,BTN,1875,1807600.9
Bhutan,BTN,1876,1852009.5
Bhutan,BTN,1877,1064148.8
Bhutan,BTN,1878,2079485
Bhutan,BTN,1879,1695212.8
Bhutan,BTN,1880,1481535.9
Bhutan,BTN,1881,1871917.4
Bhutan,BTN,1882,1602238
Bhutan,BTN,1883,1867121.5
Bhutan,BTN,1884,1418154.8
Bhutan,BTN,1885,2040863.8
Bhutan,BTN,1886,1466421.2
Bhutan,BTN,1887,2156938
Bhutan,BTN,1888,2262821.8
Bhutan,BTN,1889,1443754.2
Bhutan,BTN,1890,2091551.1
Bhutan,BTN,1891,2482042
Bhutan,BTN,1892,2977320.5
Bhutan,BTN,1893,2231276.8
Bhutan,BTN,1894,2146568.8
Bhutan,BTN,1895,1760183
Bhutan,BTN,1896,2152517.8
Bhutan,BTN,1897,2337507.5
Bhutan,BTN,1898,2045569
Bhutan,BTN,1899,2506515.8
Bhutan,BTN,1900,2166461.8
Bhutan,BTN,1901,2602024.8
Bhutan,BTN,1902,1791083.4
Bhutan,BTN,1903,2358651.5
Bhutan,BTN,1904,2637714.8
Bhutan,BTN,1905,3308701.2
Bhutan,BTN,1906,1979436
Bhutan,BTN,1907,1726502.9
Bhutan,BTN,1908,2755035.5
Bhutan,BTN,1909,2553504.8
Bhutan,BTN,1910,3060519.8
Bhutan,BTN,1911,3286708.5
Bhutan,BTN,1912,2870235.8
Bhutan,BTN,1913,3201529.8
Bhutan,BTN,1914,3048739.5
Bhutan,BTN,1915,3077765
Bhutan,BTN,1916,2097755.5
Bhutan,BTN,1917,2752081
Bhutan,BTN,1918,2865291.2
Bhutan,BTN,1919,3598769.2
Bhutan,BTN,1920,2906761.2
Bhutan,BTN,1921,3111709.8
Bhutan,BTN,1922,2722797
Bhutan,BTN,1923,2370895
Bhutan,BTN,1924,3397830.5
Bhutan,BTN,1925,2858770.2
Bhutan,BTN,1926,3494519.2
Bhutan,BTN,1927,2803973
Bhutan,BTN,1928,2869451.8
Bhutan,BTN,1929,3417407.2
Bhutan,BTN,1930,4082553
Bhutan,BTN,1931,4161246.8
Bhutan,BTN,1932,4156013.2
Bhutan,BTN,1933,3792208.8
Bhutan,BTN,1934,3986594.2
Bhutan,BTN,1935,3968484.8
Bhutan,BTN,1936,4110198.2
Bhutan,BTN,1937,3524502.8
Bhutan,BTN,1938,4408836
Bhutan,BTN,1939,5500833
Bhutan,BTN,1940,4692393.5
Bhutan,BTN,1941,3605252
Bhutan,BTN,1942,4522249.5
Bhutan,BTN,1943,4665625
Bhutan,BTN,1944,4774380.5
Bhutan,BTN,1945,5267412.5
Bhutan,BTN,1946,5097381
Bhutan,BTN,1947,4613970
Bhutan,BTN,1948,4736364.5
Bhutan,BTN,1949,4870773
Bhutan,BTN,1950,9343137
Bhutan,BTN,1951,6913398
Bhutan,BTN,1952,6355923
Bhutan,BTN,1953,6588954.5
Bhutan,BTN,1954,7217459
Bhutan,BTN,1955,7939347
Bhutan,BTN,1956,7004786
Bhutan,BTN,1957,7637435
Bhutan,BTN,1958,7817982
Bhutan,BTN,1959,13217838
Bhutan,BTN,1960,8495428
Bhutan,BTN,1961,10285479
Bhutan,BTN,1962,7785605
Bhutan,BTN,1963,8263170.5
Bhutan,BTN,1964,8978638
Bhutan,BTN,1965,8900181
Bhutan,BTN,1966,9118989
Bhutan,BTN,1967,8896552
Bhutan,BTN,1968,8640294
Bhutan,BTN,1969,11371302
Bhutan,BTN,1970,10217778
Bhutan,BTN,1971,10058931
Bhutan,BTN,1972,11017976
Bhutan,BTN,1973,11665124
Bhutan,BTN,1974,11186558
Bhutan,BTN,1975,10790408
Bhutan,BTN,1976,10213953
Bhutan,BTN,1977,10980737
Bhutan,BTN,1978,10369930
Bhutan,BTN,1979,11347817
Bhutan,BTN,1980,11356442
Bhutan,BTN,1981,12093895
Bhutan,BTN,1982,12820182
Bhutan,BTN,1983,14231829
Bhutan,BTN,1984,11004645
Bhutan,BTN,1985,10918902
Bhutan,BTN,1986,13209148
Bhutan,BTN,1987,10925738
Bhutan,BTN,1988,9565662
Bhutan,BTN,1989,10502528
Bhutan,BTN,1990,16571225
Bhutan,BTN,1991,11448033
Bhutan,BTN,1992,10131178
Bhutan,BTN,1993,9666895
Bhutan,BTN,1994,15750658
Bhutan,BTN,1995,10304493
Bhutan,BTN,1996,9168763
Bhutan,BTN,1997,8230340
Bhutan,BTN,1998,9558333
Bhutan,BTN,1999,9330475
Bhutan,BTN,2000,9894446
Bhutan,BTN,2001,7789957
Bhutan,BTN,2002,9144628
Bhutan,BTN,2003,9682933
Bhutan,BTN,2004,9910932
Bhutan,BTN,2005,9049355
Bhutan,BTN,2006,8176795.5
Bhutan,BTN,2007,8790935
Bhutan,BTN,2008,10489599
Bhutan,BTN,2009,9096567
Bhutan,BTN,2010,10902538
Bhutan,BTN,2011,9605600
Bhutan,BTN,2012,9776983
Bhutan,BTN,2013,7148380.5
Bhutan,BTN,2014,5432232.5
Bhutan,BTN,2015,4246625
Bhutan,BTN,2016,3881365.8
Bhutan,BTN,2017,4615019
Bhutan,BTN,2018,4589537
Bhutan,BTN,2019,4496343
Bhutan,BTN,2020,5064315
Bhutan,BTN,2021,5257060.5
Bhutan,BTN,2022,4884538.5
Bhutan,BTN,2023,5002948.5
Bolivia,BOL,1850,17391358
Bolivia,BOL,1851,22615524
Bolivia,BOL,1852,25584178
Bolivia,BOL,1853,27453996
Bolivia,BOL,1854,28737044
Bolivia,BOL,1855,29984720
Bolivia,BOL,1856,31073952
Bolivia,BOL,1857,31880202
Bolivia,BOL,1858,32950396
Bolivia,BOL,1859,33741972
Bolivia,BOL,1860,20677318
Bolivia,BOL,1861,14582034
Bolivia,BOL,1862,11085815
Bolivia,BOL,1863,8915469
Bolivia,BOL,1864,7140345
Bolivia,BOL,1865,5622228.5
Bolivia,BOL,1866,4242347.5
Bolivia,BOL,1867,3071926.8
Bolivia,BOL,1868,1998313.4
Bolivia,BOL,1869,1086077.8
Bolivia,BOL,1870,292017.12
Bolivia,BOL,1871,-403536.5
Bolivia,BOL,1872,-992610.7
Bolivia,BOL,1873,-1614459.6
Bolivia,BOL,1874,-2216625
Bolivia,BOL,1875,-2738275.5
Bolivia,BOL,1876,-3165893
Bolivia,BOL,1877,-3599473.5
Bolivia,BOL,1878,-4084144.2
Bolivia,BOL,1879,-4437790
Bolivia,BOL,1880,6552027
Bolivia,BOL,1881,12524349
Bolivia,BOL,1882,15832542
Bolivia,BOL,1883,17986646
Bolivia,BOL,1884,19861854
Bolivia,BOL,1885,21501550
Bolivia,BOL,1886,22935786
Bolivia,BOL,1887,24360390
Bolivia,BOL,1888,25756496
Bolivia,BOL,1889,27033136
Bolivia,BOL,1890,24370520
Bolivia,BOL,1891,23043632
Bolivia,BOL,1892,22924714
Bolivia,BOL,1893,23030296
Bolivia,BOL,1894,23195128
Bolivia,BOL,1895,23310112
Bolivia,BOL,1896,23513610
Bolivia,BOL,1897,23656322
Bolivia,BOL,1898,23737956
Bolivia,BOL,1899,24118574
Bolivia,BOL,1900,21848364
Bolivia,BOL,1901,21016630
Bolivia,BOL,1902,20897768
Bolivia,BOL,1903,20884468
Bolivia,BOL,1904,21175382
Bolivia,BOL,1905,21842666
Bolivia,BOL,1906,22302902
Bolivia,BOL,1907,23094068
Bolivia,BOL,1908,23609946
Bolivia,BOL,1909,23883924
Bolivia,BOL,1910,29635800
Bolivia,BOL,1911,33755684
Bolivia,BOL,1912,35652736
Bolivia,BOL,1913,37204904
Bolivia,BOL,1914,38608120
Bolivia,BOL,1915,39914090
Bolivia,BOL,1916,41099990
Bolivia,BOL,1917,42525240
Bolivia,BOL,1918,43841464
Bolivia,BOL,1919,44623640
Bolivia,BOL,1920,44373604
Bolivia,BOL,1921,44849560
Bolivia,BOL,1922,45226236
Bolivia,BOL,1923,44762920
Bolivia,BOL,1924,44231412
Bolivia,BOL,1925,45744428
Bolivia,BOL,1926,45934428
Bolivia,BOL,1927,46502924
Bolivia,BOL,1928,46265700
Bolivia,BOL,1929,46514772
Bolivia,BOL,1930,45707990
Bolivia,BOL,1931,45906132
Bolivia,BOL,1932,47886016
Bolivia,BOL,1933,47749230
Bolivia,BOL,1934,47984616
Bolivia,BOL,1935,48930388
Bolivia,BOL,1936,49276700
Bolivia,BOL,1937,49768820
Bolivia,BOL,1938,49944676
Bolivia,BOL,1939,50719188
Bolivia,BOL,1940,53922990
Bolivia,BOL,1941,53143828
Bolivia,BOL,1942,52142816
Bolivia,BOL,1943,50904460
Bolivia,BOL,1944,49896860
Bolivia,BOL,1945,49251164
Bolivia,BOL,1946,48280664
Bolivia,BOL,1947,47506296
Bolivia,BOL,1948,47273484
Bolivia,BOL,1949,46716068
Bolivia,BOL,1950,49310268
Bolivia,BOL,1951,51558024
Bolivia,BOL,1952,53895504
Bolivia,BOL,1953,56335908
Bolivia,BOL,1954,59660250
Bolivia,BOL,1955,62540476
Bolivia,BOL,1956,65126376
Bolivia,BOL,1957,66846740
Bolivia,BOL,1958,68416584
Bolivia,BOL,1959,70355304
Bolivia,BOL,1960,62811616
Bolivia,BOL,1961,51545870
Bolivia,BOL,1962,45972540
Bolivia,BOL,1963,47509096
Bolivia,BOL,1964,46037504
Bolivia,BOL,1965,47983012
Bolivia,BOL,1966,50000588
Bolivia,BOL,1967,52576620
Bolivia,BOL,1968,58240584
Bolivia,BOL,1969,57467668
Bolivia,BOL,1970,68202824
Bolivia,BOL,1971,74050670
Bolivia,BOL,1972,70984440
Bolivia,BOL,1973,80405610
Bolivia,BOL,1974,84527176
Bolivia,BOL,1975,73851390
Bolivia,BOL,1976,82675170
Bolivia,BOL,1977,71541750
Bolivia,BOL,1978,80521810
Bolivia,BOL,1979,70767730
Bolivia,BOL,1980,78390150
Bolivia,BOL,1981,67908620
Bolivia,BOL,1982,66264880
Bolivia,BOL,1983,78731864
Bolivia,BOL,1984,65062230
Bolivia,BOL,1985,75198030
Bolivia,BOL,1986,67070790
Bolivia,BOL,1987,67224700
Bolivia,BOL,1988,70453480
Bolivia,BOL,1989,65877080
Bolivia,BOL,1990,80667800
Bolivia,BOL,1991,82887680
Bolivia,BOL,1992,109344584
Bolivia,BOL,1993,99933240
Bolivia,BOL,1994,163639570
Bolivia,BOL,1995,128756980
Bolivia,BOL,1996,131421336
Bolivia,BOL,1997,139398430
Bolivia,BOL,1998,159032240
Bolivia,BOL,1999,139070380
Bolivia,BOL,2000,114990050
Bolivia,BOL,2001,113670930
Bolivia,BOL,2002,123662550
Bolivia,BOL,2003,207222900
Bolivia,BOL,2004,155964340
Bolivia,BOL,2005,134652580
Bolivia,BOL,2006,121792370
Bolivia,BOL,2007,117333690
Bolivia,BOL,2008,120525224
Bolivia,BOL,2009,116299420
Bolivia,BOL,2010,121191570
Bolivia,BOL,2011,117962810
Bolivia,BOL,2012,118569464
Bolivia,BOL,2013,114503350
Bolivia,BOL,2014,110786950
Bolivia,BOL,2015,114118470
Bolivia,BOL,2016,110355170
Bolivia,BOL,2017,128689784
Bolivia,BOL,2018,125879300
Bolivia,BOL,2019,118906500
Bolivia,BOL,2020,118996530
Bolivia,BOL,2021,119672370
Bolivia,BOL,2022,123257900
Bolivia,BOL,2023,143291340
Bosnia and Herzegovina,BIH,1850,3518462.8
Bosnia and Herzegovina,BIH,1851,3452832
Bosnia and Herzegovina,BIH,1852,3518653.8
Bosnia and Herzegovina,BIH,1853,3583792.8
Bosnia and Herzegovina,BIH,1854,3546331.8
Bosnia and Herzegovina,BIH,1855,3539106
Bosnia and Herzegovina,BIH,1856,3588813.8
Bosnia and Herzegovina,BIH,1857,3626294.5
Bosnia and Herzegovina,BIH,1858,3620959.8
Bosnia and Herzegovina,BIH,1859,3574080.2
Bosnia and Herzegovina,BIH,1860,4313332
Bosnia and Herzegovina,BIH,1861,4492906
Bosnia and Herzegovina,BIH,1862,4624158
Bosnia and Herzegovina,BIH,1863,4757207.5
Bosnia and Herzegovina,BIH,1864,4726043.5
Bosnia and Herzegovina,BIH,1865,4991455
Bosnia and Herzegovina,BIH,1866,5126316
Bosnia and Herzegovina,BIH,1867,5324293
Bosnia and Herzegovina,BIH,1868,5296227
Bosnia and Herzegovina,BIH,1869,5505298
Bosnia and Herzegovina,BIH,1870,5651438.5
Bosnia and Herzegovina,BIH,1871,5640650.5
Bosnia and Herzegovina,BIH,1872,5826891.5
Bosnia and Herzegovina,BIH,1873,6002102.5
Bosnia and Herzegovina,BIH,1874,6015602.5
Bosnia and Herzegovina,BIH,1875,6053120
Bosnia and Herzegovina,BIH,1876,6186187.5
Bosnia and Herzegovina,BIH,1877,6286098
Bosnia and Herzegovina,BIH,1878,6311632
Bosnia and Herzegovina,BIH,1879,6267198.5
Bosnia and Herzegovina,BIH,1880,6506720.5
Bosnia and Herzegovina,BIH,1881,6538732.5
Bosnia and Herzegovina,BIH,1882,6590011
Bosnia and Herzegovina,BIH,1883,6664685.5
Bosnia and Herzegovina,BIH,1884,6485463.5
Bosnia and Herzegovina,BIH,1885,6795886
Bosnia and Herzegovina,BIH,1886,6899852.5
Bosnia and Herzegovina,BIH,1887,7070470.5
Bosnia and Herzegovina,BIH,1888,6941688.5
Bosnia and Herzegovina,BIH,1889,7155300
Bosnia and Herzegovina,BIH,1890,7212002.5
Bosnia and Herzegovina,BIH,1891,7075644
Bosnia and Herzegovina,BIH,1892,7256644.5
Bosnia and Herzegovina,BIH,1893,7418505
Bosnia and Herzegovina,BIH,1894,7365362
Bosnia and Herzegovina,BIH,1895,7357923.5
Bosnia and Herzegovina,BIH,1896,7476928
Bosnia and Herzegovina,BIH,1897,7529533.5
Bosnia and Herzegovina,BIH,1898,7506566.5
Bosnia and Herzegovina,BIH,1899,7416110.5
Bosnia and Herzegovina,BIH,1900,7609430.5
Bosnia and Herzegovina,BIH,1901,7634143
Bosnia and Herzegovina,BIH,1902,7514682
Bosnia and Herzegovina,BIH,1903,7661964.5
Bosnia and Herzegovina,BIH,1904,7778584.5
Bosnia and Herzegovina,BIH,1905,7667289
Bosnia and Herzegovina,BIH,1906,7639134.5
Bosnia and Herzegovina,BIH,1907,7710716.5
Bosnia and Herzegovina,BIH,1908,7738004
Bosnia and Herzegovina,BIH,1909,7625201
Bosnia and Herzegovina,BIH,1910,7951837.5
Bosnia and Herzegovina,BIH,1911,8355584.5
Bosnia and Herzegovina,BIH,1912,8457943
Bosnia and Herzegovina,BIH,1913,9017241
Bosnia and Herzegovina,BIH,1914,8383087.5
Bosnia and Herzegovina,BIH,1915,8166909
Bosnia and Herzegovina,BIH,1916,8584254
Bosnia and Herzegovina,BIH,1917,8756218
Bosnia and Herzegovina,BIH,1918,8930989
Bosnia and Herzegovina,BIH,1919,9296388
Bosnia and Herzegovina,BIH,1920,9524905
Bosnia and Herzegovina,BIH,1921,9669629
Bosnia and Herzegovina,BIH,1922,9851768
Bosnia and Herzegovina,BIH,1923,9888598
Bosnia and Herzegovina,BIH,1924,9763817
Bosnia and Herzegovina,BIH,1925,9962169
Bosnia and Herzegovina,BIH,1926,9640995
Bosnia and Herzegovina,BIH,1927,10398038
Bosnia and Herzegovina,BIH,1928,10582663
Bosnia and Herzegovina,BIH,1929,10480610
Bosnia and Herzegovina,BIH,1930,9873822
Bosnia and Herzegovina,BIH,1931,9738508
Bosnia and Herzegovina,BIH,1932,9378440
Bosnia and Herzegovina,BIH,1933,9173610
Bosnia and Herzegovina,BIH,1934,9006781
Bosnia and Herzegovina,BIH,1935,9260160
Bosnia and Herzegovina,BIH,1936,8945856
Bosnia and Herzegovina,BIH,1937,8784052
Bosnia and Herzegovina,BIH,1938,8961777
Bosnia and Herzegovina,BIH,1939,9014673
Bosnia and Herzegovina,BIH,1940,8152664.5
Bosnia and Herzegovina,BIH,1941,6087067
Bosnia and Herzegovina,BIH,1942,6088020
Bosnia and Herzegovina,BIH,1943,6491698
Bosnia and Herzegovina,BIH,1944,5958147
Bosnia and Herzegovina,BIH,1945,6982551.5
Bosnia and Herzegovina,BIH,1946,8243547
Bosnia and Herzegovina,BIH,1947,8621904
Bosnia and Herzegovina,BIH,1948,8843898
Bosnia and Herzegovina,BIH,1949,9417395
Bosnia and Herzegovina,BIH,1950,9153017
Bosnia and Herzegovina,BIH,1951,8307489.5
Bosnia and Herzegovina,BIH,1952,8754424
Bosnia and Herzegovina,BIH,1953,8147943.5
Bosnia and Herzegovina,BIH,1954,8594283
Bosnia and Herzegovina,BIH,1955,8411987
Bosnia and Herzegovina,BIH,1956,8634581
Bosnia and Herzegovina,BIH,1957,8601310
Bosnia and Herzegovina,BIH,1958,7468139
Bosnia and Herzegovina,BIH,1959,6496765.5
Bosnia and Herzegovina,BIH,1960,6896862
Bosnia and Herzegovina,BIH,1961,7261496.5
Bosnia and Herzegovina,BIH,1962,7372200.5
Bosnia and Herzegovina,BIH,1963,7962263
Bosnia and Herzegovina,BIH,1964,8699017
Bosnia and Herzegovina,BIH,1965,8872208
Bosnia and Herzegovina,BIH,1966,8854864
Bosnia and Herzegovina,BIH,1967,8901200
Bosnia and Herzegovina,BIH,1968,9473322
Bosnia and Herzegovina,BIH,1969,9458281
Bosnia and Herzegovina,BIH,1970,12307770
Bosnia and Herzegovina,BIH,1971,13479508
Bosnia and Herzegovina,BIH,1972,12491277
Bosnia and Herzegovina,BIH,1973,14942205
Bosnia and Herzegovina,BIH,1974,15097582
Bosnia and Herzegovina,BIH,1975,16072075
Bosnia and Herzegovina,BIH,1976,16314175
Bosnia and Herzegovina,BIH,1977,16491596
Bosnia and Herzegovina,BIH,1978,17979720
Bosnia and Herzegovina,BIH,1979,20342240
Bosnia and Herzegovina,BIH,1980,19679210
Bosnia and Herzegovina,BIH,1981,21556604
Bosnia and Herzegovina,BIH,1982,20650758
Bosnia and Herzegovina,BIH,1983,22462028
Bosnia and Herzegovina,BIH,1984,23615444
Bosnia and Herzegovina,BIH,1985,24446536
Bosnia and Herzegovina,BIH,1986,25096128
Bosnia and Herzegovina,BIH,1987,24779130
Bosnia and Herzegovina,BIH,1988,25345774
Bosnia and Herzegovina,BIH,1989,25238498
Bosnia and Herzegovina,BIH,1990,25786302
Bosnia and Herzegovina,BIH,1991,16149689
Bosnia and Herzegovina,BIH,1992,16392262
Bosnia and Herzegovina,BIH,1993,13658464
Bosnia and Herzegovina,BIH,1994,2971117.5
Bosnia and Herzegovina,BIH,1995,3165442.2
Bosnia and Herzegovina,BIH,1996,3863116.8
Bosnia and Herzegovina,BIH,1997,11783583
Bosnia and Herzegovina,BIH,1998,12921642
Bosnia and Herzegovina,BIH,1999,13775862
Bosnia and Herzegovina,BIH,2000,16570780
Bosnia and Herzegovina,BIH,2001,15738278
Bosnia and Herzegovina,BIH,2002,18693854
Bosnia and Herzegovina,BIH,2003,18484064
Bosnia and Herzegovina,BIH,2004,19160350
Bosnia and Herzegovina,BIH,2005,19988344
Bosnia and Herzegovina,BIH,2006,21258460
Bosnia and Herzegovina,BIH,2007,22041772
Bosnia and Herzegovina,BIH,2008,24374990
Bosnia and Herzegovina,BIH,2009,25606656
Bosnia and Herzegovina,BIH,2010,25791056
Bosnia and Herzegovina,BIH,2011,28925764
Bosnia and Herzegovina,BIH,2012,27844444
Bosnia and Herzegovina,BIH,2013,26963190
Bosnia and Herzegovina,BIH,2014,26152408
Bosnia and Herzegovina,BIH,2015,26732426
Bosnia and Herzegovina,BIH,2016,29891370
Bosnia and Herzegovina,BIH,2017,29340132
Bosnia and Herzegovina,BIH,2018,29851498
Bosnia and Herzegovina,BIH,2019,29035662
Bosnia and Herzegovina,BIH,2020,28954580
Bosnia and Herzegovina,BIH,2021,28290532
Bosnia and Herzegovina,BIH,2022,27882428
Bosnia and Herzegovina,BIH,2023,26790844
Botswana,BWA,1850,701759.4
Botswana,BWA,1851,709733.44
Botswana,BWA,1852,717058.06
Botswana,BWA,1853,723934.9
Botswana,BWA,1854,730547.2
Botswana,BWA,1855,736858.5
Botswana,BWA,1856,742804.75
Botswana,BWA,1857,748395.25
Botswana,BWA,1858,753529.3
Botswana,BWA,1859,758225.44
Botswana,BWA,1860,765479
Botswana,BWA,1861,772235.56
Botswana,BWA,1862,778209.2
Botswana,BWA,1863,783738.7
Botswana,BWA,1864,789346
Botswana,BWA,1865,794289.06
Botswana,BWA,1866,799245.5
Botswana,BWA,1867,804160.3
Botswana,BWA,1868,809015
Botswana,BWA,1869,813809.44
Botswana,BWA,1870,826366.2
Botswana,BWA,1871,839571.2
Botswana,BWA,1872,855255.4
Botswana,BWA,1873,872907.94
Botswana,BWA,1874,892338.8
Botswana,BWA,1875,912679.94
Botswana,BWA,1876,933045.06
Botswana,BWA,1877,952529.56
Botswana,BWA,1878,970219.56
Botswana,BWA,1879,985228.8
Botswana,BWA,1880,998393.1
Botswana,BWA,1881,1010585.5
Botswana,BWA,1882,1021749.94
Botswana,BWA,1883,1032305.9
Botswana,BWA,1884,1042352
Botswana,BWA,1885,1051923.1
Botswana,BWA,1886,1061163.8
Botswana,BWA,1887,1070172.8
Botswana,BWA,1888,1079039.8
Botswana,BWA,1889,1088065.1
Botswana,BWA,1890,1118241.6
Botswana,BWA,1891,1135904.8
Botswana,BWA,1892,1151694.5
Botswana,BWA,1893,1166338.1
Botswana,BWA,1894,1180654.2
Botswana,BWA,1895,1194774.5
Botswana,BWA,1896,1209911.8
Botswana,BWA,1897,1225290.9
Botswana,BWA,1898,1241913.8
Botswana,BWA,1899,1259903.1
Botswana,BWA,1900,1291895
Botswana,BWA,1901,1327237.2
Botswana,BWA,1902,1352469.9
Botswana,BWA,1903,1383736.6
Botswana,BWA,1904,1421023.5
Botswana,BWA,1905,1449526.6
Botswana,BWA,1906,1493769.1
Botswana,BWA,1907,1531020.4
Botswana,BWA,1908,1559975
Botswana,BWA,1909,1610031.4
Botswana,BWA,1910,1655628.8
Botswana,BWA,1911,1708817.1
Botswana,BWA,1912,1762932.8
Botswana,BWA,1913,1821967.9
Botswana,BWA,1914,1898274.8
Botswana,BWA,1915,1959917.5
Botswana,BWA,1916,2008074.1
Botswana,BWA,1917,2077487.4
Botswana,BWA,1918,2146520.8
Botswana,BWA,1919,2192594.5
Botswana,BWA,1920,2280954.8
Botswana,BWA,1921,2376787.8
Botswana,BWA,1922,2420868.5
Botswana,BWA,1923,2545855.2
Botswana,BWA,1924,2604026
Botswana,BWA,1925,2712429.8
Botswana,BWA,1926,2748030.2
Botswana,BWA,1927,2805525
Botswana,BWA,1928,2884955.2
Botswana,BWA,1929,2941332.8
Botswana,BWA,1930,3052889.5
Botswana,BWA,1931,3153086.8
Botswana,BWA,1932,3251167.5
Botswana,BWA,1933,3292363.8
Botswana,BWA,1934,3430560.8
Botswana,BWA,1935,3399138.2
Botswana,BWA,1936,3499500
Botswana,BWA,1937,3523860.8
Botswana,BWA,1938,3574273.8
Botswana,BWA,1939,3636655.5
Botswana,BWA,1940,4077727
Botswana,BWA,1941,4461807
Botswana,BWA,1942,4970225
Botswana,BWA,1943,5568144
Botswana,BWA,1944,6119435.5
Botswana,BWA,1945,6631976
Botswana,BWA,1946,7276060.5
Botswana,BWA,1947,7753781
Botswana,BWA,1948,8295546.5
Botswana,BWA,1949,8592895
Botswana,BWA,1950,8756816
Botswana,BWA,1951,8589069
Botswana,BWA,1952,8405173
Botswana,BWA,1953,8172112
Botswana,BWA,1954,7889001.5
Botswana,BWA,1955,7627643
Botswana,BWA,1956,7289307.5
Botswana,BWA,1957,7069193
Botswana,BWA,1958,6909906
Botswana,BWA,1959,6700819
Botswana,BWA,1960,6642903
Botswana,BWA,1961,8765967
Botswana,BWA,1962,8518967
Botswana,BWA,1963,8342108.5
Botswana,BWA,1964,8131961
Botswana,BWA,1965,7629965.5
Botswana,BWA,1966,7413934
Botswana,BWA,1967,7631466
Botswana,BWA,1968,7703796.5
Botswana,BWA,1969,7985018.5
Botswana,BWA,1970,10979866
Botswana,BWA,1971,7107533
Botswana,BWA,1972,7789289
Botswana,BWA,1973,8198909
Botswana,BWA,1974,7737797
Botswana,BWA,1975,8957825
Botswana,BWA,1976,9115581
Botswana,BWA,1977,10341122
Botswana,BWA,1978,10410617
Botswana,BWA,1979,12371903
Botswana,BWA,1980,11447502
Botswana,BWA,1981,10698521
Botswana,BWA,1982,11548136
Botswana,BWA,1983,11275159
Botswana,BWA,1984,9661133
Botswana,BWA,1985,10037645
Botswana,BWA,1986,10087160
Botswana,BWA,1987,12750685
Botswana,BWA,1988,11420224
Botswana,BWA,1989,13062850
Botswana,BWA,1990,16353261
Botswana,BWA,1991,15882114
Botswana,BWA,1992,19652262
Botswana,BWA,1993,21057340
Botswana,BWA,1994,19915998
Botswana,BWA,1995,20677140
Botswana,BWA,1996,20331896
Botswana,BWA,1997,19556056
Botswana,BWA,1998,20605676
Botswana,BWA,1999,23373420
Botswana,BWA,2000,20810816
Botswana,BWA,2001,24193528
Botswana,BWA,2002,23156294
Botswana,BWA,2003,15644095
Botswana,BWA,2004,15293929
Botswana,BWA,2005,16654508
Botswana,BWA,2006,19295208
Botswana,BWA,2007,20451726
Botswana,BWA,2008,29907542
Botswana,BWA,2009,18354770
Botswana,BWA,2010,32954070
Botswana,BWA,2011,36022010
Botswana,BWA,2012,23557214
Botswana,BWA,2013,25489962
Botswana,BWA,2014,20479410
Botswana,BWA,2015,18159654
Botswana,BWA,2016,17777036
Botswana,BWA,2017,22047864
Botswana,BWA,2018,20297568
Botswana,BWA,2019,17396806
Botswana,BWA,2020,18941080
Botswana,BWA,2021,28455272
Botswana,BWA,2022,27761874
Botswana,BWA,2023,31376644
Brazil,BRA,1850,46168044
Brazil,BRA,1851,54861370
Brazil,BRA,1852,42496292
Brazil,BRA,1853,42188656
Brazil,BRA,1854,44983092
Brazil,BRA,1855,51197656
Brazil,BRA,1856,56077244
Brazil,BRA,1857,56256260
Brazil,BRA,1858,54031492
Brazil,BRA,1859,43494036
Brazil,BRA,1860,46981096
Brazil,BRA,1861,55296080
Brazil,BRA,1862,57411144
Brazil,BRA,1863,54706396
Brazil,BRA,1864,57559620
Brazil,BRA,1865,47476548
Brazil,BRA,1866,65134920
Brazil,BRA,1867,54181116
Brazil,BRA,1868,72814650
Brazil,BRA,1869,66736540
Brazil,BRA,1870,47186600
Brazil,BRA,1871,65507980
Brazil,BRA,1872,74241944
Brazil,BRA,1873,68802200
Brazil,BRA,1874,61850464
Brazil,BRA,1875,79128184
Brazil,BRA,1876,55353730
Brazil,BRA,1877,68396780
Brazil,BRA,1878,71316490
Brazil,BRA,1879,62762564
Brazil,BRA,1880,82521830
Brazil,BRA,1881,91673630
Brazil,BRA,1882,100062140
Brazil,BRA,1883,105982430
Brazil,BRA,1884,113069750
Brazil,BRA,1885,104574150
Brazil,BRA,1886,101001656
Brazil,BRA,1887,116192504
Brazil,BRA,1888,107115400
Brazil,BRA,1889,121679080
Brazil,BRA,1890,111379704
Brazil,BRA,1891,145531980
Brazil,BRA,1892,107679330
Brazil,BRA,1893,151665000
Brazil,BRA,1894,110301730
Brazil,BRA,1895,129639900
Brazil,BRA,1896,132690880
Brazil,BRA,1897,137477780
Brazil,BRA,1898,125954900
Brazil,BRA,1899,141911120
Brazil,BRA,1900,160677700
Brazil,BRA,1901,186505520
Brazil,BRA,1902,189578500
Brazil,BRA,1903,177703860
Brazil,BRA,1904,198397020
Brazil,BRA,1905,207685550
Brazil,BRA,1906,208356690
Brazil,BRA,1907,193294990
Brazil,BRA,1908,218990110
Brazil,BRA,1909,225191280
Brazil,BRA,1910,251853100
Brazil,BRA,1911,311296670
Brazil,BRA,1912,305501340
Brazil,BRA,1913,308358200
Brazil,BRA,1914,315046180
Brazil,BRA,1915,316213060
Brazil,BRA,1916,343905900
Brazil,BRA,1917,337230400
Brazil,BRA,1918,341614660
Brazil,BRA,1919,354411360
Brazil,BRA,1920,383569180
Brazil,BRA,1921,376048160
Brazil,BRA,1922,415731100
Brazil,BRA,1923,428128770
Brazil,BRA,1924,424407580
Brazil,BRA,1925,441529340
Brazil,BRA,1926,440685100
Brazil,BRA,1927,479222240
Brazil,BRA,1928,462982940
Brazil,BRA,1929,466799500
Brazil,BRA,1930,372206720
Brazil,BRA,1931,329316220
Brazil,BRA,1932,346273630
Brazil,BRA,1933,341548640
Brazil,BRA,1934,336295900
Brazil,BRA,1935,317596100
Brazil,BRA,1936,326153440
Brazil,BRA,1937,316833730
Brazil,BRA,1938,324098780
Brazil,BRA,1939,316950600
Brazil,BRA,1940,404722300
Brazil,BRA,1941,452799420
Brazil,BRA,1942,470865400
Brazil,BRA,1943,475771400
Brazil,BRA,1944,487361860
Brazil,BRA,1945,494511780
Brazil,BRA,1946,506216770
Brazil,BRA,1947,518482850
Brazil,BRA,1948,524763800
Brazil,BRA,1949,539626600
Brazil,BRA,1950,677516600
Brazil,BRA,1951,744427460
Brazil,BRA,1952,793965630
Brazil,BRA,1953,828038000
Brazil,BRA,1954,867272450
Brazil,BRA,1955,902662660
Brazil,BRA,1956,953159200
Brazil,BRA,1957,989674600
Brazil,BRA,1958,1048432450
Brazil,BRA,1959,1098670600
Brazil,BRA,1960,1192118900
Brazil,BRA,1961,1260562300
Brazil,BRA,1962,1318103600
Brazil,BRA,1963,1347998500
Brazil,BRA,1964,1374958300
Brazil,BRA,1965,1359692000
Brazil,BRA,1966,1377850500
Brazil,BRA,1967,1358296300
Brazil,BRA,1968,1381438500
Brazil,BRA,1969,1376806000
Brazil,BRA,1970,1418051700
Brazil,BRA,1971,1397423700
Brazil,BRA,1972,1445246300
Brazil,BRA,1973,1462969300
Brazil,BRA,1974,1517337500
Brazil,BRA,1975,1588150900
Brazil,BRA,1976,1646778200
Brazil,BRA,1977,1680655900
Brazil,BRA,1978,1731908000
Brazil,BRA,1979,1750551800
Brazil,BRA,1980,1788891800
Brazil,BRA,1981,1755554000
Brazil,BRA,1982,1809493100
Brazil,BRA,1983,1762903600
Brazil,BRA,1984,2047560400
Brazil,BRA,1985,1724949800
Brazil,BRA,1986,1812798500
Brazil,BRA,1987,1826115200
Brazil,BRA,1988,1782998100
Brazil,BRA,1989,1796253300
Brazil,BRA,1990,1850279300
Brazil,BRA,1991,1932864800
Brazil,BRA,1992,2024696700
Brazil,BRA,1993,2063815200
Brazil,BRA,1994,2412048100
Brazil,BRA,1995,2409292800
Brazil,BRA,1996,2380072700
Brazil,BRA,1997,2472711700
Brazil,BRA,1998,2674052000
Brazil,BRA,1999,2699725300
Brazil,BRA,2000,2608235300
Brazil,BRA,2001,2584387600
Brazil,BRA,2002,2771022300
Brazil,BRA,2003,3426337500
Brazil,BRA,2004,3044123600
Brazil,BRA,2005,2845960400
Brazil,BRA,2006,2711471400
Brazil,BRA,2007,2614047000
Brazil,BRA,2008,2555072000
Brazil,BRA,2009,2374529000
Brazil,BRA,2010,2354155000
Brazil,BRA,2011,2331276800
Brazil,BRA,2012,2432073200
Brazil,BRA,2013,2450492200
Brazil,BRA,2014,2475535600
Brazil,BRA,2015,2459341800
Brazil,BRA,2016,2323364900
Brazil,BRA,2017,2268588000
Brazil,BRA,2018,2247929900
Brazil,BRA,2019,2278086700
Brazil,BRA,2020,2358869500
Brazil,BRA,2021,2553401300
Brazil,BRA,2022,2438435800
Brazil,BRA,2023,2381904100
Brunei,BRN,1850,46080.555
Brunei,BRN,1851,33800.844
Brunei,BRN,1852,52591.086
Brunei,BRN,1853,120935.664
Brunei,BRN,1854,98154.836
Brunei,BRN,1855,289120.4
Brunei,BRN,1856,-131795.6
Brunei,BRN,1857,11797.716
Brunei,BRN,1858,66709.4
Brunei,BRN,1859,43454.645
Brunei,BRN,1860,345082.12
Brunei,BRN,1861,56249.85
Brunei,BRN,1862,274477.8
Brunei,BRN,1863,78517.48
Brunei,BRN,1864,92137.62
Brunei,BRN,1865,40849.84
Brunei,BRN,1866,213121.06
Brunei,BRN,1867,-12875.124
Brunei,BRN,1868,56584.906
Brunei,BRN,1869,-15256.605
Brunei,BRN,1870,144131.89
Brunei,BRN,1871,10499.088
Brunei,BRN,1872,50463.543
Brunei,BRN,1873,68541.016
Brunei,BRN,1874,122759.42
Brunei,BRN,1875,31081.396
Brunei,BRN,1876,157704.38
Brunei,BRN,1877,50145.254
Brunei,BRN,1878,54367.355
Brunei,BRN,1879,88470.43
Brunei,BRN,1880,90413.09
Brunei,BRN,1881,144850.34
Brunei,BRN,1882,-105626.53
Brunei,BRN,1883,304925.2
Brunei,BRN,1884,109777.96
Brunei,BRN,1885,152852.81
Brunei,BRN,1886,227235.53
Brunei,BRN,1887,90783.84
Brunei,BRN,1888,179796.33
Brunei,BRN,1889,166127.34
Brunei,BRN,1890,237168.23
Brunei,BRN,1891,10108.704
Brunei,BRN,1892,168197.27
Brunei,BRN,1893,73228.8
Brunei,BRN,1894,32676.557
Brunei,BRN,1895,76987.94
Brunei,BRN,1896,-12552.887
Brunei,BRN,1897,309881.62
Brunei,BRN,1898,196984.03
Brunei,BRN,1899,365778.3
Brunei,BRN,1900,296406.6
Brunei,BRN,1901,245646.08
Brunei,BRN,1902,189714
Brunei,BRN,1903,213703.53
Brunei,BRN,1904,-5403.955
Brunei,BRN,1905,303333.38
Brunei,BRN,1906,605152.7
Brunei,BRN,1907,218359.2
Brunei,BRN,1908,69706.35
Brunei,BRN,1909,342439.6
Brunei,BRN,1910,343558.7
Brunei,BRN,1911,429500.25
Brunei,BRN,1912,336423.5
Brunei,BRN,1913,413691.4
Brunei,BRN,1914,818206.25
Brunei,BRN,1915,323692.06
Brunei,BRN,1916,424740.62
Brunei,BRN,1917,184238.92
Brunei,BRN,1918,348223.66
Brunei,BRN,1919,910831.06
Brunei,BRN,1920,307125.53
Brunei,BRN,1921,-123338.45
Brunei,BRN,1922,257737.56
Brunei,BRN,1923,483064.44
Brunei,BRN,1924,377867.1
Brunei,BRN,1925,375365.38
Brunei,BRN,1926,367788.3
Brunei,BRN,1927,368581.66
Brunei,BRN,1928,622251
Brunei,BRN,1929,544880.25
Brunei,BRN,1930,474705.2
Brunei,BRN,1931,489388.16
Brunei,BRN,1932,473109.2
Brunei,BRN,1933,637306.56
Brunei,BRN,1934,532826.7
Brunei,BRN,1935,508443.75
Brunei,BRN,1936,183571.72
Brunei,BRN,1937,525050.8
Brunei,BRN,1938,678699.75
Brunei,BRN,1939,3206229.5
Brunei,BRN,1940,3967446.5
Brunei,BRN,1941,2444923
Brunei,BRN,1942,2154119.2
Brunei,BRN,1943,2423963.2
Brunei,BRN,1944,3048584.2
Brunei,BRN,1945,1529309.5
Brunei,BRN,1946,1186546.5
Brunei,BRN,1947,5937678
Brunei,BRN,1948,887903.2
Brunei,BRN,1949,12030589
Brunei,BRN,1950,920628.9
Brunei,BRN,1951,660571
Brunei,BRN,1952,913103.1
Brunei,BRN,1953,1045403.5
Brunei,BRN,1954,1219167.4
Brunei,BRN,1955,962715.2
Brunei,BRN,1956,973027.25
Brunei,BRN,1957,887338.7
Brunei,BRN,1958,1150148.2
Brunei,BRN,1959,613294.56
Brunei,BRN,1960,566179.06
Brunei,BRN,1961,763640.75
Brunei,BRN,1962,823201.5
Brunei,BRN,1963,1547271.1
Brunei,BRN,1964,1158303.9
Brunei,BRN,1965,903515
Brunei,BRN,1966,1483036.5
Brunei,BRN,1967,1278104.4
Brunei,BRN,1968,1388385.4
Brunei,BRN,1969,1505023.5
Brunei,BRN,1970,9828057
Brunei,BRN,1971,9058833
Brunei,BRN,1972,11882535
Brunei,BRN,1973,12702274
Brunei,BRN,1974,12081574
Brunei,BRN,1975,11399721
Brunei,BRN,1976,11517041
Brunei,BRN,1977,12286685
Brunei,BRN,1978,15478872
Brunei,BRN,1979,13363391
Brunei,BRN,1980,13728835
Brunei,BRN,1981,7697821
Brunei,BRN,1982,8360191
Brunei,BRN,1983,8812604
Brunei,BRN,1984,7617579.5
Brunei,BRN,1985,8939916
Brunei,BRN,1986,8609415
Brunei,BRN,1987,9590365
Brunei,BRN,1988,12196598
Brunei,BRN,1989,12140337
Brunei,BRN,1990,11360898
Brunei,BRN,1991,13036638
Brunei,BRN,1992,12740670
Brunei,BRN,1993,12810288
Brunei,BRN,1994,11654365
Brunei,BRN,1995,11909628
Brunei,BRN,1996,12397147
Brunei,BRN,1997,12814917
Brunei,BRN,1998,13267466
Brunei,BRN,1999,12855726
Brunei,BRN,2000,12594415
Brunei,BRN,2001,12987437
Brunei,BRN,2002,12018233
Brunei,BRN,2003,13437527
Brunei,BRN,2004,12787710
Brunei,BRN,2005,12528100
Brunei,BRN,2006,15219163
Brunei,BRN,2007,16166366
Brunei,BRN,2008,18915644
Brunei,BRN,2009,16476530
Brunei,BRN,2010,16053249
Brunei,BRN,2011,18067118
Brunei,BRN,2012,17514892
Brunei,BRN,2013,14898283
Brunei,BRN,2014,16866478
Brunei,BRN,2015,14036332
Brunei,BRN,2016,14445172
Brunei,BRN,2017,16214311
Brunei,BRN,2018,16356326
Brunei,BRN,2019,16801136
Brunei,BRN,2020,17372332
Brunei,BRN,2021,17570878
Brunei,BRN,2022,17095190
Brunei,BRN,2023,17136782
Bulgaria,BGR,1850,6823212
Bulgaria,BGR,1851,6558744
Bulgaria,BGR,1852,6369924.5
Bulgaria,BGR,1853,6247795
Bulgaria,BGR,1854,6120158
Bulgaria,BGR,1855,6007285
Bulgaria,BGR,1856,5908630.5
Bulgaria,BGR,1857,5840331.5
Bulgaria,BGR,1858,5755351.5
Bulgaria,BGR,1859,5673624
Bulgaria,BGR,1860,5605729.5
Bulgaria,BGR,1861,5542677
Bulgaria,BGR,1862,5474467.5
Bulgaria,BGR,1863,5418462
Bulgaria,BGR,1864,5365834
Bulgaria,BGR,1865,5343462
Bulgaria,BGR,1866,5300695.5
Bulgaria,BGR,1867,5277465
Bulgaria,BGR,1868,5239313.5
Bulgaria,BGR,1869,5199023
Bulgaria,BGR,1870,6496996.5
Bulgaria,BGR,1871,7175062
Bulgaria,BGR,1872,7637414
Bulgaria,BGR,1873,8022353.5
Bulgaria,BGR,1874,8349201.5
Bulgaria,BGR,1875,8651660
Bulgaria,BGR,1876,8934461
Bulgaria,BGR,1877,9214213
Bulgaria,BGR,1878,9456192
Bulgaria,BGR,1879,9668682
Bulgaria,BGR,1880,9822666
Bulgaria,BGR,1881,10000507
Bulgaria,BGR,1882,10157895
Bulgaria,BGR,1883,10316804
Bulgaria,BGR,1884,10473640
Bulgaria,BGR,1885,10608424
Bulgaria,BGR,1886,10718850
Bulgaria,BGR,1887,10847028
Bulgaria,BGR,1888,10964662
Bulgaria,BGR,1889,11072069
Bulgaria,BGR,1890,9742702
Bulgaria,BGR,1891,9028006
Bulgaria,BGR,1892,8550412
Bulgaria,BGR,1893,8202316
Bulgaria,BGR,1894,7890233.5
Bulgaria,BGR,1895,7601326
Bulgaria,BGR,1896,7385363
Bulgaria,BGR,1897,7209290
Bulgaria,BGR,1898,7074890.5
Bulgaria,BGR,1899,6920668.5
Bulgaria,BGR,1900,8598734
Bulgaria,BGR,1901,9512919
Bulgaria,BGR,1902,10091063
Bulgaria,BGR,1903,10500625
Bulgaria,BGR,1904,11050030
Bulgaria,BGR,1905,11505205
Bulgaria,BGR,1906,11769261
Bulgaria,BGR,1907,12229267
Bulgaria,BGR,1908,12669312
Bulgaria,BGR,1909,12891670
Bulgaria,BGR,1910,12744980
Bulgaria,BGR,1911,13114948
Bulgaria,BGR,1912,13274733
Bulgaria,BGR,1913,13204088
Bulgaria,BGR,1914,13803232
Bulgaria,BGR,1915,13404259
Bulgaria,BGR,1916,13646028
Bulgaria,BGR,1917,14021849
Bulgaria,BGR,1918,14424147
Bulgaria,BGR,1919,13927051
Bulgaria,BGR,1920,15280399
Bulgaria,BGR,1921,16277690
Bulgaria,BGR,1922,17045122
Bulgaria,BGR,1923,17552910
Bulgaria,BGR,1924,18369458
Bulgaria,BGR,1925,18745222
Bulgaria,BGR,1926,19084134
Bulgaria,BGR,1927,19560506
Bulgaria,BGR,1928,20286864
Bulgaria,BGR,1929,21032558
Bulgaria,BGR,1930,20485318
Bulgaria,BGR,1931,20344160
Bulgaria,BGR,1932,20632844
Bulgaria,BGR,1933,20444200
Bulgaria,BGR,1934,20370348
Bulgaria,BGR,1935,20437344
Bulgaria,BGR,1936,20399368
Bulgaria,BGR,1937,20662668
Bulgaria,BGR,1938,20997952
Bulgaria,BGR,1939,21382460
Bulgaria,BGR,1940,21898460
Bulgaria,BGR,1941,22129166
Bulgaria,BGR,1942,23269430
Bulgaria,BGR,1943,24002604
Bulgaria,BGR,1944,22816062
Bulgaria,BGR,1945,24032484
Bulgaria,BGR,1946,24244176
Bulgaria,BGR,1947,25723656
Bulgaria,BGR,1948,26384158
Bulgaria,BGR,1949,28173546
Bulgaria,BGR,1950,28115528
Bulgaria,BGR,1951,29011720
Bulgaria,BGR,1952,30648682
Bulgaria,BGR,1953,32041426
Bulgaria,BGR,1954,33178668
Bulgaria,BGR,1955,34093156
Bulgaria,BGR,1956,35267468
Bulgaria,BGR,1957,36903610
Bulgaria,BGR,1958,38357724
Bulgaria,BGR,1959,43304316
Bulgaria,BGR,1960,45970160
Bulgaria,BGR,1961,47366652
Bulgaria,BGR,1962,53488828
Bulgaria,BGR,1963,59889460
Bulgaria,BGR,1964,68074120
Bulgaria,BGR,1965,72041430
Bulgaria,BGR,1966,75778536
Bulgaria,BGR,1967,82121250
Bulgaria,BGR,1968,89656900
Bulgaria,BGR,1969,94104610
Bulgaria,BGR,1970,86453016
Bulgaria,BGR,1971,89848776
Bulgaria,BGR,1972,91857224
Bulgaria,BGR,1973,94973096
Bulgaria,BGR,1974,94660650
Bulgaria,BGR,1975,103441580
Bulgaria,BGR,1976,100849680
Bulgaria,BGR,1977,102503304
Bulgaria,BGR,1978,107493780
Bulgaria,BGR,1979,104634780
Bulgaria,BGR,1980,103867576
Bulgaria,BGR,1981,106988920
Bulgaria,BGR,1982,117415050
Bulgaria,BGR,1983,117542770
Bulgaria,BGR,1984,114070420
Bulgaria,BGR,1985,115803070
Bulgaria,BGR,1986,117555110
Bulgaria,BGR,1987,117396380
Bulgaria,BGR,1988,115685050
Bulgaria,BGR,1989,113768080
Bulgaria,BGR,1990,102304060
Bulgaria,BGR,1991,92149400
Bulgaria,BGR,1992,83047990
Bulgaria,BGR,1993,81088770
Bulgaria,BGR,1994,77416940
Bulgaria,BGR,1995,79854344
Bulgaria,BGR,1996,81941160
Bulgaria,BGR,1997,68102800
Bulgaria,BGR,1998,66185890
Bulgaria,BGR,1999,57268360
Bulgaria,BGR,2000,55087170
Bulgaria,BGR,2001,57154024
Bulgaria,BGR,2002,54394936
Bulgaria,BGR,2003,59544076
Bulgaria,BGR,2004,55773508
Bulgaria,BGR,2005,57139540
Bulgaria,BGR,2006,57304536
Bulgaria,BGR,2007,61805484
Bulgaria,BGR,2008,60812476
Bulgaria,BGR,2009,53945800
Bulgaria,BGR,2010,57289748
Bulgaria,BGR,2011,65070156
Bulgaria,BGR,2012,60272188
Bulgaria,BGR,2013,52495332
Bulgaria,BGR,2014,55093730
Bulgaria,BGR,2015,59439004
Bulgaria,BGR,2016,56701748
Bulgaria,BGR,2017,58864904
Bulgaria,BGR,2018,54037456
Bulgaria,BGR,2019,52629868
Bulgaria,BGR,2020,46776784
Bulgaria,BGR,2021,52861330
Bulgaria,BGR,2022,57439604
Bulgaria,BGR,2023,46631144
Burkina Faso,BFA,1850,1720309.6
Burkina Faso,BFA,1851,1721065
Burkina Faso,BFA,1852,1711962.4
Burkina Faso,BFA,1853,1698835.4
Burkina Faso,BFA,1854,1685960.9
Burkina Faso,BFA,1855,1673823.1
Burkina Faso,BFA,1856,1662640.6
Burkina Faso,BFA,1857,1652440
Burkina Faso,BFA,1858,1643146.8
Burkina Faso,BFA,1859,1634659
Burkina Faso,BFA,1860,1628083.9
Burkina Faso,BFA,1861,1624162.1
Burkina Faso,BFA,1862,1621836.6
Burkina Faso,BFA,1863,1619777.9
Burkina Faso,BFA,1864,1618639.1
Burkina Faso,BFA,1865,1617704.2
Burkina Faso,BFA,1866,1617382
Burkina Faso,BFA,1867,1617321.2
Burkina Faso,BFA,1868,1617482.2
Burkina Faso,BFA,1869,1617834.5
Burkina Faso,BFA,1870,1624814.1
Burkina Faso,BFA,1871,1632750.2
Burkina Faso,BFA,1872,1642775.6
Burkina Faso,BFA,1873,1654034.8
Burkina Faso,BFA,1874,1666653
Burkina Faso,BFA,1875,1680004.1
Burkina Faso,BFA,1876,1693315.6
Burkina Faso,BFA,1877,1705851.4
Burkina Faso,BFA,1878,1716967.1
Burkina Faso,BFA,1879,1725890.2
Burkina Faso,BFA,1880,1752430.6
Burkina Faso,BFA,1881,1765431.6
Burkina Faso,BFA,1882,1774370.9
Burkina Faso,BFA,1883,1780338.1
Burkina Faso,BFA,1884,1785073.1
Burkina Faso,BFA,1885,1789180.4
Burkina Faso,BFA,1886,1792915.6
Burkina Faso,BFA,1887,1796461.9
Burkina Faso,BFA,1888,1799910
Burkina Faso,BFA,1889,1802847.8
Burkina Faso,BFA,1890,1835944
Burkina Faso,BFA,1891,1856532.4
Burkina Faso,BFA,1892,1872776
Burkina Faso,BFA,1893,1885008.9
Burkina Faso,BFA,1894,1893583.4
Burkina Faso,BFA,1895,1900509.8
Burkina Faso,BFA,1896,1911022.5
Burkina Faso,BFA,1897,1926188.6
Burkina Faso,BFA,1898,1943759
Burkina Faso,BFA,1899,1964379.1
Burkina Faso,BFA,1900,2018628
Burkina Faso,BFA,1901,2143644
Burkina Faso,BFA,1902,2197027.5
Burkina Faso,BFA,1903,2253334.2
Burkina Faso,BFA,1904,2313593.5
Burkina Faso,BFA,1905,2378010.8
Burkina Faso,BFA,1906,2462342.5
Burkina Faso,BFA,1907,2547883.8
Burkina Faso,BFA,1908,2635676.2
Burkina Faso,BFA,1909,2738120.5
Burkina Faso,BFA,1910,2888318
Burkina Faso,BFA,1911,3057182.2
Burkina Faso,BFA,1912,3208076.5
Burkina Faso,BFA,1913,3357514.8
Burkina Faso,BFA,1914,3505838.5
Burkina Faso,BFA,1915,3595191.2
Burkina Faso,BFA,1916,3739039.2
Burkina Faso,BFA,1917,3880220.8
Burkina Faso,BFA,1918,4022383
Burkina Faso,BFA,1919,4151669.5
Burkina Faso,BFA,1920,4379834
Burkina Faso,BFA,1921,4586201
Burkina Faso,BFA,1922,4808961
Burkina Faso,BFA,1923,4987047.5
Burkina Faso,BFA,1924,5187727
Burkina Faso,BFA,1925,5373749
Burkina Faso,BFA,1926,5573911.5
Burkina Faso,BFA,1927,5753241.5
Burkina Faso,BFA,1928,5895642
Burkina Faso,BFA,1929,6041998
Burkina Faso,BFA,1930,6379517.5
Burkina Faso,BFA,1931,6643353.5
Burkina Faso,BFA,1932,6838517
Burkina Faso,BFA,1933,7004900.5
Burkina Faso,BFA,1934,7129375.5
Burkina Faso,BFA,1935,7291487
Burkina Faso,BFA,1936,7422303.5
Burkina Faso,BFA,1937,7525803
Burkina Faso,BFA,1938,7641865.5
Burkina Faso,BFA,1939,7771982.5
Burkina Faso,BFA,1940,8744756
Burkina Faso,BFA,1941,9420288
Burkina Faso,BFA,1942,9992285
Burkina Faso,BFA,1943,10489941
Burkina Faso,BFA,1944,10965965
Burkina Faso,BFA,1945,11472172
Burkina Faso,BFA,1946,11907715
Burkina Faso,BFA,1947,12281452
Burkina Faso,BFA,1948,12627352
Burkina Faso,BFA,1949,12886255
Burkina Faso,BFA,1950,12355879
Burkina Faso,BFA,1951,12015058
Burkina Faso,BFA,1952,11912664
Burkina Faso,BFA,1953,11930885
Burkina Faso,BFA,1954,11941971
Burkina Faso,BFA,1955,11975782
Burkina Faso,BFA,1956,11981012
Burkina Faso,BFA,1957,12041847
Burkina Faso,BFA,1958,12233735
Burkina Faso,BFA,1959,12281214
Burkina Faso,BFA,1960,11543471
Burkina Faso,BFA,1961,11542196
Burkina Faso,BFA,1962,11572747
Burkina Faso,BFA,1963,11466626
Burkina Faso,BFA,1964,11806220
Burkina Faso,BFA,1965,12284055
Burkina Faso,BFA,1966,12394430
Burkina Faso,BFA,1967,12793112
Burkina Faso,BFA,1968,13145787
Burkina Faso,BFA,1969,13366580
Burkina Faso,BFA,1970,13176836
Burkina Faso,BFA,1971,15895003
Burkina Faso,BFA,1972,16840930
Burkina Faso,BFA,1973,18019546
Burkina Faso,BFA,1974,18868268
Burkina Faso,BFA,1975,18765470
Burkina Faso,BFA,1976,18829944
Burkina Faso,BFA,1977,19311172
Burkina Faso,BFA,1978,19714190
Burkina Faso,BFA,1979,20419940
Burkina Faso,BFA,1980,21613748
Burkina Faso,BFA,1981,21908858
Burkina Faso,BFA,1982,22288366
Burkina Faso,BFA,1983,22461342
Burkina Faso,BFA,1984,22714568
Burkina Faso,BFA,1985,23752662
Burkina Faso,BFA,1986,25373094
Burkina Faso,BFA,1987,38306176
Burkina Faso,BFA,1988,32260480
Burkina Faso,BFA,1989,29049406
Burkina Faso,BFA,1990,26164138
Burkina Faso,BFA,1991,25418786
Burkina Faso,BFA,1992,24557294
Burkina Faso,BFA,1993,23756330
Burkina Faso,BFA,1994,24813470
Burkina Faso,BFA,1995,28576324
Burkina Faso,BFA,1996,37409970
Burkina Faso,BFA,1997,36173772
Burkina Faso,BFA,1998,34476450
Burkina Faso,BFA,1999,35440836
Burkina Faso,BFA,2000,35635240
Burkina Faso,BFA,2001,37322830
Burkina Faso,BFA,2002,37047610
Burkina Faso,BFA,2003,42288664
Burkina Faso,BFA,2004,40386210
Burkina Faso,BFA,2005,41772356
Burkina Faso,BFA,2006,49755656
Burkina Faso,BFA,2007,48843844
Burkina Faso,BFA,2008,49727100
Burkina Faso,BFA,2009,50422184
Burkina Faso,BFA,2010,53835096
Burkina Faso,BFA,2011,50162540
Burkina Faso,BFA,2012,52090050
Burkina Faso,BFA,2013,50528976
Burkina Faso,BFA,2014,51220828
Burkina Faso,BFA,2015,50548948
Burkina Faso,BFA,2016,51446150
Burkina Faso,BFA,2017,54665160
Burkina Faso,BFA,2018,53939260
Burkina Faso,BFA,2019,53874480
Burkina Faso,BFA,2020,54928136
Burkina Faso,BFA,2021,56547188
Burkina Faso,BFA,2022,57689260
Burkina Faso,BFA,2023,58260780
Burundi,BDI,1850,1630295.4
Burundi,BDI,1851,1631686.4
Burundi,BDI,1852,1633725.8
Burundi,BDI,1853,1634196.9
Burundi,BDI,1854,1634675
Burundi,BDI,1855,1637486.2
Burundi,BDI,1856,1637281.4
Burundi,BDI,1857,1637861.5
Burundi,BDI,1858,1638457
Burundi,BDI,1859,1639250.9
Burundi,BDI,1860,1648468.6
Burundi,BDI,1861,1649203.2
Burundi,BDI,1862,1651712.5
Burundi,BDI,1863,1654174.4
Burundi,BDI,1864,1656499.2
Burundi,BDI,1865,1658447.9
Burundi,BDI,1866,1661123
Burundi,BDI,1867,1663227.5
Burundi,BDI,1868,1664783.4
Burundi,BDI,1869,1667149.9
Burundi,BDI,1870,1671100.1
Burundi,BDI,1871,1681325.1
Burundi,BDI,1872,1685540.6
Burundi,BDI,1873,1690712.2
Burundi,BDI,1874,1695296.1
Burundi,BDI,1875,1693553.1
Burundi,BDI,1876,1703862.5
Burundi,BDI,1877,1703126.8
Burundi,BDI,1878,1712528
Burundi,BDI,1879,1709738.6
Burundi,BDI,1880,1724954
Burundi,BDI,1881,1722968
Burundi,BDI,1882,1726573.5
Burundi,BDI,1883,1727968.1
Burundi,BDI,1884,1729855.4
Burundi,BDI,1885,1733299.9
Burundi,BDI,1886,1735261.9
Burundi,BDI,1887,1738335.8
Burundi,BDI,1888,1741414.6
Burundi,BDI,1889,1743547.6
Burundi,BDI,1890,1751355.6
Burundi,BDI,1891,1756926.2
Burundi,BDI,1892,1775361.8
Burundi,BDI,1893,1773538.6
Burundi,BDI,1894,1786657.8
Burundi,BDI,1895,1781293.4
Burundi,BDI,1896,1789248
Burundi,BDI,1897,1818563.2
Burundi,BDI,1898,1821926.5
Burundi,BDI,1899,1824664.6
Burundi,BDI,1900,1873684.9
Burundi,BDI,1901,1893818.9
Burundi,BDI,1902,1927668
Burundi,BDI,1903,1961224.5
Burundi,BDI,1904,1977357.1
Burundi,BDI,1905,2008480.9
Burundi,BDI,1906,2047778.9
Burundi,BDI,1907,2085795.9
Burundi,BDI,1908,2110704.5
Burundi,BDI,1909,2144495.8
Burundi,BDI,1910,2183632.2
Burundi,BDI,1911,2243886.5
Burundi,BDI,1912,2311553
Burundi,BDI,1913,2362962
Burundi,BDI,1914,2429981.2
Burundi,BDI,1915,2511685.2
Burundi,BDI,1916,2586703.5
Burundi,BDI,1917,2650749.2
Burundi,BDI,1918,2717837.2
Burundi,BDI,1919,2858875
Burundi,BDI,1920,2964647.5
Burundi,BDI,1921,3068563.5
Burundi,BDI,1922,3174695.2
Burundi,BDI,1923,3284737.5
Burundi,BDI,1924,3383942.5
Burundi,BDI,1925,3468785.8
Burundi,BDI,1926,3538179.8
Burundi,BDI,1927,3641123
Burundi,BDI,1928,3720715.8
Burundi,BDI,1929,3839624
Burundi,BDI,1930,4064288
Burundi,BDI,1931,4199766.5
Burundi,BDI,1932,4342097
Burundi,BDI,1933,4518674
Burundi,BDI,1934,4601628.5
Burundi,BDI,1935,4785652
Burundi,BDI,1936,4867471.5
Burundi,BDI,1937,4970156.5
Burundi,BDI,1938,5096167.5
Burundi,BDI,1939,5173237
Burundi,BDI,1940,5817316.5
Burundi,BDI,1941,6200435.5
Burundi,BDI,1942,6480731.5
Burundi,BDI,1943,6714612
Burundi,BDI,1944,6943278.5
Burundi,BDI,1945,7167856
Burundi,BDI,1946,7374111.5
Burundi,BDI,1947,7596242
Burundi,BDI,1948,7768150.5
Burundi,BDI,1949,7971864.5
Burundi,BDI,1950,7989289.5
Burundi,BDI,1951,8023819.5
Burundi,BDI,1952,8113974
Burundi,BDI,1953,8249558
Burundi,BDI,1954,8309358.5
Burundi,BDI,1955,8430907
Burundi,BDI,1956,8600301
Burundi,BDI,1957,8734331
Burundi,BDI,1958,8945158
Burundi,BDI,1959,9472674
Burundi,BDI,1960,10012085
Burundi,BDI,1961,10154091
Burundi,BDI,1962,10183348
Burundi,BDI,1963,10169582
Burundi,BDI,1964,9749073
Burundi,BDI,1965,9229752
Burundi,BDI,1966,9501473
Burundi,BDI,1967,9367140
Burundi,BDI,1968,11597810
Burundi,BDI,1969,9622488
Burundi,BDI,1970,8998717
Burundi,BDI,1971,8181862.5
Burundi,BDI,1972,9115587
Burundi,BDI,1973,8797529
Burundi,BDI,1974,8462859
Burundi,BDI,1975,8156087.5
Burundi,BDI,1976,8118422.5
Burundi,BDI,1977,8008879.5
Burundi,BDI,1978,7532597.5
Burundi,BDI,1979,7407449
Burundi,BDI,1980,7029813.5
Burundi,BDI,1981,6628718
Burundi,BDI,1982,6477528
Burundi,BDI,1983,6282093
Burundi,BDI,1984,6242874
Burundi,BDI,1985,6329055
Burundi,BDI,1986,6611570.5
Burundi,BDI,1987,6547486
Burundi,BDI,1988,6367265.5
Burundi,BDI,1989,6283466
Burundi,BDI,1990,5801198.5
Burundi,BDI,1991,5765227.5
Burundi,BDI,1992,5369895
Burundi,BDI,1993,5207147
Burundi,BDI,1994,5404327
Burundi,BDI,1995,5596951.5
Burundi,BDI,1996,5622955.5
Burundi,BDI,1997,5745160
Burundi,BDI,1998,5936633
Burundi,BDI,1999,5648839.5
Burundi,BDI,2000,6083978
Burundi,BDI,2001,6171717
Burundi,BDI,2002,5822908.5
Burundi,BDI,2003,5854784
Burundi,BDI,2004,5092246
Burundi,BDI,2005,5380638.5
Burundi,BDI,2006,5659467
Burundi,BDI,2007,5782018
Burundi,BDI,2008,5959250.5
Burundi,BDI,2009,6479304.5
Burundi,BDI,2010,7675613.5
Burundi,BDI,2011,8920852
Burundi,BDI,2012,8696366
Burundi,BDI,2013,9543833
Burundi,BDI,2014,9531844
Burundi,BDI,2015,9211602
Burundi,BDI,2016,9137423
Burundi,BDI,2017,9402569
Burundi,BDI,2018,9353654
Burundi,BDI,2019,9046860
Burundi,BDI,2020,9158665
Burundi,BDI,2021,9453157
Burundi,BDI,2022,9520144
Burundi,BDI,2023,9505049
Cambodia,KHM,1850,6117078.5
Cambodia,KHM,1851,6086842
Cambodia,KHM,1852,6082650
Cambodia,KHM,1853,6094153.5
Cambodia,KHM,1854,6103392
Cambodia,KHM,1855,6117063
Cambodia,KHM,1856,6145593
Cambodia,KHM,1857,6164151.5
Cambodia,KHM,1858,6186544
Cambodia,KHM,1859,6231276.5
Cambodia,KHM,1860,6245406
Cambodia,KHM,1861,6274603
Cambodia,KHM,1862,6303660
Cambodia,KHM,1863,6332605.5
Cambodia,KHM,1864,6436314.5
Cambodia,KHM,1865,6411500.5
Cambodia,KHM,1866,6424363.5
Cambodia,KHM,1867,6461824
Cambodia,KHM,1868,6480621.5
Cambodia,KHM,1869,6518211
Cambodia,KHM,1870,7075920
Cambodia,KHM,1871,7370557
Cambodia,KHM,1872,7542926.5
Cambodia,KHM,1873,7792084.5
Cambodia,KHM,1874,7766421.5
Cambodia,KHM,1875,7932060
Cambodia,KHM,1876,7954745.5
Cambodia,KHM,1877,8224347
Cambodia,KHM,1878,8149009
Cambodia,KHM,1879,8338770.5
Cambodia,KHM,1880,8959581
Cambodia,KHM,1881,9372710
Cambodia,KHM,1882,9615537
Cambodia,KHM,1883,10063901
Cambodia,KHM,1884,10104573
Cambodia,KHM,1885,9990258
Cambodia,KHM,1886,10099760
Cambodia,KHM,1887,10323433
Cambodia,KHM,1888,10233946
Cambodia,KHM,1889,10646118
Cambodia,KHM,1890,10683335
Cambodia,KHM,1891,11106666
Cambodia,KHM,1892,11145674
Cambodia,KHM,1893,11066078
Cambodia,KHM,1894,11354848
Cambodia,KHM,1895,11347622
Cambodia,KHM,1896,11167732
Cambodia,KHM,1897,11594846
Cambodia,KHM,1898,11957845
Cambodia,KHM,1899,11544399
Cambodia,KHM,1900,11616468
Cambodia,KHM,1901,12197951
Cambodia,KHM,1902,12215395
Cambodia,KHM,1903,12100213
Cambodia,KHM,1904,12503254
Cambodia,KHM,1905,12687922
Cambodia,KHM,1906,12842890
Cambodia,KHM,1907,12883224
Cambodia,KHM,1908,12709055
Cambodia,KHM,1909,12994793
Cambodia,KHM,1910,13276475
Cambodia,KHM,1911,13470488
Cambodia,KHM,1912,13887786
Cambodia,KHM,1913,13867666
Cambodia,KHM,1914,13905243
Cambodia,KHM,1915,14509264
Cambodia,KHM,1916,14182820
Cambodia,KHM,1917,14206358
Cambodia,KHM,1918,14460706
Cambodia,KHM,1919,14342718
Cambodia,KHM,1920,18944164
Cambodia,KHM,1921,21592710
Cambodia,KHM,1922,23105040
Cambodia,KHM,1923,24070820
Cambodia,KHM,1924,25202438
Cambodia,KHM,1925,25035200
Cambodia,KHM,1926,25715042
Cambodia,KHM,1927,26905168
Cambodia,KHM,1928,26819536
Cambodia,KHM,1929,27051796
Cambodia,KHM,1930,29209446
Cambodia,KHM,1931,30617016
Cambodia,KHM,1932,29999648
Cambodia,KHM,1933,31051580
Cambodia,KHM,1934,31952460
Cambodia,KHM,1935,32240808
Cambodia,KHM,1936,32017952
Cambodia,KHM,1937,33085986
Cambodia,KHM,1938,34570220
Cambodia,KHM,1939,34654916
Cambodia,KHM,1940,35529170
Cambodia,KHM,1941,37234510
Cambodia,KHM,1942,39193616
Cambodia,KHM,1943,39107828
Cambodia,KHM,1944,39803310
Cambodia,KHM,1945,40380120
Cambodia,KHM,1946,42460144
Cambodia,KHM,1947,42287884
Cambodia,KHM,1948,42918476
Cambodia,KHM,1949,51267180
Cambodia,KHM,1950,60765300
Cambodia,KHM,1951,65313530
Cambodia,KHM,1952,70121280
Cambodia,KHM,1953,71616450
Cambodia,KHM,1954,71462100
Cambodia,KHM,1955,71051576
Cambodia,KHM,1956,73787176
Cambodia,KHM,1957,75723016
Cambodia,KHM,1958,77837310
Cambodia,KHM,1959,87300640
Cambodia,KHM,1960,66162324
Cambodia,KHM,1961,53636548
Cambodia,KHM,1962,49249148
Cambodia,KHM,1963,53484444
Cambodia,KHM,1964,51738564
Cambodia,KHM,1965,46491736
Cambodia,KHM,1966,42892240
Cambodia,KHM,1967,40166864
Cambodia,KHM,1968,39109680
Cambodia,KHM,1969,36617812
Cambodia,KHM,1970,26354978
Cambodia,KHM,1971,21918508
Cambodia,KHM,1972,19387662
Cambodia,KHM,1973,22610354
Cambodia,KHM,1974,17018256
Cambodia,KHM,1975,21157554
Cambodia,KHM,1976,16784164
Cambodia,KHM,1977,20490804
Cambodia,KHM,1978,16581867
Cambodia,KHM,1979,18890598
Cambodia,KHM,1980,19359988
Cambodia,KHM,1981,20148272
Cambodia,KHM,1982,20951200
Cambodia,KHM,1983,21748760
Cambodia,KHM,1984,52462092
Cambodia,KHM,1985,73941750
Cambodia,KHM,1986,101023980
Cambodia,KHM,1987,119673976
Cambodia,KHM,1988,111695410
Cambodia,KHM,1989,80616630
Cambodia,KHM,1990,67011828
Cambodia,KHM,1991,55481584
Cambodia,KHM,1992,51006140
Cambodia,KHM,1993,48139656
Cambodia,KHM,1994,45621668
Cambodia,KHM,1995,45890516
Cambodia,KHM,1996,43408524
Cambodia,KHM,1997,44437348
Cambodia,KHM,1998,43993124
Cambodia,KHM,1999,52324830
Cambodia,KHM,2000,55673690
Cambodia,KHM,2001,55304984
Cambodia,KHM,2002,54352572
Cambodia,KHM,2003,58381864
Cambodia,KHM,2004,59009348
Cambodia,KHM,2005,49215428
Cambodia,KHM,2006,45469716
Cambodia,KHM,2007,45036164
Cambodia,KHM,2008,45362916
Cambodia,KHM,2009,51676044
Cambodia,KHM,2010,56404670
Cambodia,KHM,2011,66991028
Cambodia,KHM,2012,71184910
Cambodia,KHM,2013,74783790
Cambodia,KHM,2014,81492300
Cambodia,KHM,2015,82559280
Cambodia,KHM,2016,86399050
Cambodia,KHM,2017,85257230
Cambodia,KHM,2018,86927256
Cambodia,KHM,2019,90448550
Cambodia,KHM,2020,86401280
Cambodia,KHM,2021,86967704
Cambodia,KHM,2022,81510760
Cambodia,KHM,2023,82998490
Cameroon,CMR,1850,2991633
Cameroon,CMR,1851,7866194
Cameroon,CMR,1852,-59333.234
Cameroon,CMR,1853,2417798.2
Cameroon,CMR,1854,2322310.8
Cameroon,CMR,1855,-4242359.5
Cameroon,CMR,1856,619963.9
Cameroon,CMR,1857,4990132
Cameroon,CMR,1858,2891684.2
Cameroon,CMR,1859,14823959
Cameroon,CMR,1860,7485243.5
Cameroon,CMR,1861,254193.55
Cameroon,CMR,1862,-3757760
Cameroon,CMR,1863,7657344.5
Cameroon,CMR,1864,3488959.5
Cameroon,CMR,1865,5914561.5
Cameroon,CMR,1866,5346878
Cameroon,CMR,1867,-3847.654
Cameroon,CMR,1868,-6597628
Cameroon,CMR,1869,8312249.5
Cameroon,CMR,1870,2100443.5
Cameroon,CMR,1871,5782626.5
Cameroon,CMR,1872,7078100
Cameroon,CMR,1873,5748216.5
Cameroon,CMR,1874,2533733.2
Cameroon,CMR,1875,-2633610.8
Cameroon,CMR,1876,4559662
Cameroon,CMR,1877,1933040.5
Cameroon,CMR,1878,1390602.1
Cameroon,CMR,1879,3710835.2
Cameroon,CMR,1880,715552.3
Cameroon,CMR,1881,-1784275.5
Cameroon,CMR,1882,10420191
Cameroon,CMR,1883,8370949.5
Cameroon,CMR,1884,4321099
Cameroon,CMR,1885,9268620
Cameroon,CMR,1886,5496102.5
Cameroon,CMR,1887,4430139.5
Cameroon,CMR,1888,5665372.5
Cameroon,CMR,1889,4792405
Cameroon,CMR,1890,-270482.12
Cameroon,CMR,1891,13960394
Cameroon,CMR,1892,-2358667.5
Cameroon,CMR,1893,4346456
Cameroon,CMR,1894,1267848.9
Cameroon,CMR,1895,-619155.25
Cameroon,CMR,1896,12972009
Cameroon,CMR,1897,2617421.8
Cameroon,CMR,1898,4175044.2
Cameroon,CMR,1899,6347085.5
Cameroon,CMR,1900,11590492
Cameroon,CMR,1901,3430186.8
Cameroon,CMR,1902,3137963.2
Cameroon,CMR,1903,3449510.2
Cameroon,CMR,1904,6443924.5
Cameroon,CMR,1905,5719772
Cameroon,CMR,1906,2541307.5
Cameroon,CMR,1907,1532773.1
Cameroon,CMR,1908,4643582
Cameroon,CMR,1909,5967559.5
Cameroon,CMR,1910,4938553
Cameroon,CMR,1911,7481984.5
Cameroon,CMR,1912,8598676
Cameroon,CMR,1913,3951870
Cameroon,CMR,1914,6164076.5
Cameroon,CMR,1915,22920772
Cameroon,CMR,1916,12455582
Cameroon,CMR,1917,10083760
Cameroon,CMR,1918,5166148
Cameroon,CMR,1919,3928033.5
Cameroon,CMR,1920,6981072
Cameroon,CMR,1921,2710132
Cameroon,CMR,1922,12605083
Cameroon,CMR,1923,9244540
Cameroon,CMR,1924,13274675
Cameroon,CMR,1925,15411643
Cameroon,CMR,1926,14487494
Cameroon,CMR,1927,19265858
Cameroon,CMR,1928,11765829
Cameroon,CMR,1929,10785399
Cameroon,CMR,1930,18321032
Cameroon,CMR,1931,26443246
Cameroon,CMR,1932,31753520
Cameroon,CMR,1933,31016066
Cameroon,CMR,1934,25968268
Cameroon,CMR,1935,30241560
Cameroon,CMR,1936,27380404
Cameroon,CMR,1937,21852902
Cameroon,CMR,1938,40591250
Cameroon,CMR,1939,34075480
Cameroon,CMR,1940,34466150
Cameroon,CMR,1941,45000810
Cameroon,CMR,1942,48732384
Cameroon,CMR,1943,54606000
Cameroon,CMR,1944,50054788
Cameroon,CMR,1945,56273130
Cameroon,CMR,1946,58370224
Cameroon,CMR,1947,51795404
Cameroon,CMR,1948,61531156
Cameroon,CMR,1949,65713356
Cameroon,CMR,1950,54599212
Cameroon,CMR,1951,63277770
Cameroon,CMR,1952,52725680
Cameroon,CMR,1953,52196284
Cameroon,CMR,1954,57415784
Cameroon,CMR,1955,60701736
Cameroon,CMR,1956,56608584
Cameroon,CMR,1957,58448748
Cameroon,CMR,1958,61494580
Cameroon,CMR,1959,70806740
Cameroon,CMR,1960,57059516
Cameroon,CMR,1961,53170220
Cameroon,CMR,1962,53579880
Cameroon,CMR,1963,48895896
Cameroon,CMR,1964,63337204
Cameroon,CMR,1965,53010884
Cameroon,CMR,1966,45750920
Cameroon,CMR,1967,59478170
Cameroon,CMR,1968,49087044
Cameroon,CMR,1969,52054716
Cameroon,CMR,1970,46531170
Cameroon,CMR,1971,52365116
Cameroon,CMR,1972,50796716
Cameroon,CMR,1973,56109910
Cameroon,CMR,1974,57321190
Cameroon,CMR,1975,64840050
Cameroon,CMR,1976,60903244
Cameroon,CMR,1977,61495924
Cameroon,CMR,1978,68584376
Cameroon,CMR,1979,64957420
Cameroon,CMR,1980,56070588
Cameroon,CMR,1981,63929900
Cameroon,CMR,1982,62279384
Cameroon,CMR,1983,58932284
Cameroon,CMR,1984,56478704
Cameroon,CMR,1985,72758180
Cameroon,CMR,1986,55755644
Cameroon,CMR,1987,57154372
Cameroon,CMR,1988,57264320
Cameroon,CMR,1989,62702228
Cameroon,CMR,1990,61786384
Cameroon,CMR,1991,54342090
Cameroon,CMR,1992,49842092
Cameroon,CMR,1993,46155376
Cameroon,CMR,1994,59331750
Cameroon,CMR,1995,52728628
Cameroon,CMR,1996,56650700
Cameroon,CMR,1997,65743388
Cameroon,CMR,1998,72042456
Cameroon,CMR,1999,72558490
Cameroon,CMR,2000,68404280
Cameroon,CMR,2001,65162224
Cameroon,CMR,2002,56189520
Cameroon,CMR,2003,59085336
Cameroon,CMR,2004,61885790
Cameroon,CMR,2005,59982910
Cameroon,CMR,2006,63192584
Cameroon,CMR,2007,65448024
Cameroon,CMR,2008,83516540
Cameroon,CMR,2009,94676090
Cameroon,CMR,2010,73933256
Cameroon,CMR,2011,68844504
Cameroon,CMR,2012,66350504
Cameroon,CMR,2013,74849336
Cameroon,CMR,2014,57130612
Cameroon,CMR,2015,74612160
Cameroon,CMR,2016,70435740
Cameroon,CMR,2017,73276570
Cameroon,CMR,2018,68117030
Cameroon,CMR,2019,64449524
Cameroon,CMR,2020,65614304
Cameroon,CMR,2021,67745920
Cameroon,CMR,2022,64560716
Cameroon,CMR,2023,65175024
Canada,CAN,1850,75959210
Canada,CAN,1851,100718936
Canada,CAN,1852,113391850
Canada,CAN,1853,87551160
Canada,CAN,1854,74212510
Canada,CAN,1855,70751640
Canada,CAN,1856,75203590
Canada,CAN,1857,93971016
Canada,CAN,1858,108144430
Canada,CAN,1859,120846130
Canada,CAN,1860,118275680
Canada,CAN,1861,109171096
Canada,CAN,1862,90792056
Canada,CAN,1863,108081310
Canada,CAN,1864,120087110
Canada,CAN,1865,101771940
Canada,CAN,1866,129706110
Canada,CAN,1867,137485220
Canada,CAN,1868,129394580
Canada,CAN,1869,167899070
Canada,CAN,1870,147181200
Canada,CAN,1871,70237840
Canada,CAN,1872,127416400
Canada,CAN,1873,90847440
Canada,CAN,1874,125236060
Canada,CAN,1875,129628056
Canada,CAN,1876,125003460
Canada,CAN,1877,100761224
Canada,CAN,1878,101183410
Canada,CAN,1879,82750130
Canada,CAN,1880,131659930
Canada,CAN,1881,113824670
Canada,CAN,1882,155371860
Canada,CAN,1883,152849630
Canada,CAN,1884,142887790
Canada,CAN,1885,183026910
Canada,CAN,1886,163348350
Canada,CAN,1887,141213810
Canada,CAN,1888,148888140
Canada,CAN,1889,174000240
Canada,CAN,1890,150769870
Canada,CAN,1891,127262400
Canada,CAN,1892,120464584
Canada,CAN,1893,166461180
Canada,CAN,1894,169829870
Canada,CAN,1895,196881780
Canada,CAN,1896,141784350
Canada,CAN,1897,167674930
Canada,CAN,1898,133951060
Canada,CAN,1899,139386780
Canada,CAN,1900,224580200
Canada,CAN,1901,223080740
Canada,CAN,1902,213548770
Canada,CAN,1903,221633300
Canada,CAN,1904,225813980
Canada,CAN,1905,261113500
Canada,CAN,1906,269773440
Canada,CAN,1907,277947940
Canada,CAN,1908,272131680
Canada,CAN,1909,313674800
Canada,CAN,1910,311471780
Canada,CAN,1911,321194370
Canada,CAN,1912,356460540
Canada,CAN,1913,338582530
Canada,CAN,1914,335882850
Canada,CAN,1915,367687520
Canada,CAN,1916,367944300
Canada,CAN,1917,423209120
Canada,CAN,1918,430939230
Canada,CAN,1919,410377570
Canada,CAN,1920,380522700
Canada,CAN,1921,374577920
Canada,CAN,1922,365798140
Canada,CAN,1923,373365060
Canada,CAN,1924,368754340
Canada,CAN,1925,362252600
Canada,CAN,1926,393011940
Canada,CAN,1927,379573540
Canada,CAN,1928,345656480
Canada,CAN,1929,357502180
Canada,CAN,1930,384875420
Canada,CAN,1931,373386620
Canada,CAN,1932,342992320
Canada,CAN,1933,358502460
Canada,CAN,1934,382189860
Canada,CAN,1935,383204260
Canada,CAN,1936,371246850
Canada,CAN,1937,375040100
Canada,CAN,1938,375021500
Canada,CAN,1939,388471400
Canada,CAN,1940,367326270
Canada,CAN,1941,409841120
Canada,CAN,1942,418511300
Canada,CAN,1943,407665950
Canada,CAN,1944,417949760
Canada,CAN,1945,422115870
Canada,CAN,1946,399692380
Canada,CAN,1947,438078720
Canada,CAN,1948,445152800
Canada,CAN,1949,411718600
Canada,CAN,1950,469498000
Canada,CAN,1951,497218500
Canada,CAN,1952,462851420
Canada,CAN,1953,508035740
Canada,CAN,1954,509551970
Canada,CAN,1955,513457900
Canada,CAN,1956,555400060
Canada,CAN,1957,520926050
Canada,CAN,1958,554204600
Canada,CAN,1959,553594750
Canada,CAN,1960,516366800
Canada,CAN,1961,521237700
Canada,CAN,1962,532953100
Canada,CAN,1963,522553600
Canada,CAN,1964,558065400
Canada,CAN,1965,608004000
Canada,CAN,1966,552739700
Canada,CAN,1967,574701000
Canada,CAN,1968,592677800
Canada,CAN,1969,595030800
Canada,CAN,1970,636029760
Canada,CAN,1971,642583940
Canada,CAN,1972,674559170
Canada,CAN,1973,686132800
Canada,CAN,1974,679343550
Canada,CAN,1975,681732100
Canada,CAN,1976,701016640
Canada,CAN,1977,710476300
Canada,CAN,1978,723588200
Canada,CAN,1979,720167800
Canada,CAN,1980,769192900
Canada,CAN,1981,752422340
Canada,CAN,1982,691291650
Canada,CAN,1983,695919740
Canada,CAN,1984,734504640
Canada,CAN,1985,734440500
Canada,CAN,1986,709931460
Canada,CAN,1987,727490500
Canada,CAN,1988,777206850
Canada,CAN,1989,767227000
Canada,CAN,1990,792186240
Canada,CAN,1991,757784260
Canada,CAN,1992,773245760
Canada,CAN,1993,761380900
Canada,CAN,1994,807255400
Canada,CAN,1995,794423500
Canada,CAN,1996,843555460
Canada,CAN,1997,821875500
Canada,CAN,1998,853685440
Canada,CAN,1999,882135360
Canada,CAN,2000,896376260
Canada,CAN,2001,921271500
Canada,CAN,2002,894814900
Canada,CAN,2003,918316350
Canada,CAN,2004,928975040
Canada,CAN,2005,905438850
Canada,CAN,2006,885117100
Canada,CAN,2007,898928960
Canada,CAN,2008,847861570
Canada,CAN,2009,788939260
Canada,CAN,2010,788575040
Canada,CAN,2011,846700350
Canada,CAN,2012,820174700
Canada,CAN,2013,838991800
Canada,CAN,2014,887262340
Canada,CAN,2015,857682560
Canada,CAN,2016,841481150
Canada,CAN,2017,855190660
Canada,CAN,2018,829358850
Canada,CAN,2019,837691400
Canada,CAN,2020,759515260
Canada,CAN,2021,773065400
Canada,CAN,2022,810218300
Canada,CAN,2023,800006300
Cape Verde,CPV,1850,15581.821
Cape Verde,CPV,1851,15724.58
Cape Verde,CPV,1852,15811.759
Cape Verde,CPV,1853,15870.453
Cape Verde,CPV,1854,15909.439
Cape Verde,CPV,1855,15956.034
Cape Verde,CPV,1856,15991.312
Cape Verde,CPV,1857,16014.888
Cape Verde,CPV,1858,16035.538
Cape Verde,CPV,1859,16062.039
Cape Verde,CPV,1860,16451.246
Cape Verde,CPV,1861,16652.018
Cape Verde,CPV,1862,16778.92
Cape Verde,CPV,1863,16848.33
Cape Verde,CPV,1864,16891.186
Cape Verde,CPV,1865,16954.615
Cape Verde,CPV,1866,16990.604
Cape Verde,CPV,1867,17026.78
Cape Verde,CPV,1868,17063.299
Cape Verde,CPV,1869,17100.31
Cape Verde,CPV,1870,17312.012
Cape Verde,CPV,1871,17470.86
Cape Verde,CPV,1872,17645.215
Cape Verde,CPV,1873,17813.35
Cape Verde,CPV,1874,17999.99
Cape Verde,CPV,1875,18179.006
Cape Verde,CPV,1876,18355.975
Cape Verde,CPV,1877,18518.479
Cape Verde,CPV,1878,18667.846
Cape Verde,CPV,1879,18796.25
Cape Verde,CPV,1880,19124.857
Cape Verde,CPV,1881,19332.545
Cape Verde,CPV,1882,19481.156
Cape Verde,CPV,1883,19617.318
Cape Verde,CPV,1884,19714.383
Cape Verde,CPV,1885,19810.037
Cape Verde,CPV,1886,19886.576
Cape Verde,CPV,1887,19972.307
Cape Verde,CPV,1888,20040.578
Cape Verde,CPV,1889,20110.543
Cape Verde,CPV,1890,20535.02
Cape Verde,CPV,1891,20763.412
Cape Verde,CPV,1892,20974.96
Cape Verde,CPV,1893,21151.307
Cape Verde,CPV,1894,21292.41
Cape Verde,CPV,1895,21434.87
Cape Verde,CPV,1896,21560.324
Cape Verde,CPV,1897,21695.387
Cape Verde,CPV,1898,21813.992
Cape Verde,CPV,1899,21934.46
Cape Verde,CPV,1900,22166.717
Cape Verde,CPV,1901,22726.84
Cape Verde,CPV,1902,22903.338
Cape Verde,CPV,1903,23310.26
Cape Verde,CPV,1904,23673.13
Cape Verde,CPV,1905,23992.283
Cape Verde,CPV,1906,24029.883
Cape Verde,CPV,1907,24628.977
Cape Verde,CPV,1908,24910.535
Cape Verde,CPV,1909,25021.443
Cape Verde,CPV,1910,25969.633
Cape Verde,CPV,1911,26771.797
Cape Verde,CPV,1912,27575.83
Cape Verde,CPV,1913,28371.97
Cape Verde,CPV,1914,29160.426
Cape Verde,CPV,1915,29928.604
Cape Verde,CPV,1916,30661.193
Cape Verde,CPV,1917,31461.957
Cape Verde,CPV,1918,31967.506
Cape Verde,CPV,1919,32794.562
Cape Verde,CPV,1920,33955.293
Cape Verde,CPV,1921,35034.387
Cape Verde,CPV,1922,36015.152
Cape Verde,CPV,1923,37026.266
Cape Verde,CPV,1924,37948.94
Cape Verde,CPV,1925,38856.758
Cape Verde,CPV,1926,39759.18
Cape Verde,CPV,1927,40518.44
Cape Verde,CPV,1928,41346.17
Cape Verde,CPV,1929,42077.785
Cape Verde,CPV,1930,43272.348
Cape Verde,CPV,1931,44558.582
Cape Verde,CPV,1932,45616.168
Cape Verde,CPV,1933,46558.004
Cape Verde,CPV,1934,47446.19
Cape Verde,CPV,1935,48253.73
Cape Verde,CPV,1936,49243.992
Cape Verde,CPV,1937,50097.094
Cape Verde,CPV,1938,51064.086
Cape Verde,CPV,1939,51940.11
Cape Verde,CPV,1940,53678.855
Cape Verde,CPV,1941,56389.844
Cape Verde,CPV,1942,59798.293
Cape Verde,CPV,1943,63927.348
Cape Verde,CPV,1944,67829.22
Cape Verde,CPV,1945,72715.09
Cape Verde,CPV,1946,76956.37
Cape Verde,CPV,1947,81346.4
Cape Verde,CPV,1948,85359.64
Cape Verde,CPV,1949,89153.35
Cape Verde,CPV,1950,219875.28
Cape Verde,CPV,1951,199318.89
Cape Verde,CPV,1952,153272.14
Cape Verde,CPV,1953,129718.94
Cape Verde,CPV,1954,129464.5
Cape Verde,CPV,1955,128660.38
Cape Verde,CPV,1956,137776.28
Cape Verde,CPV,1957,133140.69
Cape Verde,CPV,1958,140343.72
Cape Verde,CPV,1959,168966.03
Cape Verde,CPV,1960,182761.36
Cape Verde,CPV,1961,167029.92
Cape Verde,CPV,1962,160202.83
Cape Verde,CPV,1963,154403.56
Cape Verde,CPV,1964,165473.66
Cape Verde,CPV,1965,161904.39
Cape Verde,CPV,1966,161314.61
Cape Verde,CPV,1967,154794.39
Cape Verde,CPV,1968,162313.56
Cape Verde,CPV,1969,169788.19
Cape Verde,CPV,1970,163240.9
Cape Verde,CPV,1971,159109.9
Cape Verde,CPV,1972,175597.44
Cape Verde,CPV,1973,182855.86
Cape Verde,CPV,1974,181153.78
Cape Verde,CPV,1975,190170.08
Cape Verde,CPV,1976,187216.9
Cape Verde,CPV,1977,194683.03
Cape Verde,CPV,1978,325185.44
Cape Verde,CPV,1979,368231.47
Cape Verde,CPV,1980,242991.2
Cape Verde,CPV,1981,157439.14
Cape Verde,CPV,1982,167612.02
Cape Verde,CPV,1983,156055.3
Cape Verde,CPV,1984,204864.78
Cape Verde,CPV,1985,212226.75
Cape Verde,CPV,1986,196126.6
Cape Verde,CPV,1987,266813.75
Cape Verde,CPV,1988,253368.67
Cape Verde,CPV,1989,279135.75
Cape Verde,CPV,1990,381497.6
Cape Verde,CPV,1991,389633.03
Cape Verde,CPV,1992,419963.75
Cape Verde,CPV,1993,413856.34
Cape Verde,CPV,1994,416680.12
Cape Verde,CPV,1995,459312.12
Cape Verde,CPV,1996,480519.22
Cape Verde,CPV,1997,485854.4
Cape Verde,CPV,1998,506286.38
Cape Verde,CPV,1999,563889.4
Cape Verde,CPV,2000,606383.44
Cape Verde,CPV,2001,652471.9
Cape Verde,CPV,2002,670544.9
Cape Verde,CPV,2003,685507.06
Cape Verde,CPV,2004,695207.3
Cape Verde,CPV,2005,713261.7
Cape Verde,CPV,2006,760574.7
Cape Verde,CPV,2007,803972.5
Cape Verde,CPV,2008,745709.25
Cape Verde,CPV,2009,797450.3
Cape Verde,CPV,2010,864847.6
Cape Verde,CPV,2011,909427.06
Cape Verde,CPV,2012,802931.2
Cape Verde,CPV,2013,785965.56
Cape Verde,CPV,2014,778924.75
Cape Verde,CPV,2015,783640
Cape Verde,CPV,2016,839611.8
Cape Verde,CPV,2017,861271.1
Cape Verde,CPV,2018,854682.94
Cape Verde,CPV,2019,915019
Cape Verde,CPV,2020,810234.44
Cape Verde,CPV,2021,846990.7
Cape Verde,CPV,2022,858871.7
Cape Verde,CPV,2023,846779.4
Central African Republic,CAF,1850,1283612.9
Central African Republic,CAF,1851,1162803.8
Central African Republic,CAF,1852,1153022
Central African Republic,CAF,1853,1092987.2
Central African Republic,CAF,1854,1149960.9
Central African Republic,CAF,1855,1122294.5
Central African Republic,CAF,1856,1153232
Central African Republic,CAF,1857,1146410.1
Central African Republic,CAF,1858,1170656.8
Central African Republic,CAF,1859,1114256.5
Central African Republic,CAF,1860,1095703
Central African Republic,CAF,1861,1193131
Central African Republic,CAF,1862,1151681
Central African Republic,CAF,1863,1189192.4
Central African Republic,CAF,1864,1132903.5
Central African Republic,CAF,1865,1135480.6
Central African Republic,CAF,1866,1138643.8
Central African Republic,CAF,1867,1114744.5
Central African Republic,CAF,1868,1122622.8
Central African Republic,CAF,1869,1125845.6
Central African Republic,CAF,1870,1138497.2
Central African Republic,CAF,1871,1248238.1
Central African Republic,CAF,1872,1140859.5
Central African Republic,CAF,1873,1235477.4
Central African Republic,CAF,1874,1267597.1
Central African Republic,CAF,1875,1261263.9
Central African Republic,CAF,1876,1327707.9
Central African Republic,CAF,1877,1340118.2
Central African Republic,CAF,1878,1399273.5
Central African Republic,CAF,1879,1393916.9
Central African Republic,CAF,1880,1464553.6
Central African Republic,CAF,1881,1540823.4
Central African Republic,CAF,1882,1494687.2
Central African Republic,CAF,1883,1570144.9
Central African Republic,CAF,1884,1530680.2
Central African Republic,CAF,1885,1546124.5
Central African Republic,CAF,1886,1564673
Central African Republic,CAF,1887,1645879.8
Central African Republic,CAF,1888,1610048.2
Central African Republic,CAF,1889,1604595
Central African Republic,CAF,1890,1708877.5
Central African Republic,CAF,1891,1738606.4
Central African Republic,CAF,1892,1785708.1
Central African Republic,CAF,1893,1767118.2
Central African Republic,CAF,1894,1846304.5
Central African Republic,CAF,1895,1925839.9
Central African Republic,CAF,1896,1841172.5
Central African Republic,CAF,1897,1809951.8
Central African Republic,CAF,1898,1868239.1
Central African Republic,CAF,1899,2024460.4
Central African Republic,CAF,1900,2080767.1
Central African Republic,CAF,1901,2146808.8
Central African Republic,CAF,1902,2237019
Central African Republic,CAF,1903,2279179
Central African Republic,CAF,1904,2371573.2
Central African Republic,CAF,1905,2421428
Central African Republic,CAF,1906,2691046.8
Central African Republic,CAF,1907,2584368
Central African Republic,CAF,1908,2837469.5
Central African Republic,CAF,1909,2868469.2
Central African Republic,CAF,1910,3033671.5
Central African Republic,CAF,1911,3367020.2
Central African Republic,CAF,1912,3427626.5
Central African Republic,CAF,1913,3582767.8
Central African Republic,CAF,1914,3773652
Central African Republic,CAF,1915,3704225.5
Central African Republic,CAF,1916,4028152.8
Central African Republic,CAF,1917,4143581.8
Central African Republic,CAF,1918,4100844.2
Central African Republic,CAF,1919,4316141
Central African Republic,CAF,1920,4761705
Central African Republic,CAF,1921,5248186.5
Central African Republic,CAF,1922,5434916.5
Central African Republic,CAF,1923,5813286
Central African Republic,CAF,1924,6018835.5
Central African Republic,CAF,1925,6208704.5
Central African Republic,CAF,1926,6154587.5
Central African Republic,CAF,1927,6360029
Central African Republic,CAF,1928,6480880
Central African Republic,CAF,1929,6697656
Central African Republic,CAF,1930,7356439
Central African Republic,CAF,1931,8116253.5
Central African Republic,CAF,1932,8392687
Central African Republic,CAF,1933,8860302
Central African Republic,CAF,1934,8891998
Central African Republic,CAF,1935,9368218
Central African Republic,CAF,1936,9489802
Central African Republic,CAF,1937,9642161
Central African Republic,CAF,1938,9675368
Central African Republic,CAF,1939,9925533
Central African Republic,CAF,1940,13804309
Central African Republic,CAF,1941,17123820
Central African Republic,CAF,1942,18791822
Central African Republic,CAF,1943,20447550
Central African Republic,CAF,1944,21781114
Central African Republic,CAF,1945,23123326
Central African Republic,CAF,1946,24578340
Central African Republic,CAF,1947,25394956
Central African Republic,CAF,1948,26526564
Central African Republic,CAF,1949,27560376
Central African Republic,CAF,1950,24802150
Central African Republic,CAF,1951,22077816
Central African Republic,CAF,1952,21120132
Central African Republic,CAF,1953,20605640
Central African Republic,CAF,1954,20341056
Central African Republic,CAF,1955,20383784
Central African Republic,CAF,1956,20420560
Central African Republic,CAF,1957,20723482
Central African Republic,CAF,1958,21073040
Central African Republic,CAF,1959,21490488
Central African Republic,CAF,1960,19497240
Central African Republic,CAF,1961,18503560
Central African Republic,CAF,1962,18256644
Central African Republic,CAF,1963,18294802
Central African Republic,CAF,1964,18100096
Central African Republic,CAF,1965,18026424
Central African Republic,CAF,1966,18173144
Central African Republic,CAF,1967,18182922
Central African Republic,CAF,1968,18251962
Central African Republic,CAF,1969,18495384
Central African Republic,CAF,1970,19220820
Central African Republic,CAF,1971,18826076
Central African Republic,CAF,1972,18699292
Central African Republic,CAF,1973,20011658
Central African Republic,CAF,1974,17279804
Central African Republic,CAF,1975,18000478
Central African Republic,CAF,1976,18441134
Central African Republic,CAF,1977,20706524
Central African Republic,CAF,1978,18456286
Central African Republic,CAF,1979,20454254
Central African Republic,CAF,1980,23349472
Central African Republic,CAF,1981,20195008
Central African Republic,CAF,1982,25434890
Central African Republic,CAF,1983,23939038
Central African Republic,CAF,1984,23366182
Central African Republic,CAF,1985,22040196
Central African Republic,CAF,1986,22663454
Central African Republic,CAF,1987,23214902
Central African Republic,CAF,1988,21810676
Central African Republic,CAF,1989,23798700
Central African Republic,CAF,1990,27831994
Central African Republic,CAF,1991,28570026
Central African Republic,CAF,1992,28497110
Central African Republic,CAF,1993,27750824
Central African Republic,CAF,1994,28603190
Central African Republic,CAF,1995,28893180
Central African Republic,CAF,1996,31150920
Central African Republic,CAF,1997,30737536
Central African Republic,CAF,1998,35073010
Central African Republic,CAF,1999,32041958
Central African Republic,CAF,2000,34817136
Central African Republic,CAF,2001,31245892
Central African Republic,CAF,2002,27147098
Central African Republic,CAF,2003,33483144
Central African Republic,CAF,2004,29507180
Central African Republic,CAF,2005,30900780
Central African Republic,CAF,2006,30504454
Central African Republic,CAF,2007,31208330
Central African Republic,CAF,2008,37214620
Central African Republic,CAF,2009,28362538
Central African Republic,CAF,2010,29980824
Central African Republic,CAF,2011,31088606
Central African Republic,CAF,2012,27309258
Central African Republic,CAF,2013,29322570
Central African Republic,CAF,2014,27310162
Central African Republic,CAF,2015,27817158
Central African Republic,CAF,2016,30395800
Central African Republic,CAF,2017,29680962
Central African Republic,CAF,2018,28792400
Central African Republic,CAF,2019,26421770
Central African Republic,CAF,2020,27626220
Central African Republic,CAF,2021,27589718
Central African Republic,CAF,2022,28511928
Central African Republic,CAF,2023,27661616
Chad,TCD,1850,6635499
Chad,TCD,1851,9498234
Chad,TCD,1852,11437564
Chad,TCD,1853,12660231
Chad,TCD,1854,13683089
Chad,TCD,1855,14552889
Chad,TCD,1856,15301651
Chad,TCD,1857,15950787
Chad,TCD,1858,16527818
Chad,TCD,1859,17023406
Chad,TCD,1860,13069623
Chad,TCD,1861,10721824
Chad,TCD,1862,9213617
Chad,TCD,1863,8361822.5
Chad,TCD,1864,7674610
Chad,TCD,1865,7077703.5
Chad,TCD,1866,6573298
Chad,TCD,1867,6140827.5
Chad,TCD,1868,5766577
Chad,TCD,1869,5440266
Chad,TCD,1870,5195033.5
Chad,TCD,1871,4978062
Chad,TCD,1872,4789374
Chad,TCD,1873,4630886
Chad,TCD,1874,4503884
Chad,TCD,1875,4414351
Chad,TCD,1876,4338236
Chad,TCD,1877,4269578
Chad,TCD,1878,4207419
Chad,TCD,1879,4149333.5
Chad,TCD,1880,4112141.8
Chad,TCD,1881,4079793.2
Chad,TCD,1882,4039146
Chad,TCD,1883,3997915.5
Chad,TCD,1884,3959549.2
Chad,TCD,1885,3923554.5
Chad,TCD,1886,3889650.5
Chad,TCD,1887,3858966.5
Chad,TCD,1888,3830076.5
Chad,TCD,1889,3804045.8
Chad,TCD,1890,3860187.5
Chad,TCD,1891,3871197.5
Chad,TCD,1892,3860580.8
Chad,TCD,1893,3845345.5
Chad,TCD,1894,3831527.2
Chad,TCD,1895,3818738.5
Chad,TCD,1896,3807985.8
Chad,TCD,1897,3800796.8
Chad,TCD,1898,3796217
Chad,TCD,1899,3796297.2
Chad,TCD,1900,3589887.8
Chad,TCD,1901,3571766.2
Chad,TCD,1902,3527882.5
Chad,TCD,1903,3473141
Chad,TCD,1904,3433856.2
Chad,TCD,1905,3392779.5
Chad,TCD,1906,3365564
Chad,TCD,1907,3326626
Chad,TCD,1908,3321508.2
Chad,TCD,1909,3289644.2
Chad,TCD,1910,3660390.2
Chad,TCD,1911,3770877.2
Chad,TCD,1912,3861748
Chad,TCD,1913,3971526.2
Chad,TCD,1914,4094308.5
Chad,TCD,1915,4207731.5
Chad,TCD,1916,4327601.5
Chad,TCD,1917,4456498
Chad,TCD,1918,4559298
Chad,TCD,1919,4667690.5
Chad,TCD,1920,4959953.5
Chad,TCD,1921,5266902.5
Chad,TCD,1922,5470644.5
Chad,TCD,1923,5636158
Chad,TCD,1924,5797799
Chad,TCD,1925,5947236.5
Chad,TCD,1926,6083487
Chad,TCD,1927,6220304.5
Chad,TCD,1928,6346649
Chad,TCD,1929,6464544.5
Chad,TCD,1930,6979165
Chad,TCD,1931,7443739.5
Chad,TCD,1932,7622764
Chad,TCD,1933,7745835
Chad,TCD,1934,7846417.5
Chad,TCD,1935,7899205.5
Chad,TCD,1936,8051319
Chad,TCD,1937,8168561
Chad,TCD,1938,8312540.5
Chad,TCD,1939,8451236
Chad,TCD,1940,10307598
Chad,TCD,1941,12070047
Chad,TCD,1942,13099728
Chad,TCD,1943,13983708
Chad,TCD,1944,14873026
Chad,TCD,1945,15783105
Chad,TCD,1946,16706625
Chad,TCD,1947,17531898
Chad,TCD,1948,18210296
Chad,TCD,1949,18769782
Chad,TCD,1950,18285074
Chad,TCD,1951,17850414
Chad,TCD,1952,18119072
Chad,TCD,1953,18134464
Chad,TCD,1954,18273286
Chad,TCD,1955,18201748
Chad,TCD,1956,18256140
Chad,TCD,1957,18284960
Chad,TCD,1958,18510388
Chad,TCD,1959,18853482
Chad,TCD,1960,19237512
Chad,TCD,1961,16702575
Chad,TCD,1962,14842633
Chad,TCD,1963,14028067
Chad,TCD,1964,13771347
Chad,TCD,1965,13655923
Chad,TCD,1966,13530991
Chad,TCD,1967,13611747
Chad,TCD,1968,13589632
Chad,TCD,1969,13434567
Chad,TCD,1970,13863995
Chad,TCD,1971,13742032
Chad,TCD,1972,14858411
Chad,TCD,1973,15401200
Chad,TCD,1974,15816894
Chad,TCD,1975,19203878
Chad,TCD,1976,18326210
Chad,TCD,1977,20534002
Chad,TCD,1978,18312100
Chad,TCD,1979,17885782
Chad,TCD,1980,18838074
Chad,TCD,1981,16860656
Chad,TCD,1982,18113232
Chad,TCD,1983,17159466
Chad,TCD,1984,15483975
Chad,TCD,1985,16537026
Chad,TCD,1986,16443364
Chad,TCD,1987,17641190
Chad,TCD,1988,17492812
Chad,TCD,1989,19677022
Chad,TCD,1990,22673308
Chad,TCD,1991,29037048
Chad,TCD,1992,30444700
Chad,TCD,1993,31144144
Chad,TCD,1994,32889206
Chad,TCD,1995,34118132
Chad,TCD,1996,43904570
Chad,TCD,1997,41125540
Chad,TCD,1998,40386470
Chad,TCD,1999,45099560
Chad,TCD,2000,50090980
Chad,TCD,2001,45145332
Chad,TCD,2002,50019620
Chad,TCD,2003,58151384
Chad,TCD,2004,60226230
Chad,TCD,2005,58391960
Chad,TCD,2006,57574050
Chad,TCD,2007,58982456
Chad,TCD,2008,64259948
Chad,TCD,2009,72515930
Chad,TCD,2010,76567736
Chad,TCD,2011,88754610
Chad,TCD,2012,98321710
Chad,TCD,2013,99435540
Chad,TCD,2014,94733144
Chad,TCD,2015,98058770
Chad,TCD,2016,98544270
Chad,TCD,2017,99404310
Chad,TCD,2018,102503544
Chad,TCD,2019,104200600
Chad,TCD,2020,109226270
Chad,TCD,2021,113118030
Chad,TCD,2022,117521630
Chad,TCD,2023,121708210
Chile,CHL,1850,8624484
Chile,CHL,1851,7929033.5
Chile,CHL,1852,8238847.5
Chile,CHL,1853,8351195
Chile,CHL,1854,9762538
Chile,CHL,1855,7156391.5
Chile,CHL,1856,8602803
Chile,CHL,1857,9032691
Chile,CHL,1858,11672977
Chile,CHL,1859,10586873
Chile,CHL,1860,10082492
Chile,CHL,1861,10274759
Chile,CHL,1862,10452645
Chile,CHL,1863,11040748
Chile,CHL,1864,10437271
Chile,CHL,1865,10570379
Chile,CHL,1866,12267617
Chile,CHL,1867,12703812
Chile,CHL,1868,11720465
Chile,CHL,1869,10819387
Chile,CHL,1870,12870578
Chile,CHL,1871,12844949
Chile,CHL,1872,13474780
Chile,CHL,1873,14090939
Chile,CHL,1874,14576749
Chile,CHL,1875,13746963
Chile,CHL,1876,11288874
Chile,CHL,1877,12992168
Chile,CHL,1878,14882018
Chile,CHL,1879,15397133
Chile,CHL,1880,16767478
Chile,CHL,1881,17210706
Chile,CHL,1882,18259810
Chile,CHL,1883,19027040
Chile,CHL,1884,17716112
Chile,CHL,1885,18591916
Chile,CHL,1886,17975184
Chile,CHL,1887,19598852
Chile,CHL,1888,18884418
Chile,CHL,1889,17795648
Chile,CHL,1890,18924396
Chile,CHL,1891,19885918
Chile,CHL,1892,20340236
Chile,CHL,1893,21944926
Chile,CHL,1894,23804754
Chile,CHL,1895,19962526
Chile,CHL,1896,21280728
Chile,CHL,1897,22809672
Chile,CHL,1898,22904498
Chile,CHL,1899,23439864
Chile,CHL,1900,23673364
Chile,CHL,1901,25318512
Chile,CHL,1902,24510944
Chile,CHL,1903,24964794
Chile,CHL,1904,26146742
Chile,CHL,1905,27693700
Chile,CHL,1906,27841220
Chile,CHL,1907,29668210
Chile,CHL,1908,29700422
Chile,CHL,1909,32866462
Chile,CHL,1910,33449710
Chile,CHL,1911,36134270
Chile,CHL,1912,35282228
Chile,CHL,1913,30397904
Chile,CHL,1914,26681870
Chile,CHL,1915,26043742
Chile,CHL,1916,35973612
Chile,CHL,1917,35386484
Chile,CHL,1918,33597852
Chile,CHL,1919,32084278
Chile,CHL,1920,30895902
Chile,CHL,1921,27577738
Chile,CHL,1922,28524104
Chile,CHL,1923,29280482
Chile,CHL,1924,31141836
Chile,CHL,1925,34402012
Chile,CHL,1926,34991828
Chile,CHL,1927,33764850
Chile,CHL,1928,31918474
Chile,CHL,1929,35070196
Chile,CHL,1930,36385428
Chile,CHL,1931,31293602
Chile,CHL,1932,34323984
Chile,CHL,1933,34843964
Chile,CHL,1934,35305396
Chile,CHL,1935,38402560
Chile,CHL,1936,37401280
Chile,CHL,1937,41557370
Chile,CHL,1938,37947828
Chile,CHL,1939,38858524
Chile,CHL,1940,39321056
Chile,CHL,1941,40096916
Chile,CHL,1942,40628890
Chile,CHL,1943,42346300
Chile,CHL,1944,40656416
Chile,CHL,1945,40351852
Chile,CHL,1946,40246620
Chile,CHL,1947,37079964
Chile,CHL,1948,41015580
Chile,CHL,1949,40729810
Chile,CHL,1950,43379716
Chile,CHL,1951,42484120
Chile,CHL,1952,46020284
Chile,CHL,1953,48544210
Chile,CHL,1954,51844250
Chile,CHL,1955,55323744
Chile,CHL,1956,57420336
Chile,CHL,1957,58067120
Chile,CHL,1958,56308744
Chile,CHL,1959,61202220
Chile,CHL,1960,64400092
Chile,CHL,1961,60257110
Chile,CHL,1962,64252496
Chile,CHL,1963,63545840
Chile,CHL,1964,63600904
Chile,CHL,1965,63822324
Chile,CHL,1966,65060100
Chile,CHL,1967,68084200
Chile,CHL,1968,68943384
Chile,CHL,1969,79220790
Chile,CHL,1970,79456390
Chile,CHL,1971,81764640
Chile,CHL,1972,87728220
Chile,CHL,1973,85611710
Chile,CHL,1974,81192270
Chile,CHL,1975,84503710
Chile,CHL,1976,72516870
Chile,CHL,1977,68122830
Chile,CHL,1978,62277012
Chile,CHL,1979,62101470
Chile,CHL,1980,64829330
Chile,CHL,1981,64769656
Chile,CHL,1982,59262150
Chile,CHL,1983,57939308
Chile,CHL,1984,57561220
Chile,CHL,1985,54373504
Chile,CHL,1986,51304336
Chile,CHL,1987,51349444
Chile,CHL,1988,56363660
Chile,CHL,1989,59344292
Chile,CHL,1990,58808732
Chile,CHL,1991,56901040
Chile,CHL,1992,59436644
Chile,CHL,1993,67821490
Chile,CHL,1994,70185840
Chile,CHL,1995,77855704
Chile,CHL,1996,82251464
Chile,CHL,1997,96151384
Chile,CHL,1998,93240250
Chile,CHL,1999,98107090
Chile,CHL,2000,101457530
Chile,CHL,2001,97259144
Chile,CHL,2002,95947230
Chile,CHL,2003,101260590
Chile,CHL,2004,103442470
Chile,CHL,2005,106156536
Chile,CHL,2006,105132630
Chile,CHL,2007,115177200
Chile,CHL,2008,118588060
Chile,CHL,2009,111058890
Chile,CHL,2010,112641290
Chile,CHL,2011,120681710
Chile,CHL,2012,123682810
Chile,CHL,2013,124528520
Chile,CHL,2014,118325600
Chile,CHL,2015,122148696
Chile,CHL,2016,123026460
Chile,CHL,2017,123362690
Chile,CHL,2018,123185190
Chile,CHL,2019,129448520
Chile,CHL,2020,115990660
Chile,CHL,2021,117502904
Chile,CHL,2022,115854800
Chile,CHL,2023,107987610
China,CHN,1850,432472400
China,CHN,1851,429578900
China,CHN,1852,416414500
China,CHN,1853,428824900
China,CHN,1854,406323330
China,CHN,1855,404873800
China,CHN,1856,397158200
China,CHN,1857,388002700
China,CHN,1858,392792500
China,CHN,1859,383511780
China,CHN,1860,369012220
China,CHN,1861,343867550
China,CHN,1862,329493250
China,CHN,1863,325576900
China,CHN,1864,304008350
China,CHN,1865,286172060
China,CHN,1866,277712000
China,CHN,1867,263234690
China,CHN,1868,251130510
China,CHN,1869,239742670
China,CHN,1870,234897570
China,CHN,1871,246363710
China,CHN,1872,239128900
China,CHN,1873,229818990
China,CHN,1874,238011180
China,CHN,1875,234472670
China,CHN,1876,242911820
China,CHN,1877,246692100
China,CHN,1878,250875280
China,CHN,1879,245831420
China,CHN,1880,266220770
China,CHN,1881,283648130
China,CHN,1882,281712030
China,CHN,1883,282733900
China,CHN,1884,299134370
China,CHN,1885,283894700
China,CHN,1886,290253400
China,CHN,1887,311294820
China,CHN,1888,304067940
China,CHN,1889,310399870
China,CHN,1890,334663420
China,CHN,1891,334660160
China,CHN,1892,344170880
China,CHN,1893,335678800
China,CHN,1894,342777100
China,CHN,1895,353971970
China,CHN,1896,361623330
China,CHN,1897,366842800
China,CHN,1898,370850020
China,CHN,1899,373323070
China,CHN,1900,388401060
China,CHN,1901,406075200
China,CHN,1902,423051870
China,CHN,1903,439329500
China,CHN,1904,433494000
China,CHN,1905,436725220
China,CHN,1906,451481860
China,CHN,1907,476627000
China,CHN,1908,485977730
China,CHN,1909,488070050
China,CHN,1910,514314430
China,CHN,1911,537219700
China,CHN,1912,534066370
China,CHN,1913,560199550
China,CHN,1914,580920800
China,CHN,1915,582787800
China,CHN,1916,591676600
China,CHN,1917,607934100
China,CHN,1918,622738900
China,CHN,1919,619066500
China,CHN,1920,605851800
China,CHN,1921,605191800
China,CHN,1922,600443600
China,CHN,1923,617436600
China,CHN,1924,610034050
China,CHN,1925,616086460
China,CHN,1926,619742660
China,CHN,1927,618152640
China,CHN,1928,629400700
China,CHN,1929,626554430
China,CHN,1930,651511700
China,CHN,1931,672304500
China,CHN,1932,699377400
China,CHN,1933,726130050
China,CHN,1934,750661760
China,CHN,1935,769829800
China,CHN,1936,784106700
China,CHN,1937,801976400
China,CHN,1938,796662100
China,CHN,1939,834019800
China,CHN,1940,892492100
China,CHN,1941,938788000
China,CHN,1942,975272500
China,CHN,1943,978091800
China,CHN,1944,993862460
China,CHN,1945,957280450
China,CHN,1946,959649200
China,CHN,1947,968000100
China,CHN,1948,954593400
China,CHN,1949,989329300
China,CHN,1950,1217619200
China,CHN,1951,1406489100
China,CHN,1952,1226960500
China,CHN,1953,1178853800
China,CHN,1954,1354907600
China,CHN,1955,1344675200
China,CHN,1956,1267823100
China,CHN,1957,1283164000
China,CHN,1958,1433049900
China,CHN,1959,1673548200
China,CHN,1960,1660663700
China,CHN,1961,1707899300
China,CHN,1962,1610501100
China,CHN,1963,1684496300
China,CHN,1964,1633402000
China,CHN,1965,1873266600
China,CHN,1966,1782409900
China,CHN,1967,1523899800
China,CHN,1968,1644725100
China,CHN,1969,2198146300
China,CHN,1970,2305480200
China,CHN,1971,2160897800
China,CHN,1972,2634801000
China,CHN,1973,2614830300
China,CHN,1974,2630431200
China,CHN,1975,2734967000
China,CHN,1976,2686150100
China,CHN,1977,3177823700
China,CHN,1978,3490815700
China,CHN,1979,3107578600
China,CHN,1980,3073064400
China,CHN,1981,3015528200
China,CHN,1982,3146038800
China,CHN,1983,3251667700
China,CHN,1984,3416188200
China,CHN,1985,3533081600
China,CHN,1986,3663251500
China,CHN,1987,3842969600
China,CHN,1988,4057844500
China,CHN,1989,4150327600
China,CHN,1990,4209335800
China,CHN,1991,4305830400
China,CHN,1992,4440297000
China,CHN,1993,4595828000
China,CHN,1994,4897836500
China,CHN,1995,5172046300
China,CHN,1996,5353582600
China,CHN,1997,5312637000
China,CHN,1998,5180109000
China,CHN,1999,5332926500
China,CHN,2000,5307824000
China,CHN,2001,5318594600
China,CHN,2002,5664255500
China,CHN,2003,6456585000
China,CHN,2004,6943841300
China,CHN,2005,7667986000
China,CHN,2006,8351434000
China,CHN,2007,8862957000
China,CHN,2008,9405909000
China,CHN,2009,9828306000
China,CHN,2010,10567731000
China,CHN,2011,11587158000
China,CHN,2012,11785367000
China,CHN,2013,11976409000
China,CHN,2014,12002595000
China,CHN,2015,11932706000
China,CHN,2016,11690257000
China,CHN,2017,11935866000
China,CHN,2018,12279784000
China,CHN,2019,12614095000
China,CHN,2020,12841301000
China,CHN,2021,13427619000
China,CHN,2022,13403839000
China,CHN,2023,13968915000
Colombia,COL,1850,36408230
Colombia,COL,1851,35968304
Colombia,COL,1852,27437464
Colombia,COL,1853,32255414
Colombia,COL,1854,28928348
Colombia,COL,1855,30172698
Colombia,COL,1856,29431012
Colombia,COL,1857,30494954
Colombia,COL,1858,24512726
Colombia,COL,1859,27405094
Colombia,COL,1860,25800832
Colombia,COL,1861,27493596
Colombia,COL,1862,28408390
Colombia,COL,1863,25993436
Colombia,COL,1864,29745196
Colombia,COL,1865,31124378
Colombia,COL,1866,25838688
Colombia,COL,1867,27593884
Colombia,COL,1868,25341906
Colombia,COL,1869,23103720
Colombia,COL,1870,39094930
Colombia,COL,1871,48025708
Colombia,COL,1872,46057130
Colombia,COL,1873,52152812
Colombia,COL,1874,51092270
Colombia,COL,1875,50439416
Colombia,COL,1876,53296656
Colombia,COL,1877,50455644
Colombia,COL,1878,53559812
Colombia,COL,1879,47926860
Colombia,COL,1880,57470764
Colombia,COL,1881,54792356
Colombia,COL,1882,57689944
Colombia,COL,1883,59850396
Colombia,COL,1884,60838884
Colombia,COL,1885,57284970
Colombia,COL,1886,62395760
Colombia,COL,1887,65179230
Colombia,COL,1888,56919484
Colombia,COL,1889,60650824
Colombia,COL,1890,63877052
Colombia,COL,1891,67483750
Colombia,COL,1892,71789520
Colombia,COL,1893,69872904
Colombia,COL,1894,70601100
Colombia,COL,1895,74888024
Colombia,COL,1896,75933530
Colombia,COL,1897,74419310
Colombia,COL,1898,76025530
Colombia,COL,1899,76353780
Colombia,COL,1900,89558180
Colombia,COL,1901,94576000
Colombia,COL,1902,94283690
Colombia,COL,1903,103636344
Colombia,COL,1904,103083256
Colombia,COL,1905,102514910
Colombia,COL,1906,104629030
Colombia,COL,1907,105578790
Colombia,COL,1908,107888470
Colombia,COL,1909,111040670
Colombia,COL,1910,116954720
Colombia,COL,1911,130324930
Colombia,COL,1912,141085890
Colombia,COL,1913,135483860
Colombia,COL,1914,145130050
Colombia,COL,1915,142143310
Colombia,COL,1916,146034130
Colombia,COL,1917,146020720
Colombia,COL,1918,153462940
Colombia,COL,1919,148848140
Colombia,COL,1920,164153060
Colombia,COL,1921,173585860
Colombia,COL,1922,174104690
Colombia,COL,1923,175951090
Colombia,COL,1924,178707940
Colombia,COL,1925,184627840
Colombia,COL,1926,190412690
Colombia,COL,1927,190816030
Colombia,COL,1928,190185780
Colombia,COL,1929,187710020
Colombia,COL,1930,169899420
Colombia,COL,1931,158782080
Colombia,COL,1932,154752660
Colombia,COL,1933,153353120
Colombia,COL,1934,152738560
Colombia,COL,1935,160720940
Colombia,COL,1936,159797150
Colombia,COL,1937,156807200
Colombia,COL,1938,154668270
Colombia,COL,1939,149866100
Colombia,COL,1940,208186380
Colombia,COL,1941,230196590
Colombia,COL,1942,244006610
Colombia,COL,1943,255336240
Colombia,COL,1944,254293570
Colombia,COL,1945,258218740
Colombia,COL,1946,263321680
Colombia,COL,1947,266588500
Colombia,COL,1948,264666560
Colombia,COL,1949,272586980
Colombia,COL,1950,301592960
Colombia,COL,1951,312292700
Colombia,COL,1952,322377060
Colombia,COL,1953,333719520
Colombia,COL,1954,329224700
Colombia,COL,1955,351182700
Colombia,COL,1956,361234020
Colombia,COL,1957,373412700
Colombia,COL,1958,397117500
Colombia,COL,1959,436612900
Colombia,COL,1960,303985380
Colombia,COL,1961,387109920
Colombia,COL,1962,334678750
Colombia,COL,1963,308287140
Colombia,COL,1964,362756030
Colombia,COL,1965,241387970
Colombia,COL,1966,201866060
Colombia,COL,1967,178167090
Colombia,COL,1968,158768690
Colombia,COL,1969,163178750
Colombia,COL,1970,419503520
Colombia,COL,1971,244818540
Colombia,COL,1972,196888660
Colombia,COL,1973,177435120
Colombia,COL,1974,165140480
Colombia,COL,1975,160667870
Colombia,COL,1976,180132960
Colombia,COL,1977,160359570
Colombia,COL,1978,161229340
Colombia,COL,1979,158529940
Colombia,COL,1980,155232930
Colombia,COL,1981,152457550
Colombia,COL,1982,155438620
Colombia,COL,1983,154432180
Colombia,COL,1984,157101950
Colombia,COL,1985,152570320
Colombia,COL,1986,150841760
Colombia,COL,1987,155387680
Colombia,COL,1988,155464430
Colombia,COL,1989,156886930
Colombia,COL,1990,158559360
Colombia,COL,1991,173864340
Colombia,COL,1992,182730380
Colombia,COL,1993,196316530
Colombia,COL,1994,214695890
Colombia,COL,1995,238932750
Colombia,COL,1996,243044910
Colombia,COL,1997,290054500
Colombia,COL,1998,287984640
Colombia,COL,1999,240574670
Colombia,COL,2000,192686240
Colombia,COL,2001,179495500
Colombia,COL,2002,226235740
Colombia,COL,2003,323132130
Colombia,COL,2004,231819900
Colombia,COL,2005,199753220
Colombia,COL,2006,221453330
Colombia,COL,2007,214084740
Colombia,COL,2008,195969010
Colombia,COL,2009,204199680
Colombia,COL,2010,204718670
Colombia,COL,2011,307045220
Colombia,COL,2012,465526340
Colombia,COL,2013,311121470
Colombia,COL,2014,272185730
Colombia,COL,2015,264609800
Colombia,COL,2016,236426130
Colombia,COL,2017,310283700
Colombia,COL,2018,295660060
Colombia,COL,2019,267305420
Colombia,COL,2020,241826690
Colombia,COL,2021,250162830
Colombia,COL,2022,251260740
Colombia,COL,2023,259001860
Comoros,COM,1850,69752.35
Comoros,COM,1851,69849.9
Comoros,COM,1852,69901.28
Comoros,COM,1853,69941.875
Comoros,COM,1854,69980.234
Comoros,COM,1855,70015.734
Comoros,COM,1856,70066.07
Comoros,COM,1857,70103.15
Comoros,COM,1858,70153.81
Comoros,COM,1859,70180.81
Comoros,COM,1860,70540.766
Comoros,COM,1861,70774.125
Comoros,COM,1862,70951.57
Comoros,COM,1863,71110
Comoros,COM,1864,71240.48
Comoros,COM,1865,71370.75
Comoros,COM,1866,71482.734
Comoros,COM,1867,71613.32
Comoros,COM,1868,71726.11
Comoros,COM,1869,71848.836
Comoros,COM,1870,72311.49
Comoros,COM,1871,72770.18
Comoros,COM,1872,73193.555
Comoros,COM,1873,73603.97
Comoros,COM,1874,73997.93
Comoros,COM,1875,74381.1
Comoros,COM,1876,74759.13
Comoros,COM,1877,75110.21
Comoros,COM,1878,75439.984
Comoros,COM,1879,75717.47
Comoros,COM,1880,76333.06
Comoros,COM,1881,76663.31
Comoros,COM,1882,76913.625
Comoros,COM,1883,77149.445
Comoros,COM,1884,77353.81
Comoros,COM,1885,77537.21
Comoros,COM,1886,77728.48
Comoros,COM,1887,77901.46
Comoros,COM,1888,78075.82
Comoros,COM,1889,78252.9
Comoros,COM,1890,79010.15
Comoros,COM,1891,79230.66
Comoros,COM,1892,79398.195
Comoros,COM,1893,79540.19
Comoros,COM,1894,79693.18
Comoros,COM,1895,79838.8
Comoros,COM,1896,79995.28
Comoros,COM,1897,80153.414
Comoros,COM,1898,80313.1
Comoros,COM,1899,80483.45
Comoros,COM,1900,81085.75
Comoros,COM,1901,81248.766
Comoros,COM,1902,81337.44
Comoros,COM,1903,81398.9
Comoros,COM,1904,81434.52
Comoros,COM,1905,81473.1
Comoros,COM,1906,81497.69
Comoros,COM,1907,81509.61
Comoros,COM,1908,81565.18
Comoros,COM,1909,81629.086
Comoros,COM,1910,82133.22
Comoros,COM,1911,83657.164
Comoros,COM,1912,85138.445
Comoros,COM,1913,86638.95
Comoros,COM,1914,88138.125
Comoros,COM,1915,89668.62
Comoros,COM,1916,91222.03
Comoros,COM,1917,92722.91
Comoros,COM,1918,94251.52
Comoros,COM,1919,95769.055
Comoros,COM,1920,97749.67
Comoros,COM,1921,99667.47
Comoros,COM,1922,101523.586
Comoros,COM,1923,103411.914
Comoros,COM,1924,105279.79
Comoros,COM,1925,107166.13
Comoros,COM,1926,109018.28
Comoros,COM,1927,110836.92
Comoros,COM,1928,112607.31
Comoros,COM,1929,114313.42
Comoros,COM,1930,116452.14
Comoros,COM,1931,118612.18
Comoros,COM,1932,120597.055
Comoros,COM,1933,122461.34
Comoros,COM,1934,124369.98
Comoros,COM,1935,126094.016
Comoros,COM,1936,128138.664
Comoros,COM,1937,130286.11
Comoros,COM,1938,132479.44
Comoros,COM,1939,134770.5
Comoros,COM,1940,137693.61
Comoros,COM,1941,141672.88
Comoros,COM,1942,147155.62
Comoros,COM,1943,153809.33
Comoros,COM,1944,161283.1
Comoros,COM,1945,169131.27
Comoros,COM,1946,176965.8
Comoros,COM,1947,184490.83
Comoros,COM,1948,191199.03
Comoros,COM,1949,196734.8
Comoros,COM,1950,221798.23
Comoros,COM,1951,231750.23
Comoros,COM,1952,236170.42
Comoros,COM,1953,238082.83
Comoros,COM,1954,240294.66
Comoros,COM,1955,241854.5
Comoros,COM,1956,243246.48
Comoros,COM,1957,244043.36
Comoros,COM,1958,244706.58
Comoros,COM,1959,239902.98
Comoros,COM,1960,222912.83
Comoros,COM,1961,205308.9
Comoros,COM,1962,204089.44
Comoros,COM,1963,216839.33
Comoros,COM,1964,222648.23
Comoros,COM,1965,246029.88
Comoros,COM,1966,262798.53
Comoros,COM,1967,255334.52
Comoros,COM,1968,243738.94
Comoros,COM,1969,247064.64
Comoros,COM,1970,264338.12
Comoros,COM,1971,269165
Comoros,COM,1972,273611.9
Comoros,COM,1973,279325.88
Comoros,COM,1974,286685.28
Comoros,COM,1975,295498.38
Comoros,COM,1976,314017.1
Comoros,COM,1977,410228.78
Comoros,COM,1978,361853.38
Comoros,COM,1979,346792.66
Comoros,COM,1980,365696.6
Comoros,COM,1981,362628.7
Comoros,COM,1982,360539.4
Comoros,COM,1983,538070.25
Comoros,COM,1984,452194.38
Comoros,COM,1985,411769.62
Comoros,COM,1986,446015.66
Comoros,COM,1987,431028.5
Comoros,COM,1988,415683.34
Comoros,COM,1989,413085.5
Comoros,COM,1990,460723.03
Comoros,COM,1991,452657.28
Comoros,COM,1992,515103.78
Comoros,COM,1993,532589.8
Comoros,COM,1994,542272.75
Comoros,COM,1995,558135.6
Comoros,COM,1996,571002.9
Comoros,COM,1997,547150.7
Comoros,COM,1998,567914.5
Comoros,COM,1999,582813.7
Comoros,COM,2000,591179.44
Comoros,COM,2001,603693.2
Comoros,COM,2002,612780.8
Comoros,COM,2003,637042.8
Comoros,COM,2004,638780.56
Comoros,COM,2005,640360
Comoros,COM,2006,676485.1
Comoros,COM,2007,597028.6
Comoros,COM,2008,631787.94
Comoros,COM,2009,664869.6
Comoros,COM,2010,714172.1
Comoros,COM,2011,721671.7
Comoros,COM,2012,758181.7
Comoros,COM,2013,791622.44
Comoros,COM,2014,782050.56
Comoros,COM,2015,808167.44
Comoros,COM,2016,840477.44
Comoros,COM,2017,913030.9
Comoros,COM,2018,945542.9
Comoros,COM,2019,980460.7
Comoros,COM,2020,1049539.1
Comoros,COM,2021,1187336.1
Comoros,COM,2022,1147072.2
Comoros,COM,2023,1157424.6
Congo,COG,1850,3495342.5
Congo,COG,1851,2864104
Congo,COG,1852,4938144
Congo,COG,1853,-162119.44
Congo,COG,1854,2206278.8
Congo,COG,1855,2092455.1
Congo,COG,1856,2919950.8
Congo,COG,1857,1751474.4
Congo,COG,1858,1612592.1
Congo,COG,1859,4302044.5
Congo,COG,1860,1647132.4
Congo,COG,1861,1501599.6
Congo,COG,1862,2859087.8
Congo,COG,1863,5179063
Congo,COG,1864,4432846
Congo,COG,1865,3175662.5
Congo,COG,1866,2010751.4
Congo,COG,1867,1675674.1
Congo,COG,1868,2283160.8
Congo,COG,1869,2340450
Congo,COG,1870,4480774.5
Congo,COG,1871,4706236
Congo,COG,1872,1802859.2
Congo,COG,1873,2355598.2
Congo,COG,1874,2961882.2
Congo,COG,1875,3907579.8
Congo,COG,1876,1402735.2
Congo,COG,1877,1739548.1
Congo,COG,1878,3025996.2
Congo,COG,1879,3841486
Congo,COG,1880,1601444.4
Congo,COG,1881,4086067.2
Congo,COG,1882,5530407.5
Congo,COG,1883,3886144.2
Congo,COG,1884,2906417
Congo,COG,1885,3823944.5
Congo,COG,1886,4077218.5
Congo,COG,1887,2900922.8
Congo,COG,1888,3969503.5
Congo,COG,1889,4473609.5
Congo,COG,1890,5938278
Congo,COG,1891,4611860.5
Congo,COG,1892,3420401
Congo,COG,1893,4133363.8
Congo,COG,1894,4588747.5
Congo,COG,1895,3394460.5
Congo,COG,1896,3569196.5
Congo,COG,1897,4257254
Congo,COG,1898,4878418.5
Congo,COG,1899,5436297.5
Congo,COG,1900,6740605.5
Congo,COG,1901,5325182.5
Congo,COG,1902,6167765.5
Congo,COG,1903,5177632.5
Congo,COG,1904,6156685
Congo,COG,1905,5713704.5
Congo,COG,1906,7345701
Congo,COG,1907,4451207
Congo,COG,1908,6447046.5
Congo,COG,1909,7140370
Congo,COG,1910,7152543.5
Congo,COG,1911,9502807
Congo,COG,1912,6408610
Congo,COG,1913,6779190.5
Congo,COG,1914,7696018.5
Congo,COG,1915,9326870
Congo,COG,1916,8580933
Congo,COG,1917,9443442
Congo,COG,1918,7781497.5
Congo,COG,1919,7987293.5
Congo,COG,1920,8111317.5
Congo,COG,1921,12721694
Congo,COG,1922,12410107
Congo,COG,1923,12161024
Congo,COG,1924,11992812
Congo,COG,1925,15335365
Congo,COG,1926,12132410
Congo,COG,1927,12426343
Congo,COG,1928,10012323
Congo,COG,1929,12837630
Congo,COG,1930,17715412
Congo,COG,1931,20538054
Congo,COG,1932,21237098
Congo,COG,1933,23054746
Congo,COG,1934,19345172
Congo,COG,1935,20201596
Congo,COG,1936,22060100
Congo,COG,1937,22452640
Congo,COG,1938,22776996
Congo,COG,1939,23505982
Congo,COG,1940,39612624
Congo,COG,1941,46183710
Congo,COG,1942,49576412
Congo,COG,1943,52652908
Congo,COG,1944,52147224
Congo,COG,1945,54477324
Congo,COG,1946,54462470
Congo,COG,1947,56854484
Congo,COG,1948,58275748
Congo,COG,1949,56873332
Congo,COG,1950,54546956
Congo,COG,1951,55533480
Congo,COG,1952,58254504
Congo,COG,1953,59282330
Congo,COG,1954,57984264
Congo,COG,1955,60743720
Congo,COG,1956,65304610
Congo,COG,1957,66208430
Congo,COG,1958,68108700
Congo,COG,1959,71565400
Congo,COG,1960,43964636
Congo,COG,1961,29554830
Congo,COG,1962,24648672
Congo,COG,1963,21641694
Congo,COG,1964,21056232
Congo,COG,1965,19046066
Congo,COG,1966,16134546
Congo,COG,1967,16181609
Congo,COG,1968,13867433
Congo,COG,1969,14329138
Congo,COG,1970,14129807
Congo,COG,1971,13851513
Congo,COG,1972,14183483
Congo,COG,1973,16680741
Congo,COG,1974,16024503
Congo,COG,1975,15635445
Congo,COG,1976,15444663
Congo,COG,1977,14496600
Congo,COG,1978,12300804
Congo,COG,1979,11951511
Congo,COG,1980,13947741
Congo,COG,1981,19346314
Congo,COG,1982,20238194
Congo,COG,1983,16313176
Congo,COG,1984,18142334
Congo,COG,1985,16890066
Congo,COG,1986,17397354
Congo,COG,1987,18082668
Congo,COG,1988,17580876
Congo,COG,1989,16686341
Congo,COG,1990,18683356
Congo,COG,1991,19446176
Congo,COG,1992,20636028
Congo,COG,1993,15988828
Congo,COG,1994,22114582
Congo,COG,1995,26002536
Congo,COG,1996,30120734
Congo,COG,1997,41535600
Congo,COG,1998,47227124
Congo,COG,1999,47941624
Congo,COG,2000,45328812
Congo,COG,2001,37435496
Congo,COG,2002,27012746
Congo,COG,2003,32632288
Congo,COG,2004,32764972
Congo,COG,2005,36070920
Congo,COG,2006,34915656
Congo,COG,2007,36480264
Congo,COG,2008,36273300
Congo,COG,2009,40743596
Congo,COG,2010,45793868
Congo,COG,2011,46796510
Congo,COG,2012,44846064
Congo,COG,2013,43588760
Congo,COG,2014,37534916
Congo,COG,2015,41152144
Congo,COG,2016,40534570
Congo,COG,2017,43863464
Congo,COG,2018,41069660
Congo,COG,2019,38441304
Congo,COG,2020,42923572
Congo,COG,2021,40391676
Congo,COG,2022,42032820
Congo,COG,2023,39861264
Cook Islands,COK,1850,5060.8765
Cook Islands,COK,1851,5140.948
Cook Islands,COK,1852,5202.55
Cook Islands,COK,1853,5282.227
Cook Islands,COK,1854,5352.408
Cook Islands,COK,1855,5431.3193
Cook Islands,COK,1856,5500.549
Cook Islands,COK,1857,5578.3223
Cook Islands,COK,1858,5655.388
Cook Islands,COK,1859,5722.493
Cook Islands,COK,1860,5797.8647
Cook Islands,COK,1861,5869.352
Cook Islands,COK,1862,5940.696
Cook Islands,COK,1863,6002.773
Cook Islands,COK,1864,6083.0996
Cook Islands,COK,1865,6154.2334
Cook Islands,COK,1866,6225.3706
Cook Islands,COK,1867,6296.548
Cook Islands,COK,1868,6376.9624
Cook Islands,COK,1869,6448.331
Cook Islands,COK,1870,6519.8506
Cook Islands,COK,1871,6605.5283
Cook Islands,COK,1872,6690.2183
Cook Islands,COK,1873,6781.188
Cook Islands,COK,1874,6885.703
Cook Islands,COK,1875,6983.5522
Cook Islands,COK,1876,7091.1606
Cook Islands,COK,1877,7197.4756
Cook Islands,COK,1878,7300.6055
Cook Islands,COK,1879,7389.496
Cook Islands,COK,1880,7480.5747
Cook Islands,COK,1881,7576.324
Cook Islands,COK,1882,7652.7563
Cook Islands,COK,1883,7737.552
Cook Islands,COK,1884,7830.909
Cook Islands,COK,1885,7914.7104
Cook Islands,COK,1886,7998.3154
Cook Islands,COK,1887,8081.9253
Cook Islands,COK,1888,8174.8994
Cook Islands,COK,1889,8259.119
Cook Islands,COK,1890,8410.003
Cook Islands,COK,1891,8464.394
Cook Islands,COK,1892,8531.3955
Cook Islands,COK,1893,8601.698
Cook Islands,COK,1894,8665.991
Cook Islands,COK,1895,8742.445
Cook Islands,COK,1896,8821.749
Cook Islands,COK,1897,8903.752
Cook Islands,COK,1898,8988.305
Cook Islands,COK,1899,9066.095
Cook Islands,COK,1900,9155.294
Cook Islands,COK,1901,9239.6455
Cook Islands,COK,1902,9340.647
Cook Islands,COK,1903,9438.33
Cook Islands,COK,1904,9549.36
Cook Islands,COK,1905,9653.768
Cook Islands,COK,1906,9777.379
Cook Islands,COK,1907,9891.066
Cook Islands,COK,1908,10020.654
Cook Islands,COK,1909,10146.174
Cook Islands,COK,1910,10275.133
Cook Islands,COK,1911,10398.33
Cook Islands,COK,1912,10529.526
Cook Islands,COK,1913,10668.963
Cook Islands,COK,1914,10826.041
Cook Islands,COK,1915,10973.523
Cook Islands,COK,1916,11148.292
Cook Islands,COK,1917,11313.947
Cook Islands,COK,1918,11498.21
Cook Islands,COK,1919,11692.163
Cook Islands,COK,1920,11896.048
Cook Islands,COK,1921,12105.774
Cook Islands,COK,1922,12335.525
Cook Islands,COK,1923,12566.376
Cook Islands,COK,1924,12816.045
Cook Islands,COK,1925,13074.766
Cook Islands,COK,1926,13332.776
Cook Islands,COK,1927,13607.793
Cook Islands,COK,1928,13890.051
Cook Islands,COK,1929,14178.946
Cook Islands,COK,1930,14464.717
Cook Islands,COK,1931,14766.752
Cook Islands,COK,1932,15068.256
Cook Islands,COK,1933,15387.732
Cook Islands,COK,1934,15716.208
Cook Islands,COK,1935,16053.867
Cook Islands,COK,1936,16548.818
Cook Islands,COK,1937,17035.707
Cook Islands,COK,1938,17533.033
Cook Islands,COK,1939,18059.309
Cook Islands,COK,1940,18588.475
Cook Islands,COK,1941,19131.186
Cook Islands,COK,1942,19705.33
Cook Islands,COK,1943,20305.883
Cook Islands,COK,1944,20927.818
Cook Islands,COK,1945,21679.836
Cook Islands,COK,1946,22442.951
Cook Islands,COK,1947,23212.145
Cook Islands,COK,1948,23982.398
Cook Islands,COK,1949,24748.688
Cook Islands,COK,1950,25506
Cook Islands,COK,1951,26427.623
Cook Islands,COK,1952,27350.043
Cook Islands,COK,1953,28298.855
Cook Islands,COK,1954,29241.062
Cook Islands,COK,1955,30172.39
Cook Islands,COK,1956,31107.146
Cook Islands,COK,1957,31958.467
Cook Islands,COK,1958,32728.418
Cook Islands,COK,1959,34343.574
Cook Islands,COK,1960,35366.664
Cook Islands,COK,1961,34816.13
Cook Islands,COK,1962,33680.12
Cook Islands,COK,1963,32120.059
Cook Islands,COK,1964,28846.154
Cook Islands,COK,1965,26701.168
Cook Islands,COK,1966,20978.355
Cook Islands,COK,1967,21338.215
Cook Islands,COK,1968,20061.875
Cook Islands,COK,1969,30090.4
Cook Islands,COK,1970,29078.549
Cook Islands,COK,1971,28292.799
Cook Islands,COK,1972,25491.107
Cook Islands,COK,1973,25831.293
Cook Islands,COK,1974,26675.79
Cook Islands,COK,1975,30366.896
Cook Islands,COK,1976,38081.68
Cook Islands,COK,1977,51908.496
Cook Islands,COK,1978,51460.406
Cook Islands,COK,1979,46700.13
Cook Islands,COK,1980,49601.453
Cook Islands,COK,1981,86154.945
Cook Islands,COK,1982,70762.51
Cook Islands,COK,1983,69754.68
Cook Islands,COK,1984,39273.74
Cook Islands,COK,1985,38688.906
Cook Islands,COK,1986,38236.324
Cook Islands,COK,1987,38433.86
Cook Islands,COK,1988,38599.406
Cook Islands,COK,1989,38524.26
Cook Islands,COK,1990,59824.84
Cook Islands,COK,1991,58351.65
Cook Islands,COK,1992,59424.03
Cook Islands,COK,1993,65752.625
Cook Islands,COK,1994,65818.2
Cook Islands,COK,1995,66439.1
Cook Islands,COK,1996,72781.69
Cook Islands,COK,1997,74109.15
Cook Islands,COK,1998,71722.016
Cook Islands,COK,1999,71056.63
Cook Islands,COK,2000,70403.43
Cook Islands,COK,2001,66996.055
Cook Islands,COK,2002,56039.79
Cook Islands,COK,2003,61310.918
Cook Islands,COK,2004,64438.87
Cook Islands,COK,2005,71012.59
Cook Islands,COK,2006,73624.37
Cook Islands,COK,2007,72179.875
Cook Islands,COK,2008,71617.51
Cook Islands,COK,2009,70182.45
Cook Islands,COK,2010,77235.695
Cook Islands,COK,2011,84654.41
Cook Islands,COK,2012,88977.5
Cook Islands,COK,2013,89859.01
Cook Islands,COK,2014,88780.71
Cook Islands,COK,2015,85257.91
Cook Islands,COK,2016,77576.83
Cook Islands,COK,2017,84992.664
Cook Islands,COK,2018,85587.22
Cook Islands,COK,2019,85621.08
Cook Islands,COK,2020,73708.06
Cook Islands,COK,2021,77077.68
Cook Islands,COK,2022,77878.46
Cook Islands,COK,2023,79122.19
Costa Rica,CRI,1850,2375454.5
Costa Rica,CRI,1851,2199310.8
Costa Rica,CRI,1852,2368743.2
Costa Rica,CRI,1853,2040754
Costa Rica,CRI,1854,2103145.2
Costa Rica,CRI,1855,2134645.2
Costa Rica,CRI,1856,2187124.5
Costa Rica,CRI,1857,2134647.5
Costa Rica,CRI,1858,2373298.8
Costa Rica,CRI,1859,2240559.2
Costa Rica,CRI,1860,2647058.5
Costa Rica,CRI,1861,2959650.8
Costa Rica,CRI,1862,2840813.5
Costa Rica,CRI,1863,3113226.2
Costa Rica,CRI,1864,3231027.2
Costa Rica,CRI,1865,3309886
Costa Rica,CRI,1866,3118141
Costa Rica,CRI,1867,3234264.2
Costa Rica,CRI,1868,3572236.5
Costa Rica,CRI,1869,3358972.8
Costa Rica,CRI,1870,3684032.2
Costa Rica,CRI,1871,3697141.2
Costa Rica,CRI,1872,3995529
Costa Rica,CRI,1873,4086578.8
Costa Rica,CRI,1874,4171370.5
Costa Rica,CRI,1875,4207926.5
Costa Rica,CRI,1876,4297992.5
Costa Rica,CRI,1877,4291798.5
Costa Rica,CRI,1878,4357097
Costa Rica,CRI,1879,4363723.5
Costa Rica,CRI,1880,4102279
Costa Rica,CRI,1881,4396132.5
Costa Rica,CRI,1882,4324591.5
Costa Rica,CRI,1883,4315160
Costa Rica,CRI,1884,4323036
Costa Rica,CRI,1885,4323751
Costa Rica,CRI,1886,4357101.5
Costa Rica,CRI,1887,4442395
Costa Rica,CRI,1888,4300302
Costa Rica,CRI,1889,4327647.5
Costa Rica,CRI,1890,4986200
Costa Rica,CRI,1891,5339529
Costa Rica,CRI,1892,5513418
Costa Rica,CRI,1893,5549993
Costa Rica,CRI,1894,5635996.5
Costa Rica,CRI,1895,5840981.5
Costa Rica,CRI,1896,5900464.5
Costa Rica,CRI,1897,5870756
Costa Rica,CRI,1898,6082083.5
Costa Rica,CRI,1899,6110485
Costa Rica,CRI,1900,6158641.5
Costa Rica,CRI,1901,6336336.5
Costa Rica,CRI,1902,6106233.5
Costa Rica,CRI,1903,6134220.5
Costa Rica,CRI,1904,7040540.5
Costa Rica,CRI,1905,6523061.5
Costa Rica,CRI,1906,6932151
Costa Rica,CRI,1907,6065309
Costa Rica,CRI,1908,6211530
Costa Rica,CRI,1909,7173968
Costa Rica,CRI,1910,6712954
Costa Rica,CRI,1911,7816215.5
Costa Rica,CRI,1912,6530857.5
Costa Rica,CRI,1913,6916889.5
Costa Rica,CRI,1914,7709641.5
Costa Rica,CRI,1915,7075539.5
Costa Rica,CRI,1916,7130902.5
Costa Rica,CRI,1917,7420943
Costa Rica,CRI,1918,7668590.5
Costa Rica,CRI,1919,7136611.5
Costa Rica,CRI,1920,7581974
Costa Rica,CRI,1921,6347524.5
Costa Rica,CRI,1922,6489651.5
Costa Rica,CRI,1923,5941002.5
Costa Rica,CRI,1924,6109937.5
Costa Rica,CRI,1925,6579110.5
Costa Rica,CRI,1926,5868208
Costa Rica,CRI,1927,6611570
Costa Rica,CRI,1928,6529305
Costa Rica,CRI,1929,6456164
Costa Rica,CRI,1930,8386430
Costa Rica,CRI,1931,9925579
Costa Rica,CRI,1932,13062806
Costa Rica,CRI,1933,11463817
Costa Rica,CRI,1934,12514870
Costa Rica,CRI,1935,14665225
Costa Rica,CRI,1936,14612987
Costa Rica,CRI,1937,13155051
Costa Rica,CRI,1938,16382766
Costa Rica,CRI,1939,14822477
Costa Rica,CRI,1940,18614374
Costa Rica,CRI,1941,21722550
Costa Rica,CRI,1942,21917594
Costa Rica,CRI,1943,22479322
Costa Rica,CRI,1944,22227218
Costa Rica,CRI,1945,20754056
Costa Rica,CRI,1946,23227790
Costa Rica,CRI,1947,22054620
Costa Rica,CRI,1948,21260922
Costa Rica,CRI,1949,22537340
Costa Rica,CRI,1950,22932322
Costa Rica,CRI,1951,21729610
Costa Rica,CRI,1952,21426252
Costa Rica,CRI,1953,24120950
Costa Rica,CRI,1954,24956474
Costa Rica,CRI,1955,26470684
Costa Rica,CRI,1956,26816182
Costa Rica,CRI,1957,28648910
Costa Rica,CRI,1958,28987518
Costa Rica,CRI,1959,35256780
Costa Rica,CRI,1960,21552276
Costa Rica,CRI,1961,20940064
Costa Rica,CRI,1962,18406876
Costa Rica,CRI,1963,27559384
Costa Rica,CRI,1964,31073154
Costa Rica,CRI,1965,34830790
Costa Rica,CRI,1966,22056852
Costa Rica,CRI,1967,33658170
Costa Rica,CRI,1968,35482356
Costa Rica,CRI,1969,35701620
Costa Rica,CRI,1970,29823222
Costa Rica,CRI,1971,21867958
Costa Rica,CRI,1972,54060810
Costa Rica,CRI,1973,27453782
Costa Rica,CRI,1974,39846670
Costa Rica,CRI,1975,45068772
Costa Rica,CRI,1976,48602716
Costa Rica,CRI,1977,47196284
Costa Rica,CRI,1978,51182816
Costa Rica,CRI,1979,49870076
Costa Rica,CRI,1980,53930036
Costa Rica,CRI,1981,52516380
Costa Rica,CRI,1982,26973344
Costa Rica,CRI,1983,43098316
Costa Rica,CRI,1984,23467250
Costa Rica,CRI,1985,19639412
Costa Rica,CRI,1986,18337566
Costa Rica,CRI,1987,17313260
Costa Rica,CRI,1988,14115281
Costa Rica,CRI,1989,12417149
Costa Rica,CRI,1990,14556967
Costa Rica,CRI,1991,12989063
Costa Rica,CRI,1992,14133711
Costa Rica,CRI,1993,13281279
Costa Rica,CRI,1994,19300050
Costa Rica,CRI,1995,14778946
Costa Rica,CRI,1996,15784849
Costa Rica,CRI,1997,13573757
Costa Rica,CRI,1998,14545337
Costa Rica,CRI,1999,13540882
Costa Rica,CRI,2000,15956213
Costa Rica,CRI,2001,16264643
Costa Rica,CRI,2002,18044342
Costa Rica,CRI,2003,17317042
Costa Rica,CRI,2004,14485419
Costa Rica,CRI,2005,13773506
Costa Rica,CRI,2006,13877061
Costa Rica,CRI,2007,16553839
Costa Rica,CRI,2008,18981472
Costa Rica,CRI,2009,18777954
Costa Rica,CRI,2010,16465136
Costa Rica,CRI,2011,14888954
Costa Rica,CRI,2012,16456355
Costa Rica,CRI,2013,17223646
Costa Rica,CRI,2014,18597642
Costa Rica,CRI,2015,17065604
Costa Rica,CRI,2016,18835370
Costa Rica,CRI,2017,17498768
Costa Rica,CRI,2018,17060438
Costa Rica,CRI,2019,19261478
Costa Rica,CRI,2020,21366142
Costa Rica,CRI,2021,19683912
Costa Rica,CRI,2022,19416118
Costa Rica,CRI,2023,19494308
Cote d'Ivoire,CIV,1850,47125236
Cote d'Ivoire,CIV,1851,61010756
Cote d'Ivoire,CIV,1852,69365420
Cote d'Ivoire,CIV,1853,75694490
Cote d'Ivoire,CIV,1854,77870136
Cote d'Ivoire,CIV,1855,80156570
Cote d'Ivoire,CIV,1856,81701290
Cote d'Ivoire,CIV,1857,84100160
Cote d'Ivoire,CIV,1858,85749940
Cote d'Ivoire,CIV,1859,86588460
Cote d'Ivoire,CIV,1860,44641280
Cote d'Ivoire,CIV,1861,29614836
Cote d'Ivoire,CIV,1862,21926164
Cote d'Ivoire,CIV,1863,17831652
Cote d'Ivoire,CIV,1864,14958963
Cote d'Ivoire,CIV,1865,12684678
Cote d'Ivoire,CIV,1866,10996484
Cote d'Ivoire,CIV,1867,9548765
Cote d'Ivoire,CIV,1868,8363020
Cote d'Ivoire,CIV,1869,7438719
Cote d'Ivoire,CIV,1870,7023547
Cote d'Ivoire,CIV,1871,6690327.5
Cote d'Ivoire,CIV,1872,6416710
Cote d'Ivoire,CIV,1873,6065070.5
Cote d'Ivoire,CIV,1874,5832634.5
Cote d'Ivoire,CIV,1875,5628392.5
Cote d'Ivoire,CIV,1876,5466683
Cote d'Ivoire,CIV,1877,5292439
Cote d'Ivoire,CIV,1878,5209420.5
Cote d'Ivoire,CIV,1879,5095810.5
Cote d'Ivoire,CIV,1880,5242223.5
Cote d'Ivoire,CIV,1881,5242194.5
Cote d'Ivoire,CIV,1882,5235431.5
Cote d'Ivoire,CIV,1883,5150775
Cote d'Ivoire,CIV,1884,5137932.5
Cote d'Ivoire,CIV,1885,5661816
Cote d'Ivoire,CIV,1886,5235185.5
Cote d'Ivoire,CIV,1887,5120953.5
Cote d'Ivoire,CIV,1888,5097142.5
Cote d'Ivoire,CIV,1889,5039465.5
Cote d'Ivoire,CIV,1890,5784367
Cote d'Ivoire,CIV,1891,5517484.5
Cote d'Ivoire,CIV,1892,5461458
Cote d'Ivoire,CIV,1893,5686315
Cote d'Ivoire,CIV,1894,5537670
Cote d'Ivoire,CIV,1895,5508071.5
Cote d'Ivoire,CIV,1896,5623770
Cote d'Ivoire,CIV,1897,5480983
Cote d'Ivoire,CIV,1898,5409347.5
Cote d'Ivoire,CIV,1899,5435480.5
Cote d'Ivoire,CIV,1900,5613291
Cote d'Ivoire,CIV,1901,5552210
Cote d'Ivoire,CIV,1902,5847875.5
Cote d'Ivoire,CIV,1903,5940147
Cote d'Ivoire,CIV,1904,6077233
Cote d'Ivoire,CIV,1905,6035966.5
Cote d'Ivoire,CIV,1906,6045354
Cote d'Ivoire,CIV,1907,6439637.5
Cote d'Ivoire,CIV,1908,6201310.5
Cote d'Ivoire,CIV,1909,6712247.5
Cote d'Ivoire,CIV,1910,7595417
Cote d'Ivoire,CIV,1911,7755346.5
Cote d'Ivoire,CIV,1912,8291294.5
Cote d'Ivoire,CIV,1913,8118815
Cote d'Ivoire,CIV,1914,8282153
Cote d'Ivoire,CIV,1915,8416739
Cote d'Ivoire,CIV,1916,8593492
Cote d'Ivoire,CIV,1917,8817345
Cote d'Ivoire,CIV,1918,8741723
Cote d'Ivoire,CIV,1919,8811799
Cote d'Ivoire,CIV,1920,9895984
Cote d'Ivoire,CIV,1921,10651546
Cote d'Ivoire,CIV,1922,11693521
Cote d'Ivoire,CIV,1923,12106236
Cote d'Ivoire,CIV,1924,11708820
Cote d'Ivoire,CIV,1925,12216029
Cote d'Ivoire,CIV,1926,12242707
Cote d'Ivoire,CIV,1927,12763676
Cote d'Ivoire,CIV,1928,13057224
Cote d'Ivoire,CIV,1929,14217838
Cote d'Ivoire,CIV,1930,16981312
Cote d'Ivoire,CIV,1931,18794016
Cote d'Ivoire,CIV,1932,19141004
Cote d'Ivoire,CIV,1933,20729864
Cote d'Ivoire,CIV,1934,21652610
Cote d'Ivoire,CIV,1935,22599524
Cote d'Ivoire,CIV,1936,22865228
Cote d'Ivoire,CIV,1937,23729450
Cote d'Ivoire,CIV,1938,24605632
Cote d'Ivoire,CIV,1939,24843566
Cote d'Ivoire,CIV,1940,36638810
Cote d'Ivoire,CIV,1941,43005756
Cote d'Ivoire,CIV,1942,47435250
Cote d'Ivoire,CIV,1943,49142024
Cote d'Ivoire,CIV,1944,51482920
Cote d'Ivoire,CIV,1945,53053230
Cote d'Ivoire,CIV,1946,55909750
Cote d'Ivoire,CIV,1947,56143868
Cote d'Ivoire,CIV,1948,58048450
Cote d'Ivoire,CIV,1949,60714468
Cote d'Ivoire,CIV,1950,69632610
Cote d'Ivoire,CIV,1951,80900410
Cote d'Ivoire,CIV,1952,87343800
Cote d'Ivoire,CIV,1953,95873880
Cote d'Ivoire,CIV,1954,100913660
Cote d'Ivoire,CIV,1955,107424500
Cote d'Ivoire,CIV,1956,111169770
Cote d'Ivoire,CIV,1957,118889144
Cote d'Ivoire,CIV,1958,126581080
Cote d'Ivoire,CIV,1959,133424370
Cote d'Ivoire,CIV,1960,91406120
Cote d'Ivoire,CIV,1961,100045890
Cote d'Ivoire,CIV,1962,91057740
Cote d'Ivoire,CIV,1963,85563660
Cote d'Ivoire,CIV,1964,90030900
Cote d'Ivoire,CIV,1965,78800344
Cote d'Ivoire,CIV,1966,79014550
Cote d'Ivoire,CIV,1967,73625576
Cote d'Ivoire,CIV,1968,74208320
Cote d'Ivoire,CIV,1969,69848744
Cote d'Ivoire,CIV,1970,81054350
Cote d'Ivoire,CIV,1971,77958130
Cote d'Ivoire,CIV,1972,88690970
Cote d'Ivoire,CIV,1973,112741096
Cote d'Ivoire,CIV,1974,109917160
Cote d'Ivoire,CIV,1975,110818560
Cote d'Ivoire,CIV,1976,135263150
Cote d'Ivoire,CIV,1977,134295440
Cote d'Ivoire,CIV,1978,113341600
Cote d'Ivoire,CIV,1979,101684730
Cote d'Ivoire,CIV,1980,110323590
Cote d'Ivoire,CIV,1981,119464110
Cote d'Ivoire,CIV,1982,119036500
Cote d'Ivoire,CIV,1983,143145860
Cote d'Ivoire,CIV,1984,154022860
Cote d'Ivoire,CIV,1985,144072240
Cote d'Ivoire,CIV,1986,131557656
Cote d'Ivoire,CIV,1987,151644300
Cote d'Ivoire,CIV,1988,141775860
Cote d'Ivoire,CIV,1989,133227360
Cote d'Ivoire,CIV,1990,122523430
Cote d'Ivoire,CIV,1991,136050620
Cote d'Ivoire,CIV,1992,149665310
Cote d'Ivoire,CIV,1993,151637660
Cote d'Ivoire,CIV,1994,145413250
Cote d'Ivoire,CIV,1995,123972450
Cote d'Ivoire,CIV,1996,122837460
Cote d'Ivoire,CIV,1997,120588390
Cote d'Ivoire,CIV,1998,113891980
Cote d'Ivoire,CIV,1999,110140200
Cote d'Ivoire,CIV,2000,101840780
Cote d'Ivoire,CIV,2001,93898030
Cote d'Ivoire,CIV,2002,90387190
Cote d'Ivoire,CIV,2003,96177500
Cote d'Ivoire,CIV,2004,89869190
Cote d'Ivoire,CIV,2005,92975020
Cote d'Ivoire,CIV,2006,94523416
Cote d'Ivoire,CIV,2007,82632430
Cote d'Ivoire,CIV,2008,75353000
Cote d'Ivoire,CIV,2009,71226650
Cote d'Ivoire,CIV,2010,70471770
Cote d'Ivoire,CIV,2011,74309384
Cote d'Ivoire,CIV,2012,99775040
Cote d'Ivoire,CIV,2013,96646030
Cote d'Ivoire,CIV,2014,134633700
Cote d'Ivoire,CIV,2015,94887150
Cote d'Ivoire,CIV,2016,95085144
Cote d'Ivoire,CIV,2017,161735790
Cote d'Ivoire,CIV,2018,119829810
Cote d'Ivoire,CIV,2019,103968900
Cote d'Ivoire,CIV,2020,103158570
Cote d'Ivoire,CIV,2021,114849550
Cote d'Ivoire,CIV,2022,119249530
Cote d'Ivoire,CIV,2023,121568840
Croatia,HRV,1850,3021713.5
Croatia,HRV,1851,2975842.5
Croatia,HRV,1852,3069596
Croatia,HRV,1853,3074655.5
Croatia,HRV,1854,2983267
Croatia,HRV,1855,3017418.2
Croatia,HRV,1856,3059279.2
Croatia,HRV,1857,3119854.8
Croatia,HRV,1858,3088762.2
Croatia,HRV,1859,2979306
Croatia,HRV,1860,3380588.2
Croatia,HRV,1861,3351385.5
Croatia,HRV,1862,3423079.8
Croatia,HRV,1863,3431899.5
Croatia,HRV,1864,3367539.2
Croatia,HRV,1865,3562178.2
Croatia,HRV,1866,3659171.2
Croatia,HRV,1867,3772185
Croatia,HRV,1868,3708273.5
Croatia,HRV,1869,3919611
Croatia,HRV,1870,3968395.2
Croatia,HRV,1871,4003894.8
Croatia,HRV,1872,4221456.5
Croatia,HRV,1873,4335491.5
Croatia,HRV,1874,4306951.5
Croatia,HRV,1875,4420952
Croatia,HRV,1876,4560071.5
Croatia,HRV,1877,4714043.5
Croatia,HRV,1878,4715625
Croatia,HRV,1879,4633957
Croatia,HRV,1880,4984768
Croatia,HRV,1881,4923938.5
Croatia,HRV,1882,5054896.5
Croatia,HRV,1883,5091184.5
Croatia,HRV,1884,4989243.5
Croatia,HRV,1885,5294431
Croatia,HRV,1886,5439487.5
Croatia,HRV,1887,5565284.5
Croatia,HRV,1888,5485131
Croatia,HRV,1889,5794295.5
Croatia,HRV,1890,5869331
Croatia,HRV,1891,5870738.5
Croatia,HRV,1892,6151973.5
Croatia,HRV,1893,6278675.5
Croatia,HRV,1894,6197209
Croatia,HRV,1895,6290924
Croatia,HRV,1896,6423676
Croatia,HRV,1897,6565386.5
Croatia,HRV,1898,6536063.5
Croatia,HRV,1899,6412642.5
Croatia,HRV,1900,6906854
Croatia,HRV,1901,6949715.5
Croatia,HRV,1902,6912413.5
Croatia,HRV,1903,7168440
Croatia,HRV,1904,7266810
Croatia,HRV,1905,7145533
Croatia,HRV,1906,7237398.5
Croatia,HRV,1907,7324186
Croatia,HRV,1908,7433828
Croatia,HRV,1909,7287190
Croatia,HRV,1910,7387367
Croatia,HRV,1911,7905581.5
Croatia,HRV,1912,7868520
Croatia,HRV,1913,8481972
Croatia,HRV,1914,7832745
Croatia,HRV,1915,7679255.5
Croatia,HRV,1916,8074259.5
Croatia,HRV,1917,8362503.5
Croatia,HRV,1918,8433069
Croatia,HRV,1919,8825362
Croatia,HRV,1920,9385601
Croatia,HRV,1921,9610092
Croatia,HRV,1922,10066013
Croatia,HRV,1923,9972456
Croatia,HRV,1924,9896556
Croatia,HRV,1925,10100187
Croatia,HRV,1926,9897249
Croatia,HRV,1927,10696867
Croatia,HRV,1928,10693616
Croatia,HRV,1929,10885558
Croatia,HRV,1930,10472228
Croatia,HRV,1931,10775528
Croatia,HRV,1932,10308039
Croatia,HRV,1933,10253776
Croatia,HRV,1934,9985869
Croatia,HRV,1935,10670622
Croatia,HRV,1936,10219562
Croatia,HRV,1937,10028021
Croatia,HRV,1938,10500204
Croatia,HRV,1939,10395878
Croatia,HRV,1940,10373006
Croatia,HRV,1941,8816261
Croatia,HRV,1942,9341062
Croatia,HRV,1943,9934299
Croatia,HRV,1944,9785768
Croatia,HRV,1945,11066594
Croatia,HRV,1946,12531543
Croatia,HRV,1947,12856306
Croatia,HRV,1948,12862697
Croatia,HRV,1949,14113135
Croatia,HRV,1950,13667367
Croatia,HRV,1951,12471356
Croatia,HRV,1952,13282510
Croatia,HRV,1953,12757830
Croatia,HRV,1954,13168749
Croatia,HRV,1955,13417007
Croatia,HRV,1956,14063920
Croatia,HRV,1957,14654608
Croatia,HRV,1958,14555281
Croatia,HRV,1959,15522256
Croatia,HRV,1960,15596970
Croatia,HRV,1961,15819128
Croatia,HRV,1962,15702992
Croatia,HRV,1963,15967646
Croatia,HRV,1964,16643891
Croatia,HRV,1965,16687500
Croatia,HRV,1966,16727046
Croatia,HRV,1967,16982730
Croatia,HRV,1968,17542130
Croatia,HRV,1969,17345390
Croatia,HRV,1970,20004944
Croatia,HRV,1971,21154048
Croatia,HRV,1972,19651548
Croatia,HRV,1973,22210182
Croatia,HRV,1974,22187848
Croatia,HRV,1975,22811242
Croatia,HRV,1976,23147168
Croatia,HRV,1977,23077674
Croatia,HRV,1978,24474852
Croatia,HRV,1979,26533372
Croatia,HRV,1980,25503584
Croatia,HRV,1981,26924862
Croatia,HRV,1982,25586050
Croatia,HRV,1983,27124924
Croatia,HRV,1984,28346208
Croatia,HRV,1985,29114996
Croatia,HRV,1986,29674456
Croatia,HRV,1987,29166048
Croatia,HRV,1988,29925288
Croatia,HRV,1989,29469240
Croatia,HRV,1990,30465610
Croatia,HRV,1991,33145498
Croatia,HRV,1992,25642732
Croatia,HRV,1993,25854922
Croatia,HRV,1994,26291194
Croatia,HRV,1995,21034566
Croatia,HRV,1996,21578552
Croatia,HRV,1997,28044402
Croatia,HRV,1998,26906398
Croatia,HRV,1999,19426450
Croatia,HRV,2000,18324206
Croatia,HRV,2001,18887970
Croatia,HRV,2002,20197362
Croatia,HRV,2003,21514096
Croatia,HRV,2004,22848326
Croatia,HRV,2005,22854566
Croatia,HRV,2006,23779306
Croatia,HRV,2007,30062150
Croatia,HRV,2008,25996632
Croatia,HRV,2009,24182388
Croatia,HRV,2010,23415906
Croatia,HRV,2011,23865200
Croatia,HRV,2012,30916008
Croatia,HRV,2013,23146764
Croatia,HRV,2014,22868194
Croatia,HRV,2015,23499504
Croatia,HRV,2016,22562222
Croatia,HRV,2017,23102234
Croatia,HRV,2018,22214674
Croatia,HRV,2019,23243748
Croatia,HRV,2020,21560746
Croatia,HRV,2021,21639496
Croatia,HRV,2022,21400122
Croatia,HRV,2023,21197424
Cuba,CUB,1850,8629983
Cuba,CUB,1851,8379920.5
Cuba,CUB,1852,8301060
Cuba,CUB,1853,8283023
Cuba,CUB,1854,8270654
Cuba,CUB,1855,8269613.5
Cuba,CUB,1856,8658835
Cuba,CUB,1857,8648508
Cuba,CUB,1858,8639846
Cuba,CUB,1859,8636460
Cuba,CUB,1860,8648969
Cuba,CUB,1861,8817697
Cuba,CUB,1862,9009204
Cuba,CUB,1863,8828271
Cuba,CUB,1864,9135445
Cuba,CUB,1865,9156471
Cuba,CUB,1866,9228561
Cuba,CUB,1867,9308316
Cuba,CUB,1868,9320977
Cuba,CUB,1869,9490230
Cuba,CUB,1870,9577587
Cuba,CUB,1871,9662645
Cuba,CUB,1872,9763570
Cuba,CUB,1873,9896950
Cuba,CUB,1874,10003403
Cuba,CUB,1875,10104752
Cuba,CUB,1876,10115849
Cuba,CUB,1877,10249558
Cuba,CUB,1878,10449260
Cuba,CUB,1879,10559910
Cuba,CUB,1880,10589173
Cuba,CUB,1881,10729008
Cuba,CUB,1882,10862768
Cuba,CUB,1883,10949020
Cuba,CUB,1884,11054319
Cuba,CUB,1885,11197184
Cuba,CUB,1886,11252155
Cuba,CUB,1887,11464410
Cuba,CUB,1888,11662931
Cuba,CUB,1889,11862845
Cuba,CUB,1890,12033179
Cuba,CUB,1891,12310445
Cuba,CUB,1892,12557357
Cuba,CUB,1893,12654934
Cuba,CUB,1894,12871170
Cuba,CUB,1895,12971039
Cuba,CUB,1896,12924084
Cuba,CUB,1897,13031834
Cuba,CUB,1898,13285701
Cuba,CUB,1899,13535294
Cuba,CUB,1900,15729156
Cuba,CUB,1901,17013008
Cuba,CUB,1902,17823170
Cuba,CUB,1903,18712626
Cuba,CUB,1904,19361050
Cuba,CUB,1905,20125006
Cuba,CUB,1906,20829522
Cuba,CUB,1907,21285872
Cuba,CUB,1908,21678724
Cuba,CUB,1909,22229420
Cuba,CUB,1910,24476082
Cuba,CUB,1911,25938758
Cuba,CUB,1912,27163216
Cuba,CUB,1913,27783656
Cuba,CUB,1914,28096854
Cuba,CUB,1915,28826020
Cuba,CUB,1916,29885852
Cuba,CUB,1917,30776278
Cuba,CUB,1918,31234174
Cuba,CUB,1919,30560468
Cuba,CUB,1920,32329614
Cuba,CUB,1921,30722926
Cuba,CUB,1922,30931146
Cuba,CUB,1923,31546538
Cuba,CUB,1924,31497780
Cuba,CUB,1925,31728224
Cuba,CUB,1926,31829070
Cuba,CUB,1927,32015066
Cuba,CUB,1928,32182516
Cuba,CUB,1929,31624580
Cuba,CUB,1930,29957314
Cuba,CUB,1931,28939432
Cuba,CUB,1932,28580674
Cuba,CUB,1933,28737884
Cuba,CUB,1934,29014778
Cuba,CUB,1935,29329788
Cuba,CUB,1936,29946442
Cuba,CUB,1937,30466596
Cuba,CUB,1938,30898892
Cuba,CUB,1939,31355316
Cuba,CUB,1940,37917724
Cuba,CUB,1941,41320764
Cuba,CUB,1942,43907344
Cuba,CUB,1943,46362428
Cuba,CUB,1944,48379090
Cuba,CUB,1945,50207108
Cuba,CUB,1946,52011556
Cuba,CUB,1947,54112120
Cuba,CUB,1948,56068704
Cuba,CUB,1949,57920468
Cuba,CUB,1950,72334680
Cuba,CUB,1951,73906790
Cuba,CUB,1952,95734390
Cuba,CUB,1953,75029290
Cuba,CUB,1954,70934620
Cuba,CUB,1955,65605148
Cuba,CUB,1956,61783010
Cuba,CUB,1957,68166660
Cuba,CUB,1958,73376650
Cuba,CUB,1959,65007804
Cuba,CUB,1960,62073876
Cuba,CUB,1961,77109580
Cuba,CUB,1962,101260560
Cuba,CUB,1963,136351220
Cuba,CUB,1964,97388970
Cuba,CUB,1965,78881090
Cuba,CUB,1966,88508190
Cuba,CUB,1967,83337384
Cuba,CUB,1968,80983320
Cuba,CUB,1969,109449610
Cuba,CUB,1970,99411250
Cuba,CUB,1971,144856910
Cuba,CUB,1972,135015950
Cuba,CUB,1973,104442480
Cuba,CUB,1974,113202340
Cuba,CUB,1975,113198616
Cuba,CUB,1976,88330456
Cuba,CUB,1977,79580190
Cuba,CUB,1978,73667460
Cuba,CUB,1979,73294264
Cuba,CUB,1980,69152904
Cuba,CUB,1981,80699390
Cuba,CUB,1982,84189870
Cuba,CUB,1983,75443670
Cuba,CUB,1984,86192930
Cuba,CUB,1985,100443256
Cuba,CUB,1986,109522130
Cuba,CUB,1987,101041896
Cuba,CUB,1988,91657030
Cuba,CUB,1989,83516240
Cuba,CUB,1990,71931230
Cuba,CUB,1991,72705810
Cuba,CUB,1992,58342532
Cuba,CUB,1993,52972770
Cuba,CUB,1994,53270076
Cuba,CUB,1995,49053180
Cuba,CUB,1996,60125108
Cuba,CUB,1997,52885604
Cuba,CUB,1998,53339550
Cuba,CUB,1999,48586144
Cuba,CUB,2000,61365130
Cuba,CUB,2001,51464790
Cuba,CUB,2002,47256876
Cuba,CUB,2003,46140572
Cuba,CUB,2004,47195520
Cuba,CUB,2005,44951124
Cuba,CUB,2006,43747772
Cuba,CUB,2007,41970324
Cuba,CUB,2008,42776148
Cuba,CUB,2009,42153040
Cuba,CUB,2010,46532690
Cuba,CUB,2011,37664380
Cuba,CUB,2012,42355870
Cuba,CUB,2013,40247812
Cuba,CUB,2014,40479200
Cuba,CUB,2015,40250300
Cuba,CUB,2016,45978836
Cuba,CUB,2017,40235360
Cuba,CUB,2018,42269480
Cuba,CUB,2019,39568700
Cuba,CUB,2020,37274320
Cuba,CUB,2021,39559956
Cuba,CUB,2022,39461092
Cuba,CUB,2023,41890804
Cyprus,CYP,1850,372439.7
Cyprus,CYP,1851,387979.38
Cyprus,CYP,1852,398282.88
Cyprus,CYP,1853,406352.38
Cyprus,CYP,1854,413611.7
Cyprus,CYP,1855,420240.25
Cyprus,CYP,1856,426335.16
Cyprus,CYP,1857,431967.28
Cyprus,CYP,1858,437173.1
Cyprus,CYP,1859,442053.1
Cyprus,CYP,1860,450154.12
Cyprus,CYP,1861,453909.88
Cyprus,CYP,1862,456927.1
Cyprus,CYP,1863,459401.06
Cyprus,CYP,1864,461641.9
Cyprus,CYP,1865,463635.56
Cyprus,CYP,1866,465482.88
Cyprus,CYP,1867,467150.06
Cyprus,CYP,1868,468673.88
Cyprus,CYP,1869,470079.2
Cyprus,CYP,1870,499326.84
Cyprus,CYP,1871,509387.72
Cyprus,CYP,1872,514640.78
Cyprus,CYP,1873,517728.8
Cyprus,CYP,1874,520399.72
Cyprus,CYP,1875,522749.84
Cyprus,CYP,1876,524739.56
Cyprus,CYP,1877,526321.25
Cyprus,CYP,1878,527499.7
Cyprus,CYP,1879,528209.1
Cyprus,CYP,1880,500846.06
Cyprus,CYP,1881,492388.7
Cyprus,CYP,1882,488646.5
Cyprus,CYP,1883,487070.62
Cyprus,CYP,1884,485783.5
Cyprus,CYP,1885,484727.75
Cyprus,CYP,1886,483865.72
Cyprus,CYP,1887,483151.72
Cyprus,CYP,1888,482575.44
Cyprus,CYP,1889,482189.6
Cyprus,CYP,1890,478937.3
Cyprus,CYP,1891,477310.78
Cyprus,CYP,1892,476669.94
Cyprus,CYP,1893,476593.34
Cyprus,CYP,1894,476758.1
Cyprus,CYP,1895,477017.56
Cyprus,CYP,1896,477378.56
Cyprus,CYP,1897,477804.47
Cyprus,CYP,1898,478247.1
Cyprus,CYP,1899,478706.38
Cyprus,CYP,1900,554053.94
Cyprus,CYP,1901,587820
Cyprus,CYP,1902,608654.8
Cyprus,CYP,1903,622755.06
Cyprus,CYP,1904,637031.8
Cyprus,CYP,1905,649329.06
Cyprus,CYP,1906,660602.9
Cyprus,CYP,1907,669502.06
Cyprus,CYP,1908,678623.44
Cyprus,CYP,1909,688201.75
Cyprus,CYP,1910,691956.56
Cyprus,CYP,1911,698374
Cyprus,CYP,1912,704673.2
Cyprus,CYP,1913,710762.8
Cyprus,CYP,1914,716555.25
Cyprus,CYP,1915,721727.6
Cyprus,CYP,1916,726645.3
Cyprus,CYP,1917,729852.1
Cyprus,CYP,1918,733831.94
Cyprus,CYP,1919,737585.2
Cyprus,CYP,1920,738446.56
Cyprus,CYP,1921,741268.4
Cyprus,CYP,1922,745868.9
Cyprus,CYP,1923,749534.06
Cyprus,CYP,1924,752644.7
Cyprus,CYP,1925,755638.75
Cyprus,CYP,1926,759443
Cyprus,CYP,1927,762512.2
Cyprus,CYP,1928,765249.2
Cyprus,CYP,1929,766628.1
Cyprus,CYP,1930,773742
Cyprus,CYP,1931,775967.06
Cyprus,CYP,1932,778920.75
Cyprus,CYP,1933,781077.25
Cyprus,CYP,1934,786275.4
Cyprus,CYP,1935,790617.06
Cyprus,CYP,1936,789686
Cyprus,CYP,1937,789487.75
Cyprus,CYP,1938,787939.75
Cyprus,CYP,1939,787766.94
Cyprus,CYP,1940,1066195.6
Cyprus,CYP,1941,1191114
Cyprus,CYP,1942,1272307.1
Cyprus,CYP,1943,1334107.1
Cyprus,CYP,1944,1391694.8
Cyprus,CYP,1945,1440407.2
Cyprus,CYP,1946,1487046.1
Cyprus,CYP,1947,1529164.4
Cyprus,CYP,1948,1562327.8
Cyprus,CYP,1949,1594506.2
Cyprus,CYP,1950,1705707.4
Cyprus,CYP,1951,1662855.5
Cyprus,CYP,1952,1692852.2
Cyprus,CYP,1953,1770809.5
Cyprus,CYP,1954,1896841.9
Cyprus,CYP,1955,1948226.9
Cyprus,CYP,1956,2200646
Cyprus,CYP,1957,2348291.8
Cyprus,CYP,1958,2248763.5
Cyprus,CYP,1959,2220146
Cyprus,CYP,1960,2042423.2
Cyprus,CYP,1961,1877072.8
Cyprus,CYP,1962,2017258.9
Cyprus,CYP,1963,1958010.4
Cyprus,CYP,1964,1872722
Cyprus,CYP,1965,1999510.6
Cyprus,CYP,1966,2125149.8
Cyprus,CYP,1967,2211840.8
Cyprus,CYP,1968,2472944.2
Cyprus,CYP,1969,2495747.5
Cyprus,CYP,1970,2517173.8
Cyprus,CYP,1971,2686159.5
Cyprus,CYP,1972,3209276
Cyprus,CYP,1973,2391467.5
Cyprus,CYP,1974,773649.5
Cyprus,CYP,1975,667923.2
Cyprus,CYP,1976,1222925.5
Cyprus,CYP,1977,1463847.9
Cyprus,CYP,1978,1710289.2
Cyprus,CYP,1979,1983862.1
Cyprus,CYP,1980,2467068.2
Cyprus,CYP,1981,2548463.2
Cyprus,CYP,1982,2608486
Cyprus,CYP,1983,2557079
Cyprus,CYP,1984,2504764
Cyprus,CYP,1985,2481375.2
Cyprus,CYP,1986,2975508.5
Cyprus,CYP,1987,3626133.2
Cyprus,CYP,1988,3721398
Cyprus,CYP,1989,4046031.5
Cyprus,CYP,1990,4293624
Cyprus,CYP,1991,4854791
Cyprus,CYP,1992,5296453
Cyprus,CYP,1993,5646205
Cyprus,CYP,1994,5803403.5
Cyprus,CYP,1995,5779120
Cyprus,CYP,1996,6159134
Cyprus,CYP,1997,6422107.5
Cyprus,CYP,1998,6617462
Cyprus,CYP,1999,7047182
Cyprus,CYP,2000,7285464
Cyprus,CYP,2001,7152125.5
Cyprus,CYP,2002,8082868
Cyprus,CYP,2003,8390153
Cyprus,CYP,2004,8866282
Cyprus,CYP,2005,8535591
Cyprus,CYP,2006,8760923
Cyprus,CYP,2007,8892033
Cyprus,CYP,2008,9285484
Cyprus,CYP,2009,8691272
Cyprus,CYP,2010,8715761
Cyprus,CYP,2011,8357591.5
Cyprus,CYP,2012,7674691
Cyprus,CYP,2013,6990539
Cyprus,CYP,2014,8124583.5
Cyprus,CYP,2015,7644012
Cyprus,CYP,2016,8580132
Cyprus,CYP,2017,8954551
Cyprus,CYP,2018,8683465
Cyprus,CYP,2019,9179633
Cyprus,CYP,2020,8876097
Cyprus,CYP,2021,9252384
Cyprus,CYP,2022,9523672
Cyprus,CYP,2023,9720386
Czechia,CZE,1850,15667902
Czechia,CZE,1851,15665960
Czechia,CZE,1852,15708002
Czechia,CZE,1853,15655635
Czechia,CZE,1854,15655393
Czechia,CZE,1855,15669055
Czechia,CZE,1856,15612087
Czechia,CZE,1857,15602098
Czechia,CZE,1858,15562035
Czechia,CZE,1859,15576642
Czechia,CZE,1860,16012979
Czechia,CZE,1861,16529609
Czechia,CZE,1862,17116332
Czechia,CZE,1863,17713398
Czechia,CZE,1864,18224374
Czechia,CZE,1865,18804246
Czechia,CZE,1866,19346102
Czechia,CZE,1867,20118480
Czechia,CZE,1868,20531578
Czechia,CZE,1869,21093958
Czechia,CZE,1870,21300342
Czechia,CZE,1871,21867988
Czechia,CZE,1872,22420076
Czechia,CZE,1873,22966028
Czechia,CZE,1874,23559432
Czechia,CZE,1875,24130252
Czechia,CZE,1876,30134522
Czechia,CZE,1877,30869912
Czechia,CZE,1878,31586792
Czechia,CZE,1879,32750704
Czechia,CZE,1880,33418184
Czechia,CZE,1881,34200470
Czechia,CZE,1882,34522584
Czechia,CZE,1883,35777932
Czechia,CZE,1884,36309868
Czechia,CZE,1885,37324590
Czechia,CZE,1886,38384276
Czechia,CZE,1887,39761010
Czechia,CZE,1888,41345430
Czechia,CZE,1889,42919016
Czechia,CZE,1890,45465124
Czechia,CZE,1891,46891290
Czechia,CZE,1892,47615308
Czechia,CZE,1893,48477956
Czechia,CZE,1894,49477916
Czechia,CZE,1895,50899364
Czechia,CZE,1896,51814750
Czechia,CZE,1897,53995388
Czechia,CZE,1898,54920424
Czechia,CZE,1899,56092036
Czechia,CZE,1900,56235740
Czechia,CZE,1901,58127940
Czechia,CZE,1902,58874270
Czechia,CZE,1903,59748564
Czechia,CZE,1904,60249068
Czechia,CZE,1905,61620852
Czechia,CZE,1906,63539644
Czechia,CZE,1907,65677384
Czechia,CZE,1908,66382130
Czechia,CZE,1909,65898924
Czechia,CZE,1910,63791080
Czechia,CZE,1911,63564000
Czechia,CZE,1912,65903170
Czechia,CZE,1913,67599270
Czechia,CZE,1914,62072570
Czechia,CZE,1915,61206412
Czechia,CZE,1916,63757916
Czechia,CZE,1917,59994056
Czechia,CZE,1918,52221390
Czechia,CZE,1919,49192100
Czechia,CZE,1920,48992476
Czechia,CZE,1921,47429012
Czechia,CZE,1922,43447650
Czechia,CZE,1923,45348708
Czechia,CZE,1924,53437492
Czechia,CZE,1925,50855670
Czechia,CZE,1926,51382636
Czechia,CZE,1927,54426388
Czechia,CZE,1928,56825760
Czechia,CZE,1929,62407070
Czechia,CZE,1930,54640668
Czechia,CZE,1931,50296190
Czechia,CZE,1932,43488852
Czechia,CZE,1933,39162000
Czechia,CZE,1934,37890284
Czechia,CZE,1935,37807030
Czechia,CZE,1936,39913450
Czechia,CZE,1937,47134396
Czechia,CZE,1938,53171810
Czechia,CZE,1939,57630030
Czechia,CZE,1940,64771236
Czechia,CZE,1941,64789170
Czechia,CZE,1942,69770780
Czechia,CZE,1943,77032600
Czechia,CZE,1944,73200160
Czechia,CZE,1945,37184548
Czechia,CZE,1946,46722204
Czechia,CZE,1947,53278244
Czechia,CZE,1948,57716784
Czechia,CZE,1949,60581852
Czechia,CZE,1950,69310104
Czechia,CZE,1951,70214750
Czechia,CZE,1952,75052620
Czechia,CZE,1953,77947550
Czechia,CZE,1954,83459110
Czechia,CZE,1955,86685450
Czechia,CZE,1956,92957940
Czechia,CZE,1957,96968240
Czechia,CZE,1958,105781130
Czechia,CZE,1959,112667230
Czechia,CZE,1960,119928990
Czechia,CZE,1961,125639610
Czechia,CZE,1962,132342890
Czechia,CZE,1963,138197840
Czechia,CZE,1964,143113170
Czechia,CZE,1965,139208320
Czechia,CZE,1966,138236620
Czechia,CZE,1967,137835180
Czechia,CZE,1968,144124030
Czechia,CZE,1969,152346720
Czechia,CZE,1970,172422830
Czechia,CZE,1971,180514060
Czechia,CZE,1972,182020460
Czechia,CZE,1973,182515890
Czechia,CZE,1974,184429550
Czechia,CZE,1975,192561520
Czechia,CZE,1976,200149950
Czechia,CZE,1977,206558500
Czechia,CZE,1978,208096670
Czechia,CZE,1979,204009120
Czechia,CZE,1980,205806510
Czechia,CZE,1981,203767280
Czechia,CZE,1982,202147260
Czechia,CZE,1983,202846980
Czechia,CZE,1984,209664580
Czechia,CZE,1985,206887790
Czechia,CZE,1986,207803260
Czechia,CZE,1987,205760220
Czechia,CZE,1988,202680720
Czechia,CZE,1989,194487760
Czechia,CZE,1990,185084480
Czechia,CZE,1991,166400140
Czechia,CZE,1992,161360780
Czechia,CZE,1993,154912660
Czechia,CZE,1994,146562300
Czechia,CZE,1995,144387980
Czechia,CZE,1996,148519330
Czechia,CZE,1997,144081600
Czechia,CZE,1998,138362720
Czechia,CZE,1999,128499980
Czechia,CZE,2000,140005740
Czechia,CZE,2001,134902660
Czechia,CZE,2002,130430980
Czechia,CZE,2003,133657656
Czechia,CZE,2004,134484690
Czechia,CZE,2005,130695230
Czechia,CZE,2006,133002320
Czechia,CZE,2007,135044200
Czechia,CZE,2008,129926180
Czechia,CZE,2009,121738216
Czechia,CZE,2010,125465880
Czechia,CZE,2011,124547810
Czechia,CZE,2012,121325464
Czechia,CZE,2013,117389170
Czechia,CZE,2014,116146470
Czechia,CZE,2015,119829860
Czechia,CZE,2016,119627050
Czechia,CZE,2017,118500744
Czechia,CZE,2018,115775400
Czechia,CZE,2019,110530680
Czechia,CZE,2020,100182880
Czechia,CZE,2021,104786410
Czechia,CZE,2022,102266870
Czechia,CZE,2023,91887160
Democratic Republic of Congo,COD,1850,22559794
Democratic Republic of Congo,COD,1851,18665842
Democratic Republic of Congo,COD,1852,23172550
Democratic Republic of Congo,COD,1853,5549089.5
Democratic Republic of Congo,COD,1854,13049433
Democratic Republic of Congo,COD,1855,13100774
Democratic Republic of Congo,COD,1856,13799959
Democratic Republic of Congo,COD,1857,7865298.5
Democratic Republic of Congo,COD,1858,7763776
Democratic Republic of Congo,COD,1859,19922574
Democratic Republic of Congo,COD,1860,9577879
Democratic Republic of Congo,COD,1861,9961447
Democratic Republic of Congo,COD,1862,15043231
Democratic Republic of Congo,COD,1863,19266778
Democratic Republic of Congo,COD,1864,14988903
Democratic Republic of Congo,COD,1865,14065918
Democratic Republic of Congo,COD,1866,11171030
Democratic Republic of Congo,COD,1867,11089881
Democratic Republic of Congo,COD,1868,9801512
Democratic Republic of Congo,COD,1869,9934558
Democratic Republic of Congo,COD,1870,18529536
Democratic Republic of Congo,COD,1871,16639204
Democratic Republic of Congo,COD,1872,7545469.5
Democratic Republic of Congo,COD,1873,10987622
Democratic Republic of Congo,COD,1874,12969383
Democratic Republic of Congo,COD,1875,15320748
Democratic Republic of Congo,COD,1876,5987196
Democratic Republic of Congo,COD,1877,8012603
Democratic Republic of Congo,COD,1878,11193088
Democratic Republic of Congo,COD,1879,17004072
Democratic Republic of Congo,COD,1880,5932154
Democratic Republic of Congo,COD,1881,13150892
Democratic Republic of Congo,COD,1882,21590804
Democratic Republic of Congo,COD,1883,13384361
Democratic Republic of Congo,COD,1884,11146142
Democratic Republic of Congo,COD,1885,13320792
Democratic Republic of Congo,COD,1886,15246115
Democratic Republic of Congo,COD,1887,13026714
Democratic Republic of Congo,COD,1888,13713331
Democratic Republic of Congo,COD,1889,15360716
Democratic Republic of Congo,COD,1890,20264312
Democratic Republic of Congo,COD,1891,17076690
Democratic Republic of Congo,COD,1892,12763892
Democratic Republic of Congo,COD,1893,15197299
Democratic Republic of Congo,COD,1894,15279308
Democratic Republic of Congo,COD,1895,13085370
Democratic Republic of Congo,COD,1896,12910758
Democratic Republic of Congo,COD,1897,17823824
Democratic Republic of Congo,COD,1898,18560292
Democratic Republic of Congo,COD,1899,21458376
Democratic Republic of Congo,COD,1900,26007888
Democratic Republic of Congo,COD,1901,21396932
Democratic Republic of Congo,COD,1902,25070378
Democratic Republic of Congo,COD,1903,15159088
Democratic Republic of Congo,COD,1904,19263000
Democratic Republic of Congo,COD,1905,21280458
Democratic Republic of Congo,COD,1906,23391022
Democratic Republic of Congo,COD,1907,17999790
Democratic Republic of Congo,COD,1908,23640730
Democratic Republic of Congo,COD,1909,24565772
Democratic Republic of Congo,COD,1910,23960692
Democratic Republic of Congo,COD,1911,29360876
Democratic Republic of Congo,COD,1912,19678566
Democratic Republic of Congo,COD,1913,19095776
Democratic Republic of Congo,COD,1914,23109178
Democratic Republic of Congo,COD,1915,28404512
Democratic Republic of Congo,COD,1916,24896620
Democratic Republic of Congo,COD,1917,31006866
Democratic Republic of Congo,COD,1918,25050312
Democratic Republic of Congo,COD,1919,27548796
Democratic Republic of Congo,COD,1920,20159812
Democratic Republic of Congo,COD,1921,35653988
Democratic Republic of Congo,COD,1922,37450064
Democratic Republic of Congo,COD,1923,36478548
Democratic Republic of Congo,COD,1924,34865612
Democratic Republic of Congo,COD,1925,46982024
Democratic Republic of Congo,COD,1926,37448496
Democratic Republic of Congo,COD,1927,37682508
Democratic Republic of Congo,COD,1928,30848752
Democratic Republic of Congo,COD,1929,40815476
Democratic Republic of Congo,COD,1930,49196640
Democratic Republic of Congo,COD,1931,55484350
Democratic Republic of Congo,COD,1932,60679096
Democratic Republic of Congo,COD,1933,66579548
Democratic Republic of Congo,COD,1934,50555556
Democratic Republic of Congo,COD,1935,58946764
Democratic Republic of Congo,COD,1936,61797816
Democratic Republic of Congo,COD,1937,62526116
Democratic Republic of Congo,COD,1938,64800972
Democratic Republic of Congo,COD,1939,70827570
Democratic Republic of Congo,COD,1940,92601600
Democratic Republic of Congo,COD,1941,113804700
Democratic Republic of Congo,COD,1942,129953560
Democratic Republic of Congo,COD,1943,138042770
Democratic Republic of Congo,COD,1944,136496910
Democratic Republic of Congo,COD,1945,144641600
Democratic Republic of Congo,COD,1946,145059620
Democratic Republic of Congo,COD,1947,159462020
Democratic Republic of Congo,COD,1948,166187000
Democratic Republic of Congo,COD,1949,162623970
Democratic Republic of Congo,COD,1950,183670880
Democratic Republic of Congo,COD,1951,197310540
Democratic Republic of Congo,COD,1952,214214780
Democratic Republic of Congo,COD,1953,226148480
Democratic Republic of Congo,COD,1954,235663870
Democratic Republic of Congo,COD,1955,246271820
Democratic Republic of Congo,COD,1956,260288560
Democratic Republic of Congo,COD,1957,275674800
Democratic Republic of Congo,COD,1958,286280860
Democratic Republic of Congo,COD,1959,301183500
Democratic Republic of Congo,COD,1960,384626850
Democratic Republic of Congo,COD,1961,270190880
Democratic Republic of Congo,COD,1962,218370140
Democratic Republic of Congo,COD,1963,174238670
Democratic Republic of Congo,COD,1964,155790560
Democratic Republic of Congo,COD,1965,147634500
Democratic Republic of Congo,COD,1966,136936380
Democratic Republic of Congo,COD,1967,138826980
Democratic Republic of Congo,COD,1968,133192510
Democratic Republic of Congo,COD,1969,137768880
Democratic Republic of Congo,COD,1970,146220900
Democratic Republic of Congo,COD,1971,135388820
Democratic Republic of Congo,COD,1972,138393540
Democratic Republic of Congo,COD,1973,137165380
Democratic Republic of Congo,COD,1974,127486710
Democratic Republic of Congo,COD,1975,135299170
Democratic Republic of Congo,COD,1976,142022910
Democratic Republic of Congo,COD,1977,148936660
Democratic Republic of Congo,COD,1978,138848210
Democratic Republic of Congo,COD,1979,152067340
Democratic Republic of Congo,COD,1980,158282820
Democratic Republic of Congo,COD,1981,159320370
Democratic Republic of Congo,COD,1982,170128000
Democratic Republic of Congo,COD,1983,167262660
Democratic Republic of Congo,COD,1984,169441920
Democratic Republic of Congo,COD,1985,166753250
Democratic Republic of Congo,COD,1986,169737180
Democratic Republic of Congo,COD,1987,176750640
Democratic Republic of Congo,COD,1988,165776480
Democratic Republic of Congo,COD,1989,170704860
Democratic Republic of Congo,COD,1990,190945380
Democratic Republic of Congo,COD,1991,194758800
Democratic Republic of Congo,COD,1992,190246600
Democratic Republic of Congo,COD,1993,205679650
Democratic Republic of Congo,COD,1994,219295460
Democratic Republic of Congo,COD,1995,233259540
Democratic Republic of Congo,COD,1996,229142220
Democratic Republic of Congo,COD,1997,258405170
Democratic Republic of Congo,COD,1998,264965950
Democratic Republic of Congo,COD,1999,267238140
Democratic Republic of Congo,COD,2000,273237500
Democratic Republic of Congo,COD,2001,241023710
Democratic Republic of Congo,COD,2002,234915020
Democratic Republic of Congo,COD,2003,260834720
Democratic Republic of Congo,COD,2004,248465260
Democratic Republic of Congo,COD,2005,251700930
Democratic Republic of Congo,COD,2006,250396270
Democratic Republic of Congo,COD,2007,245903460
Democratic Republic of Congo,COD,2008,424047940
Democratic Republic of Congo,COD,2009,598916000
Democratic Republic of Congo,COD,2010,692461000
Democratic Republic of Congo,COD,2011,787360830
Democratic Republic of Congo,COD,2012,775729200
Democratic Republic of Congo,COD,2013,814101300
Democratic Republic of Congo,COD,2014,736353100
Democratic Republic of Congo,COD,2015,648106430
Democratic Republic of Congo,COD,2016,674221400
Democratic Republic of Congo,COD,2017,686779260
Democratic Republic of Congo,COD,2018,608218940
Democratic Republic of Congo,COD,2019,561260900
Democratic Republic of Congo,COD,2020,510000300
Democratic Republic of Congo,COD,2021,524882940
Democratic Republic of Congo,COD,2022,549210900
Democratic Republic of Congo,COD,2023,554607500
Denmark,DNK,1850,8533738
Denmark,DNK,1851,8660413
Denmark,DNK,1852,8851004
Denmark,DNK,1853,9007758
Denmark,DNK,1854,9306131
Denmark,DNK,1855,9275245
Denmark,DNK,1856,9606086
Denmark,DNK,1857,9678079
Denmark,DNK,1858,9479304
Denmark,DNK,1859,9805162
Denmark,DNK,1860,10022255
Denmark,DNK,1861,9713873
Denmark,DNK,1862,10134249
Denmark,DNK,1863,10220318
Denmark,DNK,1864,10000002
Denmark,DNK,1865,10223108
Denmark,DNK,1866,10199085
Denmark,DNK,1867,10457844
Denmark,DNK,1868,10498787
Denmark,DNK,1869,10266611
Denmark,DNK,1870,10568777
Denmark,DNK,1871,10706133
Denmark,DNK,1872,10736187
Denmark,DNK,1873,10850115
Denmark,DNK,1874,11103773
Denmark,DNK,1875,11295673
Denmark,DNK,1876,11456624
Denmark,DNK,1877,11484082
Denmark,DNK,1878,11329712
Denmark,DNK,1879,11673915
Denmark,DNK,1880,12376673
Denmark,DNK,1881,11862551
Denmark,DNK,1882,12663929
Denmark,DNK,1883,12976075
Denmark,DNK,1884,12842864
Denmark,DNK,1885,12775655
Denmark,DNK,1886,12749505
Denmark,DNK,1887,13118078
Denmark,DNK,1888,13297496
Denmark,DNK,1889,13360843
Denmark,DNK,1890,13541394
Denmark,DNK,1891,14098754
Denmark,DNK,1892,14440315
Denmark,DNK,1893,14551471
Denmark,DNK,1894,15273869
Denmark,DNK,1895,15518927
Denmark,DNK,1896,16495176
Denmark,DNK,1897,16966462
Denmark,DNK,1898,17108780
Denmark,DNK,1899,17877866
Denmark,DNK,1900,18591442
Denmark,DNK,1901,18393794
Denmark,DNK,1902,18751292
Denmark,DNK,1903,19080232
Denmark,DNK,1904,19725696
Denmark,DNK,1905,19756244
Denmark,DNK,1906,20262776
Denmark,DNK,1907,19621010
Denmark,DNK,1908,21023902
Denmark,DNK,1909,21580722
Denmark,DNK,1910,21669798
Denmark,DNK,1911,23098280
Denmark,DNK,1912,23799034
Denmark,DNK,1913,25221522
Denmark,DNK,1914,25539878
Denmark,DNK,1915,26238606
Denmark,DNK,1916,25771022
Denmark,DNK,1917,23266186
Denmark,DNK,1918,25022502
Denmark,DNK,1919,24471750
Denmark,DNK,1920,22532598
Denmark,DNK,1921,23020972
Denmark,DNK,1922,24777216
Denmark,DNK,1923,25704658
Denmark,DNK,1924,27161676
Denmark,DNK,1925,26621588
Denmark,DNK,1926,25726134
Denmark,DNK,1927,27923778
Denmark,DNK,1928,28051596
Denmark,DNK,1929,30668992
Denmark,DNK,1930,28913562
Denmark,DNK,1931,28835550
Denmark,DNK,1932,29077660
Denmark,DNK,1933,29050260
Denmark,DNK,1934,30203690
Denmark,DNK,1935,30086280
Denmark,DNK,1936,30733904
Denmark,DNK,1937,31288594
Denmark,DNK,1938,30901872
Denmark,DNK,1939,32530004
Denmark,DNK,1940,30331554
Denmark,DNK,1941,32792268
Denmark,DNK,1942,31694492
Denmark,DNK,1943,37113924
Denmark,DNK,1944,36641188
Denmark,DNK,1945,30393932
Denmark,DNK,1946,33789252
Denmark,DNK,1947,39242016
Denmark,DNK,1948,35112220
Denmark,DNK,1949,35382280
Denmark,DNK,1950,40684544
Denmark,DNK,1951,41176300
Denmark,DNK,1952,42814532
Denmark,DNK,1953,43523940
Denmark,DNK,1954,45547120
Denmark,DNK,1955,47923344
Denmark,DNK,1956,47267336
Denmark,DNK,1957,46292172
Denmark,DNK,1958,47959660
Denmark,DNK,1959,48636984
Denmark,DNK,1960,55900180
Denmark,DNK,1961,54786390
Denmark,DNK,1962,58605308
Denmark,DNK,1963,61715960
Denmark,DNK,1964,64254784
Denmark,DNK,1965,65614316
Denmark,DNK,1966,71520430
Denmark,DNK,1967,70730056
Denmark,DNK,1968,74490470
Denmark,DNK,1969,80503550
Denmark,DNK,1970,82492580
Denmark,DNK,1971,77601944
Denmark,DNK,1972,80401540
Denmark,DNK,1973,80007830
Denmark,DNK,1974,76895540
Denmark,DNK,1975,76795304
Denmark,DNK,1976,79684056
Denmark,DNK,1977,82955620
Denmark,DNK,1978,82019360
Denmark,DNK,1979,83387680
Denmark,DNK,1980,81669620
Denmark,DNK,1981,71156264
Denmark,DNK,1982,73659250
Denmark,DNK,1983,72121896
Denmark,DNK,1984,69641740
Denmark,DNK,1985,78208424
Denmark,DNK,1986,77237180
Denmark,DNK,1987,75707110
Denmark,DNK,1988,71823760
Denmark,DNK,1989,66878340
Denmark,DNK,1990,70666510
Denmark,DNK,1991,81249416
Denmark,DNK,1992,75606640
Denmark,DNK,1993,75872780
Denmark,DNK,1994,80786760
Denmark,DNK,1995,77570980
Denmark,DNK,1996,91209944
Denmark,DNK,1997,81615850
Denmark,DNK,1998,76067520
Denmark,DNK,1999,73443816
Denmark,DNK,2000,70406660
Denmark,DNK,2001,71464830
Denmark,DNK,2002,70526220
Denmark,DNK,2003,76117710
Denmark,DNK,2004,72316670
Denmark,DNK,2005,68278616
Denmark,DNK,2006,75209470
Denmark,DNK,2007,71884260
Denmark,DNK,2008,68413210
Denmark,DNK,2009,65434372
Denmark,DNK,2010,68704850
Denmark,DNK,2011,61041290
Denmark,DNK,2012,56944028
Denmark,DNK,2013,60076692
Denmark,DNK,2014,54582150
Denmark,DNK,2015,52924036
Denmark,DNK,2016,54981580
Denmark,DNK,2017,53164940
Denmark,DNK,2018,52676452
Denmark,DNK,2019,49045180
Denmark,DNK,2020,46301500
Denmark,DNK,2021,47464944
Denmark,DNK,2022,46297870
Denmark,DNK,2023,45218464
Djibouti,DJI,1850,48479
Djibouti,DJI,1851,48578.39
Djibouti,DJI,1852,48648.48
Djibouti,DJI,1853,48733.945
Djibouti,DJI,1854,48815.336
Djibouti,DJI,1855,48891.527
Djibouti,DJI,1856,48970.55
Djibouti,DJI,1857,49023.805
Djibouti,DJI,1858,49086.797
Djibouti,DJI,1859,49130.92
Djibouti,DJI,1860,49191.7
Djibouti,DJI,1861,49234.56
Djibouti,DJI,1862,49266.52
Djibouti,DJI,1863,49306.36
Djibouti,DJI,1864,49336.195
Djibouti,DJI,1865,49374.793
Djibouti,DJI,1866,49422.605
Djibouti,DJI,1867,49480.074
Djibouti,DJI,1868,49529.324
Djibouti,DJI,1869,49589.125
Djibouti,DJI,1870,49614.125
Djibouti,DJI,1871,49698.613
Djibouti,DJI,1872,49863.93
Djibouti,DJI,1873,50105.426
Djibouti,DJI,1874,50418.46
Djibouti,DJI,1875,50780.066
Djibouti,DJI,1876,51130.645
Djibouti,DJI,1877,51493.027
Djibouti,DJI,1878,51807.613
Djibouti,DJI,1879,52069.754
Djibouti,DJI,1880,52338.93
Djibouti,DJI,1881,52451.766
Djibouti,DJI,1882,52525.03
Djibouti,DJI,1883,52597.8
Djibouti,DJI,1884,52663.336
Djibouti,DJI,1885,52742.4
Djibouti,DJI,1886,52819.094
Djibouti,DJI,1887,52905.01
Djibouti,DJI,1888,52993.43
Djibouti,DJI,1889,53095.938
Djibouti,DJI,1890,53526.85
Djibouti,DJI,1891,53621.25
Djibouti,DJI,1892,53673.773
Djibouti,DJI,1893,53739.215
Djibouti,DJI,1894,53817.426
Djibouti,DJI,1895,53908.223
Djibouti,DJI,1896,54011.45
Djibouti,DJI,1897,54126.94
Djibouti,DJI,1898,54254.543
Djibouti,DJI,1899,54375.754
Djibouti,DJI,1900,54582.027
Djibouti,DJI,1901,54836.51
Djibouti,DJI,1902,54549.25
Djibouti,DJI,1903,54766.746
Djibouti,DJI,1904,54886.684
Djibouti,DJI,1905,55048.723
Djibouti,DJI,1906,54980.316
Djibouti,DJI,1907,55105.074
Djibouti,DJI,1908,55269.535
Djibouti,DJI,1909,55604.188
Djibouti,DJI,1910,55799.85
Djibouti,DJI,1911,56808.484
Djibouti,DJI,1912,57430.945
Djibouti,DJI,1913,58305.95
Djibouti,DJI,1914,59495.09
Djibouti,DJI,1915,60427.926
Djibouti,DJI,1916,61743.145
Djibouti,DJI,1917,62861.16
Djibouti,DJI,1918,63880.08
Djibouti,DJI,1919,65264.67
Djibouti,DJI,1920,66563.58
Djibouti,DJI,1921,67674.09
Djibouti,DJI,1922,68954.24
Djibouti,DJI,1923,70255.48
Djibouti,DJI,1924,71406.31
Djibouti,DJI,1925,72780.22
Djibouti,DJI,1926,74210.24
Djibouti,DJI,1927,75358.24
Djibouti,DJI,1928,76465.3
Djibouti,DJI,1929,77648.36
Djibouti,DJI,1930,78905.27
Djibouti,DJI,1931,79391.58
Djibouti,DJI,1932,79621.82
Djibouti,DJI,1933,79332.01
Djibouti,DJI,1934,79516.586
Djibouti,DJI,1935,79731.88
Djibouti,DJI,1936,80707.79
Djibouti,DJI,1937,81779.63
Djibouti,DJI,1938,82860.38
Djibouti,DJI,1939,84245.234
Djibouti,DJI,1940,87175.41
Djibouti,DJI,1941,89590.41
Djibouti,DJI,1942,93069.445
Djibouti,DJI,1943,99735.234
Djibouti,DJI,1944,107761.984
Djibouti,DJI,1945,117190.25
Djibouti,DJI,1946,127091.21
Djibouti,DJI,1947,136209.03
Djibouti,DJI,1948,144409.9
Djibouti,DJI,1949,150939.31
Djibouti,DJI,1950,165185.42
Djibouti,DJI,1951,182560.5
Djibouti,DJI,1952,183648.19
Djibouti,DJI,1953,185890.22
Djibouti,DJI,1954,189074
Djibouti,DJI,1955,190710.9
Djibouti,DJI,1956,182932.77
Djibouti,DJI,1957,198143.69
Djibouti,DJI,1958,198522.34
Djibouti,DJI,1959,183433.98
Djibouti,DJI,1960,185374.39
Djibouti,DJI,1961,204665.05
Djibouti,DJI,1962,223729.8
Djibouti,DJI,1963,258390.42
Djibouti,DJI,1964,289889.53
Djibouti,DJI,1965,340884.06
Djibouti,DJI,1966,379949.25
Djibouti,DJI,1967,344446.2
Djibouti,DJI,1968,398762.22
Djibouti,DJI,1969,376583.3
Djibouti,DJI,1970,461611.3
Djibouti,DJI,1971,504815.88
Djibouti,DJI,1972,547169.2
Djibouti,DJI,1973,547906.25
Djibouti,DJI,1974,586249.7
Djibouti,DJI,1975,622841.3
Djibouti,DJI,1976,649976.2
Djibouti,DJI,1977,705207.8
Djibouti,DJI,1978,745224.5
Djibouti,DJI,1979,930252.2
Djibouti,DJI,1980,957402.44
Djibouti,DJI,1981,908097.25
Djibouti,DJI,1982,966608.25
Djibouti,DJI,1983,1009911.1
Djibouti,DJI,1984,1044258.25
Djibouti,DJI,1985,1093894.8
Djibouti,DJI,1986,1146994.6
Djibouti,DJI,1987,1211613.5
Djibouti,DJI,1988,1225217.8
Djibouti,DJI,1989,1327068.8
Djibouti,DJI,1990,1314983.8
Djibouti,DJI,1991,1329127
Djibouti,DJI,1992,1341089.4
Djibouti,DJI,1993,1360855.8
Djibouti,DJI,1994,1359784.6
Djibouti,DJI,1995,1421360.8
Djibouti,DJI,1996,1431711.6
Djibouti,DJI,1997,1468953.5
Djibouti,DJI,1998,1547092.4
Djibouti,DJI,1999,1593049.4
Djibouti,DJI,2000,1565971.9
Djibouti,DJI,2001,1545780.9
Djibouti,DJI,2002,1566933
Djibouti,DJI,2003,1607628.9
Djibouti,DJI,2004,1618557
Djibouti,DJI,2005,1652280
Djibouti,DJI,2006,1673124.1
Djibouti,DJI,2007,1742278
Djibouti,DJI,2008,1828377.2
Djibouti,DJI,2009,1747458.5
Djibouti,DJI,2010,1828350.5
Djibouti,DJI,2011,1645335.2
Djibouti,DJI,2012,1656857
Djibouti,DJI,2013,1765943.4
Djibouti,DJI,2014,1816198.9
Djibouti,DJI,2015,1916608.2
Djibouti,DJI,2016,1891540.4
Djibouti,DJI,2017,1898357.9
Djibouti,DJI,2018,1962040.5
Djibouti,DJI,2019,2057946.8
Djibouti,DJI,2020,1996800.4
Djibouti,DJI,2021,2086641.5
Djibouti,DJI,2022,2070268.4
Djibouti,DJI,2023,2091781
Dominica,DMA,1850,30260.28
Dominica,DMA,1851,32435.188
Dominica,DMA,1852,33248.793
Dominica,DMA,1853,34256.887
Dominica,DMA,1854,34623.53
Dominica,DMA,1855,34944.094
Dominica,DMA,1856,35556.723
Dominica,DMA,1857,35986.7
Dominica,DMA,1858,36114.93
Dominica,DMA,1859,35318.516
Dominica,DMA,1860,30840.287
Dominica,DMA,1861,29897.38
Dominica,DMA,1862,26709.408
Dominica,DMA,1863,27333.068
Dominica,DMA,1864,26692.205
Dominica,DMA,1865,26516.467
Dominica,DMA,1866,26157.607
Dominica,DMA,1867,26229.365
Dominica,DMA,1868,26090.55
Dominica,DMA,1869,25992.504
Dominica,DMA,1870,21626.01
Dominica,DMA,1871,20064.354
Dominica,DMA,1872,19154.756
Dominica,DMA,1873,18669.21
Dominica,DMA,1874,18222.225
Dominica,DMA,1875,17866.219
Dominica,DMA,1876,17336.537
Dominica,DMA,1877,17053.762
Dominica,DMA,1878,16868.709
Dominica,DMA,1879,11588.736
Dominica,DMA,1880,12727.185
Dominica,DMA,1881,12367.974
Dominica,DMA,1882,5274.817
Dominica,DMA,1883,2459.5117
Dominica,DMA,1884,-190.81604
Dominica,DMA,1885,-2505.3696
Dominica,DMA,1886,-4764.2393
Dominica,DMA,1887,-6670.0615
Dominica,DMA,1888,-8495.022
Dominica,DMA,1889,-10179.059
Dominica,DMA,1890,12076.948
Dominica,DMA,1891,21349.445
Dominica,DMA,1892,26652.984
Dominica,DMA,1893,30843.545
Dominica,DMA,1894,34311.902
Dominica,DMA,1895,37396.645
Dominica,DMA,1896,40144.24
Dominica,DMA,1897,42481.133
Dominica,DMA,1898,44884.418
Dominica,DMA,1899,43845.586
Dominica,DMA,1900,44466.88
Dominica,DMA,1901,42891.137
Dominica,DMA,1902,43411.37
Dominica,DMA,1903,41084.41
Dominica,DMA,1904,42945.75
Dominica,DMA,1905,44904.867
Dominica,DMA,1906,45621.176
Dominica,DMA,1907,46630.33
Dominica,DMA,1908,47452.766
Dominica,DMA,1909,48479.133
Dominica,DMA,1910,36213.508
Dominica,DMA,1911,34692.18
Dominica,DMA,1912,34212.586
Dominica,DMA,1913,34285.758
Dominica,DMA,1914,34583.586
Dominica,DMA,1915,34866.99
Dominica,DMA,1916,35133.34
Dominica,DMA,1917,35412.246
Dominica,DMA,1918,37872.523
Dominica,DMA,1919,38723.562
Dominica,DMA,1920,30727.36
Dominica,DMA,1921,27563.373
Dominica,DMA,1922,26354.844
Dominica,DMA,1923,25918.037
Dominica,DMA,1924,18996.713
Dominica,DMA,1925,17003.406
Dominica,DMA,1926,14939.379
Dominica,DMA,1927,13057.896
Dominica,DMA,1928,11641.201
Dominica,DMA,1929,9413.897
Dominica,DMA,1930,48502.07
Dominica,DMA,1931,67603.805
Dominica,DMA,1932,76768.08
Dominica,DMA,1933,83250.234
Dominica,DMA,1934,88638.93
Dominica,DMA,1935,93849.02
Dominica,DMA,1936,98818.63
Dominica,DMA,1937,104167.95
Dominica,DMA,1938,109594.46
Dominica,DMA,1939,115438.35
Dominica,DMA,1940,80030.625
Dominica,DMA,1941,69097.21
Dominica,DMA,1942,66559.05
Dominica,DMA,1943,66615.31
Dominica,DMA,1944,68588.06
Dominica,DMA,1945,71430.65
Dominica,DMA,1946,75151.7
Dominica,DMA,1947,79386.195
Dominica,DMA,1948,84423.4
Dominica,DMA,1949,88737.59
Dominica,DMA,1950,99592.74
Dominica,DMA,1951,108375.86
Dominica,DMA,1952,128104.19
Dominica,DMA,1953,124851.086
Dominica,DMA,1954,137126.58
Dominica,DMA,1955,135477.73
Dominica,DMA,1956,141762.22
Dominica,DMA,1957,144786.14
Dominica,DMA,1958,149946.53
Dominica,DMA,1959,163989.19
Dominica,DMA,1960,146555.34
Dominica,DMA,1961,259871.84
Dominica,DMA,1962,179608.1
Dominica,DMA,1963,156829.86
Dominica,DMA,1964,134427.78
Dominica,DMA,1965,261546.77
Dominica,DMA,1966,177455.81
Dominica,DMA,1967,128721.3
Dominica,DMA,1968,109981.91
Dominica,DMA,1969,94246.82
Dominica,DMA,1970,91677.734
Dominica,DMA,1971,79543.2
Dominica,DMA,1972,75345.25
Dominica,DMA,1973,71007.75
Dominica,DMA,1974,84550.47
Dominica,DMA,1975,73682.46
Dominica,DMA,1976,79165.375
Dominica,DMA,1977,77473.55
Dominica,DMA,1978,100996.99
Dominica,DMA,1979,80981.086
Dominica,DMA,1980,85564.8
Dominica,DMA,1981,86819.8
Dominica,DMA,1982,101459.08
Dominica,DMA,1983,102131
Dominica,DMA,1984,108340.38
Dominica,DMA,1985,101730.05
Dominica,DMA,1986,110285.49
Dominica,DMA,1987,109111.26
Dominica,DMA,1988,117393.41
Dominica,DMA,1989,128930.32
Dominica,DMA,1990,130662.56
Dominica,DMA,1991,133539.61
Dominica,DMA,1992,137122.22
Dominica,DMA,1993,161489.84
Dominica,DMA,1994,153934.72
Dominica,DMA,1995,164976.75
Dominica,DMA,1996,161348.9
Dominica,DMA,1997,171076.53
Dominica,DMA,1998,256500.7
Dominica,DMA,1999,247222.39
Dominica,DMA,2000,272758.34
Dominica,DMA,2001,247691.98
Dominica,DMA,2002,208881.31
Dominica,DMA,2003,204170.1
Dominica,DMA,2004,219587.53
Dominica,DMA,2005,218412.42
Dominica,DMA,2006,257677.84
Dominica,DMA,2007,234682.48
Dominica,DMA,2008,241436.52
Dominica,DMA,2009,230773.19
Dominica,DMA,2010,232421.8
Dominica,DMA,2011,222600
Dominica,DMA,2012,239178.48
Dominica,DMA,2013,215478.56
Dominica,DMA,2014,215411.33
Dominica,DMA,2015,221245.28
Dominica,DMA,2016,221644.56
Dominica,DMA,2017,205193.89
Dominica,DMA,2018,207114.4
Dominica,DMA,2019,218554.97
Dominica,DMA,2020,206250.78
Dominica,DMA,2021,208979.66
Dominica,DMA,2022,207444.44
Dominica,DMA,2023,216072.92
Dominican Republic,DOM,1850,814312
Dominican Republic,DOM,1851,773802.2
Dominican Republic,DOM,1852,810600.6
Dominican Republic,DOM,1853,852311.8
Dominican Republic,DOM,1854,857556.3
Dominican Republic,DOM,1855,881848.94
Dominican Republic,DOM,1856,887920.4
Dominican Republic,DOM,1857,916567.94
Dominican Republic,DOM,1858,920668.8
Dominican Republic,DOM,1859,931399.94
Dominican Republic,DOM,1860,1465079.1
Dominican Republic,DOM,1861,1645412.1
Dominican Republic,DOM,1862,1765752
Dominican Republic,DOM,1863,1808847.9
Dominican Republic,DOM,1864,1905719.4
Dominican Republic,DOM,1865,1941213.1
Dominican Republic,DOM,1866,2034964
Dominican Republic,DOM,1867,2032122.4
Dominican Republic,DOM,1868,2044323.6
Dominican Republic,DOM,1869,2135406.5
Dominican Republic,DOM,1870,2352081.8
Dominican Republic,DOM,1871,2400732.5
Dominican Republic,DOM,1872,2434754.8
Dominican Republic,DOM,1873,2521368.8
Dominican Republic,DOM,1874,2567865.8
Dominican Republic,DOM,1875,2613198
Dominican Republic,DOM,1876,2647331
Dominican Republic,DOM,1877,2737009.8
Dominican Republic,DOM,1878,2712625.5
Dominican Republic,DOM,1879,2752146.2
Dominican Republic,DOM,1880,3105170.2
Dominican Republic,DOM,1881,3272408.2
Dominican Republic,DOM,1882,3383362.8
Dominican Republic,DOM,1883,3444596.5
Dominican Republic,DOM,1884,3495094.8
Dominican Republic,DOM,1885,3567764.8
Dominican Republic,DOM,1886,3555846.2
Dominican Republic,DOM,1887,3652551.5
Dominican Republic,DOM,1888,3702539
Dominican Republic,DOM,1889,3771943.8
Dominican Republic,DOM,1890,4138449.8
Dominican Republic,DOM,1891,4274993
Dominican Republic,DOM,1892,4400711.5
Dominican Republic,DOM,1893,4500053
Dominican Republic,DOM,1894,4570260
Dominican Republic,DOM,1895,4641313.5
Dominican Republic,DOM,1896,4677838
Dominican Republic,DOM,1897,4733050
Dominican Republic,DOM,1898,4833901.5
Dominican Republic,DOM,1899,4825570.5
Dominican Republic,DOM,1900,5087397
Dominican Republic,DOM,1901,5162465
Dominican Republic,DOM,1902,5234862.5
Dominican Republic,DOM,1903,5355055.5
Dominican Republic,DOM,1904,5360666
Dominican Republic,DOM,1905,5405060.5
Dominican Republic,DOM,1906,5517477
Dominican Republic,DOM,1907,5570570.5
Dominican Republic,DOM,1908,5636496
Dominican Republic,DOM,1909,5689813
Dominican Republic,DOM,1910,6507209
Dominican Republic,DOM,1911,6904599.5
Dominican Republic,DOM,1912,7130376
Dominican Republic,DOM,1913,7263035.5
Dominican Republic,DOM,1914,7449700.5
Dominican Republic,DOM,1915,7560034
Dominican Republic,DOM,1916,7657458
Dominican Republic,DOM,1917,7785369
Dominican Republic,DOM,1918,7844992
Dominican Republic,DOM,1919,7922444
Dominican Republic,DOM,1920,8833419
Dominican Republic,DOM,1921,9194723
Dominican Republic,DOM,1922,9352812
Dominican Republic,DOM,1923,9501177
Dominican Republic,DOM,1924,9584311
Dominican Republic,DOM,1925,9652378
Dominican Republic,DOM,1926,9712323
Dominican Republic,DOM,1927,9805292
Dominican Republic,DOM,1928,9833248
Dominican Republic,DOM,1929,9944349
Dominican Republic,DOM,1930,9340186
Dominican Republic,DOM,1931,9180702
Dominican Republic,DOM,1932,9223692
Dominican Republic,DOM,1933,9237039
Dominican Republic,DOM,1934,9331797
Dominican Republic,DOM,1935,9435658
Dominican Republic,DOM,1936,9606698
Dominican Republic,DOM,1937,9775592
Dominican Republic,DOM,1938,10057957
Dominican Republic,DOM,1939,10290212
Dominican Republic,DOM,1940,13169557
Dominican Republic,DOM,1941,14376149
Dominican Republic,DOM,1942,15382980
Dominican Republic,DOM,1943,16090987
Dominican Republic,DOM,1944,16718133
Dominican Republic,DOM,1945,17400642
Dominican Republic,DOM,1946,18207544
Dominican Republic,DOM,1947,18891866
Dominican Republic,DOM,1948,19620730
Dominican Republic,DOM,1949,20262866
Dominican Republic,DOM,1950,19549422
Dominican Republic,DOM,1951,19845050
Dominican Republic,DOM,1952,20860452
Dominican Republic,DOM,1953,21595996
Dominican Republic,DOM,1954,22478930
Dominican Republic,DOM,1955,23284360
Dominican Republic,DOM,1956,23699074
Dominican Republic,DOM,1957,24174740
Dominican Republic,DOM,1958,24430712
Dominican Republic,DOM,1959,63378570
Dominican Republic,DOM,1960,32549468
Dominican Republic,DOM,1961,26324044
Dominican Republic,DOM,1962,21981164
Dominican Republic,DOM,1963,20716660
Dominican Republic,DOM,1964,20052402
Dominican Republic,DOM,1965,19179812
Dominican Republic,DOM,1966,18616252
Dominican Republic,DOM,1967,17277138
Dominican Republic,DOM,1968,21852540
Dominican Republic,DOM,1969,17667632
Dominican Republic,DOM,1970,17464430
Dominican Republic,DOM,1971,20473830
Dominican Republic,DOM,1972,24204162
Dominican Republic,DOM,1973,24625772
Dominican Republic,DOM,1974,27252376
Dominican Republic,DOM,1975,31948292
Dominican Republic,DOM,1976,30276668
Dominican Republic,DOM,1977,28281860
Dominican Republic,DOM,1978,27431700
Dominican Republic,DOM,1979,29554004
Dominican Republic,DOM,1980,25148638
Dominican Republic,DOM,1981,22991650
Dominican Republic,DOM,1982,21462008
Dominican Republic,DOM,1983,22271050
Dominican Republic,DOM,1984,20824910
Dominican Republic,DOM,1985,20736790
Dominican Republic,DOM,1986,20280584
Dominican Republic,DOM,1987,21512066
Dominican Republic,DOM,1988,21653086
Dominican Republic,DOM,1989,19417660
Dominican Republic,DOM,1990,18400480
Dominican Republic,DOM,1991,19326644
Dominican Republic,DOM,1992,20026976
Dominican Republic,DOM,1993,21630686
Dominican Republic,DOM,1994,26424212
Dominican Republic,DOM,1995,28606736
Dominican Republic,DOM,1996,26415618
Dominican Republic,DOM,1997,29228630
Dominican Republic,DOM,1998,27827880
Dominican Republic,DOM,1999,33454670
Dominican Republic,DOM,2000,31566902
Dominican Republic,DOM,2001,31846850
Dominican Republic,DOM,2002,30109386
Dominican Republic,DOM,2003,31372236
Dominican Republic,DOM,2004,28042638
Dominican Republic,DOM,2005,28541072
Dominican Republic,DOM,2006,30311538
Dominican Republic,DOM,2007,31601024
Dominican Republic,DOM,2008,33281886
Dominican Republic,DOM,2009,32175990
Dominican Republic,DOM,2010,33876356
Dominican Republic,DOM,2011,32850098
Dominican Republic,DOM,2012,33562164
Dominican Republic,DOM,2013,34215588
Dominican Republic,DOM,2014,44576748
Dominican Republic,DOM,2015,40485348
Dominican Republic,DOM,2016,40614380
Dominican Republic,DOM,2017,39592948
Dominican Republic,DOM,2018,41050320
Dominican Republic,DOM,2019,43616480
Dominican Republic,DOM,2020,42342870
Dominican Republic,DOM,2021,46276572
Dominican Republic,DOM,2022,46016676
Dominican Republic,DOM,2023,47979490
East Timor,TLS,1850,1298811.6
East Timor,TLS,1851,1074597.1
East Timor,TLS,1852,1068564.9
East Timor,TLS,1853,1004200.25
East Timor,TLS,1854,984771.6
East Timor,TLS,1855,1160538.1
East Timor,TLS,1856,1109194.5
East Timor,TLS,1857,1030564.6
East Timor,TLS,1858,1006739
East Timor,TLS,1859,999427
East Timor,TLS,1860,1123631.1
East Timor,TLS,1861,1034313.94
East Timor,TLS,1862,860504.94
East Timor,TLS,1863,793878
East Timor,TLS,1864,762060.56
East Timor,TLS,1865,744104.56
East Timor,TLS,1866,728808.1
East Timor,TLS,1867,722721.4
East Timor,TLS,1868,711509.7
East Timor,TLS,1869,705515.5
East Timor,TLS,1870,779256.1
East Timor,TLS,1871,723830.7
East Timor,TLS,1872,707780.5
East Timor,TLS,1873,701366.3
East Timor,TLS,1874,943959.4
East Timor,TLS,1875,785952.7
East Timor,TLS,1876,737404.75
East Timor,TLS,1877,723086.4
East Timor,TLS,1878,808081.56
East Timor,TLS,1879,741115.1
East Timor,TLS,1880,758828.56
East Timor,TLS,1881,765116.8
East Timor,TLS,1882,775848.44
East Timor,TLS,1883,881682.56
East Timor,TLS,1884,822149.3
East Timor,TLS,1885,807209.25
East Timor,TLS,1886,994839.75
East Timor,TLS,1887,875043.56
East Timor,TLS,1888,964641.4
East Timor,TLS,1889,873631.75
East Timor,TLS,1890,865693.5
East Timor,TLS,1891,856329.5
East Timor,TLS,1892,986153.7
East Timor,TLS,1893,912779.44
East Timor,TLS,1894,891932.25
East Timor,TLS,1895,889899.94
East Timor,TLS,1896,1032272.8
East Timor,TLS,1897,945850
East Timor,TLS,1898,931277.6
East Timor,TLS,1899,922618.7
East Timor,TLS,1900,1093387.6
East Timor,TLS,1901,996183.4
East Timor,TLS,1902,975992.4
East Timor,TLS,1903,1187379.4
East Timor,TLS,1904,1054282.1
East Timor,TLS,1905,1016445.8
East Timor,TLS,1906,1006472
East Timor,TLS,1907,1173587.5
East Timor,TLS,1908,1234529.2
East Timor,TLS,1909,1096965.5
East Timor,TLS,1910,1295126.8
East Timor,TLS,1911,1134219.9
East Timor,TLS,1912,1081495.1
East Timor,TLS,1913,1063843.5
East Timor,TLS,1914,1059331.8
East Timor,TLS,1915,1253611.1
East Timor,TLS,1916,1133396.8
East Timor,TLS,1917,1094287.1
East Timor,TLS,1918,1258509.1
East Timor,TLS,1919,1137904.4
East Timor,TLS,1920,1116950.8
East Timor,TLS,1921,1120056.1
East Timor,TLS,1922,1134067.4
East Timor,TLS,1923,1154403.4
East Timor,TLS,1924,1182979.2
East Timor,TLS,1925,1201490.4
East Timor,TLS,1926,1226754.4
East Timor,TLS,1927,1504804
East Timor,TLS,1928,1373652.4
East Timor,TLS,1929,1535758.4
East Timor,TLS,1930,1490483.2
East Timor,TLS,1931,1681465.2
East Timor,TLS,1932,1595398
East Timor,TLS,1933,1589627.1
East Timor,TLS,1934,1602437.5
East Timor,TLS,1935,1626217
East Timor,TLS,1936,1654222.4
East Timor,TLS,1937,1684742.9
East Timor,TLS,1938,1910825.8
East Timor,TLS,1939,1818256.2
East Timor,TLS,1940,1764897.5
East Timor,TLS,1941,1759363.1
East Timor,TLS,1942,1775419.2
East Timor,TLS,1943,1993631.8
East Timor,TLS,1944,1884645
East Timor,TLS,1945,1874494.9
East Timor,TLS,1946,1891664.2
East Timor,TLS,1947,1908267
East Timor,TLS,1948,1928807.5
East Timor,TLS,1949,1535214.8
East Timor,TLS,1950,1348382.1
East Timor,TLS,1951,1260408.8
East Timor,TLS,1952,1235615.9
East Timor,TLS,1953,1160493.6
East Timor,TLS,1954,1241168.9
East Timor,TLS,1955,1668277.5
East Timor,TLS,1956,1619216.2
East Timor,TLS,1957,1605515.5
East Timor,TLS,1958,2007345.4
East Timor,TLS,1959,71774.02
East Timor,TLS,1960,-120021.03
East Timor,TLS,1961,-79859.3
East Timor,TLS,1962,-23677.168
East Timor,TLS,1963,70478.21
East Timor,TLS,1964,155551.31
East Timor,TLS,1965,260077.64
East Timor,TLS,1966,763834.75
East Timor,TLS,1967,854512
East Timor,TLS,1968,1526376.8
East Timor,TLS,1969,3731799.8
East Timor,TLS,1970,3089939.8
East Timor,TLS,1971,3352544.2
East Timor,TLS,1972,4189956
East Timor,TLS,1973,3640907
East Timor,TLS,1974,4120975.2
East Timor,TLS,1975,3936325.8
East Timor,TLS,1976,3854282.2
East Timor,TLS,1977,4807449
East Timor,TLS,1978,4307136.5
East Timor,TLS,1979,3867051.8
East Timor,TLS,1980,3712510.5
East Timor,TLS,1981,3414531
East Timor,TLS,1982,3548118.8
East Timor,TLS,1983,3459309.2
East Timor,TLS,1984,3628407
East Timor,TLS,1985,3532608
East Timor,TLS,1986,3814892
East Timor,TLS,1987,3884749
East Timor,TLS,1988,3743690.8
East Timor,TLS,1989,5423699
East Timor,TLS,1990,5846782
East Timor,TLS,1991,4566401
East Timor,TLS,1992,4899829.5
East Timor,TLS,1993,4899749.5
East Timor,TLS,1994,4098661.8
East Timor,TLS,1995,3799698.2
East Timor,TLS,1996,3388982.5
East Timor,TLS,1997,2793156.8
East Timor,TLS,1998,2993580.5
East Timor,TLS,1999,3136129.5
East Timor,TLS,2000,3161786.5
East Timor,TLS,2001,3244629.2
East Timor,TLS,2002,3542151.8
East Timor,TLS,2003,3762793
East Timor,TLS,2004,3997991.8
East Timor,TLS,2005,3913616.8
East Timor,TLS,2006,5443013
East Timor,TLS,2007,6165334
East Timor,TLS,2008,6349483
East Timor,TLS,2009,5899063.5
East Timor,TLS,2010,5902549.5
East Timor,TLS,2011,6018709.5
East Timor,TLS,2012,6335523.5
East Timor,TLS,2013,6244051.5
East Timor,TLS,2014,5501701.5
East Timor,TLS,2015,5454407.5
East Timor,TLS,2016,5038536
East Timor,TLS,2017,5587288.5
East Timor,TLS,2018,5114882
East Timor,TLS,2019,5450580
East Timor,TLS,2020,5276575
East Timor,TLS,2021,5026821.5
East Timor,TLS,2022,4865674.5
East Timor,TLS,2023,4822373.5
Ecuador,ECU,1850,9570339
Ecuador,ECU,1851,236071.36
Ecuador,ECU,1852,8523047
Ecuador,ECU,1853,13788429
Ecuador,ECU,1854,-6613591.5
Ecuador,ECU,1855,16787296
Ecuador,ECU,1856,3056231
Ecuador,ECU,1857,9772054
Ecuador,ECU,1858,8345953
Ecuador,ECU,1859,-4189786.8
Ecuador,ECU,1860,-11759306
Ecuador,ECU,1861,28225542
Ecuador,ECU,1862,17054370
Ecuador,ECU,1863,-4039500.2
Ecuador,ECU,1864,7277729.5
Ecuador,ECU,1865,15299008
Ecuador,ECU,1866,-7437810.5
Ecuador,ECU,1867,3175857.5
Ecuador,ECU,1868,11870704
Ecuador,ECU,1869,1896574.2
Ecuador,ECU,1870,13859872
Ecuador,ECU,1871,19201240
Ecuador,ECU,1872,-471229.72
Ecuador,ECU,1873,10378777
Ecuador,ECU,1874,6330100
Ecuador,ECU,1875,20569990
Ecuador,ECU,1876,28468874
Ecuador,ECU,1877,-273316.3
Ecuador,ECU,1878,8014628
Ecuador,ECU,1879,-11202284
Ecuador,ECU,1880,6634670
Ecuador,ECU,1881,5600882
Ecuador,ECU,1882,7893630
Ecuador,ECU,1883,17802668
Ecuador,ECU,1884,3940559.5
Ecuador,ECU,1885,14704334
Ecuador,ECU,1886,14546297
Ecuador,ECU,1887,33590136
Ecuador,ECU,1888,6543171
Ecuador,ECU,1889,14387529
Ecuador,ECU,1890,-2151395.8
Ecuador,ECU,1891,3194200.2
Ecuador,ECU,1892,11402610
Ecuador,ECU,1893,-4041716.2
Ecuador,ECU,1894,11482719
Ecuador,ECU,1895,8230201
Ecuador,ECU,1896,1594028.4
Ecuador,ECU,1897,11320302
Ecuador,ECU,1898,11303474
Ecuador,ECU,1899,19767814
Ecuador,ECU,1900,10377645
Ecuador,ECU,1901,8045881
Ecuador,ECU,1902,23828892
Ecuador,ECU,1903,16735196
Ecuador,ECU,1904,17406102
Ecuador,ECU,1905,27146960
Ecuador,ECU,1906,11446466
Ecuador,ECU,1907,15975286
Ecuador,ECU,1908,18148726
Ecuador,ECU,1909,26512968
Ecuador,ECU,1910,18100216
Ecuador,ECU,1911,21711080
Ecuador,ECU,1912,15411537
Ecuador,ECU,1913,16619329
Ecuador,ECU,1914,11981319
Ecuador,ECU,1915,16615966
Ecuador,ECU,1916,7508598.5
Ecuador,ECU,1917,17370198
Ecuador,ECU,1918,15697539
Ecuador,ECU,1919,20743272
Ecuador,ECU,1920,11997065
Ecuador,ECU,1921,19667456
Ecuador,ECU,1922,4788154
Ecuador,ECU,1923,27860042
Ecuador,ECU,1924,28709538
Ecuador,ECU,1925,13706208
Ecuador,ECU,1926,17497110
Ecuador,ECU,1927,27448654
Ecuador,ECU,1928,23755984
Ecuador,ECU,1929,7224722
Ecuador,ECU,1930,22312286
Ecuador,ECU,1931,38324340
Ecuador,ECU,1932,48257090
Ecuador,ECU,1933,50746508
Ecuador,ECU,1934,41044856
Ecuador,ECU,1935,48289908
Ecuador,ECU,1936,56999812
Ecuador,ECU,1937,54662464
Ecuador,ECU,1938,50973884
Ecuador,ECU,1939,40458864
Ecuador,ECU,1940,51227452
Ecuador,ECU,1941,45088450
Ecuador,ECU,1942,60216236
Ecuador,ECU,1943,59776056
Ecuador,ECU,1944,56269790
Ecuador,ECU,1945,39667436
Ecuador,ECU,1946,45868350
Ecuador,ECU,1947,44366140
Ecuador,ECU,1948,48336716
Ecuador,ECU,1949,45107932
Ecuador,ECU,1950,47310280
Ecuador,ECU,1951,53106624
Ecuador,ECU,1952,60929896
Ecuador,ECU,1953,53887348
Ecuador,ECU,1954,48552296
Ecuador,ECU,1955,62174868
Ecuador,ECU,1956,60703376
Ecuador,ECU,1957,59202556
Ecuador,ECU,1958,65977916
Ecuador,ECU,1959,69789030
Ecuador,ECU,1960,99669170
Ecuador,ECU,1961,63677910
Ecuador,ECU,1962,53969910
Ecuador,ECU,1963,47321864
Ecuador,ECU,1964,45276890
Ecuador,ECU,1965,38783720
Ecuador,ECU,1966,47221164
Ecuador,ECU,1967,43338450
Ecuador,ECU,1968,46844464
Ecuador,ECU,1969,43589024
Ecuador,ECU,1970,53007764
Ecuador,ECU,1971,58747320
Ecuador,ECU,1972,54544370
Ecuador,ECU,1973,64430336
Ecuador,ECU,1974,87444400
Ecuador,ECU,1975,80173440
Ecuador,ECU,1976,97816730
Ecuador,ECU,1977,83719600
Ecuador,ECU,1978,89433820
Ecuador,ECU,1979,109817976
Ecuador,ECU,1980,116231360
Ecuador,ECU,1981,105589490
Ecuador,ECU,1982,98625020
Ecuador,ECU,1983,110694350
Ecuador,ECU,1984,126306060
Ecuador,ECU,1985,113828160
Ecuador,ECU,1986,96763270
Ecuador,ECU,1987,83759496
Ecuador,ECU,1988,80219096
Ecuador,ECU,1989,90254856
Ecuador,ECU,1990,82241050
Ecuador,ECU,1991,86724750
Ecuador,ECU,1992,85425390
Ecuador,ECU,1993,109557550
Ecuador,ECU,1994,82715700
Ecuador,ECU,1995,83493160
Ecuador,ECU,1996,97281930
Ecuador,ECU,1997,93633816
Ecuador,ECU,1998,93284680
Ecuador,ECU,1999,89316480
Ecuador,ECU,2000,72220080
Ecuador,ECU,2001,69795810
Ecuador,ECU,2002,66497824
Ecuador,ECU,2003,126234060
Ecuador,ECU,2004,80231544
Ecuador,ECU,2005,73610040
Ecuador,ECU,2006,75002110
Ecuador,ECU,2007,81305460
Ecuador,ECU,2008,73705480
Ecuador,ECU,2009,75362216
Ecuador,ECU,2010,81700456
Ecuador,ECU,2011,107260330
Ecuador,ECU,2012,101202680
Ecuador,ECU,2013,90151496
Ecuador,ECU,2014,127974210
Ecuador,ECU,2015,89723130
Ecuador,ECU,2016,84675570
Ecuador,ECU,2017,76180590
Ecuador,ECU,2018,75888020
Ecuador,ECU,2019,100489704
Ecuador,ECU,2020,83615180
Ecuador,ECU,2021,83454980
Ecuador,ECU,2022,89452970
Ecuador,ECU,2023,90609450
Egypt,EGY,1850,4101271.5
Egypt,EGY,1851,4079853.2
Egypt,EGY,1852,4099496
Egypt,EGY,1853,4122541.5
Egypt,EGY,1854,4148835.2
Egypt,EGY,1855,4176592.8
Egypt,EGY,1856,4160591
Egypt,EGY,1857,4190586.2
Egypt,EGY,1858,4222278
Egypt,EGY,1859,4254276.5
Egypt,EGY,1860,4355263
Egypt,EGY,1861,4455760
Egypt,EGY,1862,4546310
Egypt,EGY,1863,4629362
Egypt,EGY,1864,4709411
Egypt,EGY,1865,4788660
Egypt,EGY,1866,4818097
Egypt,EGY,1867,4893977
Egypt,EGY,1868,4969704
Egypt,EGY,1869,5044692
Egypt,EGY,1870,5133259
Egypt,EGY,1871,5482912
Egypt,EGY,1872,5315940.5
Egypt,EGY,1873,5411590
Egypt,EGY,1874,5509803
Egypt,EGY,1875,5609436
Egypt,EGY,1876,5709992.5
Egypt,EGY,1877,5809232
Egypt,EGY,1878,5905912
Egypt,EGY,1879,5999042
Egypt,EGY,1880,6223418
Egypt,EGY,1881,6449578
Egypt,EGY,1882,6649126.5
Egypt,EGY,1883,6830353.5
Egypt,EGY,1884,6975262
Egypt,EGY,1885,7138673.5
Egypt,EGY,1886,7299183.5
Egypt,EGY,1887,7457273
Egypt,EGY,1888,7613933.5
Egypt,EGY,1889,7769640.5
Egypt,EGY,1890,7903999
Egypt,EGY,1891,8014886
Egypt,EGY,1892,8132558
Egypt,EGY,1893,8254141
Egypt,EGY,1894,8377513.5
Egypt,EGY,1895,8501614
Egypt,EGY,1896,8636126
Egypt,EGY,1897,8771573
Egypt,EGY,1898,8920993
Egypt,EGY,1899,9078423
Egypt,EGY,1900,9248779
Egypt,EGY,1901,9405308
Egypt,EGY,1902,9574517
Egypt,EGY,1903,9738771
Egypt,EGY,1904,9921883
Egypt,EGY,1905,10109867
Egypt,EGY,1906,10305108
Egypt,EGY,1907,10511125
Egypt,EGY,1908,10718362
Egypt,EGY,1909,10927376
Egypt,EGY,1910,11132230
Egypt,EGY,1911,11351814
Egypt,EGY,1912,11659720
Egypt,EGY,1913,11824556
Egypt,EGY,1914,12286438
Egypt,EGY,1915,12341788
Egypt,EGY,1916,12681919
Egypt,EGY,1917,13222116
Egypt,EGY,1918,14017042
Egypt,EGY,1919,14005026
Egypt,EGY,1920,13849052
Egypt,EGY,1921,14187356
Egypt,EGY,1922,14376672
Egypt,EGY,1923,14537074
Egypt,EGY,1924,14819745
Egypt,EGY,1925,15137065
Egypt,EGY,1926,15351965
Egypt,EGY,1927,15636307
Egypt,EGY,1928,16241648
Egypt,EGY,1929,16521980
Egypt,EGY,1930,16857984
Egypt,EGY,1931,17098030
Egypt,EGY,1932,17267734
Egypt,EGY,1933,17389990
Egypt,EGY,1934,17554654
Egypt,EGY,1935,17663440
Egypt,EGY,1936,17845848
Egypt,EGY,1937,17956764
Egypt,EGY,1938,18330530
Egypt,EGY,1939,20222784
Egypt,EGY,1940,21524546
Egypt,EGY,1941,23063482
Egypt,EGY,1942,23393848
Egypt,EGY,1943,24338738
Egypt,EGY,1944,25333100
Egypt,EGY,1945,26015798
Egypt,EGY,1946,26535560
Egypt,EGY,1947,27466056
Egypt,EGY,1948,30363832
Egypt,EGY,1949,32632318
Egypt,EGY,1950,37934784
Egypt,EGY,1951,39300308
Egypt,EGY,1952,39628370
Egypt,EGY,1953,39066350
Egypt,EGY,1954,40762116
Egypt,EGY,1955,39464816
Egypt,EGY,1956,38677250
Egypt,EGY,1957,42103960
Egypt,EGY,1958,45379676
Egypt,EGY,1959,44619336
Egypt,EGY,1960,49128504
Egypt,EGY,1961,50070140
Egypt,EGY,1962,52450216
Egypt,EGY,1963,58340308
Egypt,EGY,1964,66390400
Egypt,EGY,1965,70240640
Egypt,EGY,1966,67936900
Egypt,EGY,1967,60177016
Egypt,EGY,1968,65739860
Egypt,EGY,1969,60131000
Egypt,EGY,1970,59544124
Egypt,EGY,1971,61090308
Egypt,EGY,1972,61788532
Egypt,EGY,1973,58701176
Egypt,EGY,1974,61186256
Egypt,EGY,1975,67824104
Egypt,EGY,1976,73107420
Egypt,EGY,1977,78103384
Egypt,EGY,1978,81632790
Egypt,EGY,1979,85991880
Egypt,EGY,1980,90591900
Egypt,EGY,1981,97111900
Egypt,EGY,1982,104880030
Egypt,EGY,1983,107179770
Egypt,EGY,1984,117217830
Egypt,EGY,1985,119752940
Egypt,EGY,1986,130801090
Egypt,EGY,1987,133846830
Egypt,EGY,1988,133773510
Egypt,EGY,1989,132822216
Egypt,EGY,1990,141134140
Egypt,EGY,1991,156206750
Egypt,EGY,1992,157472880
Egypt,EGY,1993,171402780
Egypt,EGY,1994,168674580
Egypt,EGY,1995,178762670
Egypt,EGY,1996,177491980
Egypt,EGY,1997,192115440
Egypt,EGY,1998,202603800
Egypt,EGY,1999,208885920
Egypt,EGY,2000,225054400
Egypt,EGY,2001,210554880
Egypt,EGY,2002,213204160
Egypt,EGY,2003,238703090
Egypt,EGY,2004,244271180
Egypt,EGY,2005,265912720
Egypt,EGY,2006,279317100
Egypt,EGY,2007,290464350
Egypt,EGY,2008,302868700
Egypt,EGY,2009,309997860
Egypt,EGY,2010,303610400
Egypt,EGY,2011,319746100
Egypt,EGY,2012,315416670
Egypt,EGY,2013,310024220
Egypt,EGY,2014,324546020
Egypt,EGY,2015,320049000
Egypt,EGY,2016,337053700
Egypt,EGY,2017,361696960
Egypt,EGY,2018,351620300
Egypt,EGY,2019,357688200
Egypt,EGY,2020,331725660
Egypt,EGY,2021,360984480
Egypt,EGY,2022,371285150
Egypt,EGY,2023,367538300
El Salvador,SLV,1850,3197231.8
El Salvador,SLV,1851,3373006
El Salvador,SLV,1852,3917109
El Salvador,SLV,1853,4125627
El Salvador,SLV,1854,3483800.5
El Salvador,SLV,1855,3286757.8
El Salvador,SLV,1856,3213208.2
El Salvador,SLV,1857,3306189.8
El Salvador,SLV,1858,3582928.5
El Salvador,SLV,1859,4205240.5
El Salvador,SLV,1860,3413531.2
El Salvador,SLV,1861,2929824.8
El Salvador,SLV,1862,3866062.5
El Salvador,SLV,1863,3008745.8
El Salvador,SLV,1864,3231662
El Salvador,SLV,1865,2909818.5
El Salvador,SLV,1866,3054061.2
El Salvador,SLV,1867,3814890.2
El Salvador,SLV,1868,3189316.8
El Salvador,SLV,1869,3144343.5
El Salvador,SLV,1870,3294391
El Salvador,SLV,1871,3492509
El Salvador,SLV,1872,3927978.5
El Salvador,SLV,1873,3422533.5
El Salvador,SLV,1874,3912704
El Salvador,SLV,1875,4406172.5
El Salvador,SLV,1876,3895333.2
El Salvador,SLV,1877,3780559.8
El Salvador,SLV,1878,3708591
El Salvador,SLV,1879,4162262.8
El Salvador,SLV,1880,3986475.2
El Salvador,SLV,1881,4004263
El Salvador,SLV,1882,4245854.5
El Salvador,SLV,1883,4055737.8
El Salvador,SLV,1884,3980442.2
El Salvador,SLV,1885,4201595.5
El Salvador,SLV,1886,3748745.8
El Salvador,SLV,1887,3977402.5
El Salvador,SLV,1888,5006816
El Salvador,SLV,1889,4037158.5
El Salvador,SLV,1890,3708208.2
El Salvador,SLV,1891,3785449.8
El Salvador,SLV,1892,3728709.2
El Salvador,SLV,1893,4214432
El Salvador,SLV,1894,3660534.5
El Salvador,SLV,1895,3993647.8
El Salvador,SLV,1896,3700457.2
El Salvador,SLV,1897,3487217
El Salvador,SLV,1898,3936225
El Salvador,SLV,1899,3637162
El Salvador,SLV,1900,4117010
El Salvador,SLV,1901,5126420
El Salvador,SLV,1902,5605273.5
El Salvador,SLV,1903,5763954.5
El Salvador,SLV,1904,5775213
El Salvador,SLV,1905,6516237
El Salvador,SLV,1906,6526110
El Salvador,SLV,1907,6238363
El Salvador,SLV,1908,6858351
El Salvador,SLV,1909,6562287
El Salvador,SLV,1910,7044885.5
El Salvador,SLV,1911,9782913
El Salvador,SLV,1912,8536818
El Salvador,SLV,1913,9256865
El Salvador,SLV,1914,10357250
El Salvador,SLV,1915,9042001
El Salvador,SLV,1916,9797052
El Salvador,SLV,1917,9603028
El Salvador,SLV,1918,9892736
El Salvador,SLV,1919,10053340
El Salvador,SLV,1920,8815021
El Salvador,SLV,1921,7518090.5
El Salvador,SLV,1922,6579888.5
El Salvador,SLV,1923,6121746.5
El Salvador,SLV,1924,5919816.5
El Salvador,SLV,1925,5822388
El Salvador,SLV,1926,5385005.5
El Salvador,SLV,1927,5102901
El Salvador,SLV,1928,5122044
El Salvador,SLV,1929,5025386.5
El Salvador,SLV,1930,5174315
El Salvador,SLV,1931,5391006
El Salvador,SLV,1932,6658907.5
El Salvador,SLV,1933,6230954
El Salvador,SLV,1934,7775209.5
El Salvador,SLV,1935,7455568
El Salvador,SLV,1936,7054776
El Salvador,SLV,1937,7621746
El Salvador,SLV,1938,8205513.5
El Salvador,SLV,1939,7952748
El Salvador,SLV,1940,7977888
El Salvador,SLV,1941,8207493
El Salvador,SLV,1942,8233191
El Salvador,SLV,1943,8376785.5
El Salvador,SLV,1944,8119413
El Salvador,SLV,1945,8168852.5
El Salvador,SLV,1946,8662657
El Salvador,SLV,1947,7827449
El Salvador,SLV,1948,7732213.5
El Salvador,SLV,1949,8166856.5
El Salvador,SLV,1950,8476682
El Salvador,SLV,1951,8302379
El Salvador,SLV,1952,8374136
El Salvador,SLV,1953,8867750
El Salvador,SLV,1954,8977116
El Salvador,SLV,1955,9726081
El Salvador,SLV,1956,10276465
El Salvador,SLV,1957,10410666
El Salvador,SLV,1958,10277390
El Salvador,SLV,1959,11108419
El Salvador,SLV,1960,9719801
El Salvador,SLV,1961,9896888
El Salvador,SLV,1962,10183809
El Salvador,SLV,1963,10607721
El Salvador,SLV,1964,10138688
El Salvador,SLV,1965,9487999
El Salvador,SLV,1966,9330007
El Salvador,SLV,1967,9174057
El Salvador,SLV,1968,8670688
El Salvador,SLV,1969,8234909
El Salvador,SLV,1970,11683662
El Salvador,SLV,1971,12319900
El Salvador,SLV,1972,11853451
El Salvador,SLV,1973,11229932
El Salvador,SLV,1974,11483573
El Salvador,SLV,1975,11620054
El Salvador,SLV,1976,12432153
El Salvador,SLV,1977,14350466
El Salvador,SLV,1978,16300292
El Salvador,SLV,1979,15588384
El Salvador,SLV,1980,12557515
El Salvador,SLV,1981,10985786
El Salvador,SLV,1982,10496135
El Salvador,SLV,1983,13423603
El Salvador,SLV,1984,11128452
El Salvador,SLV,1985,12565860
El Salvador,SLV,1986,11708203
El Salvador,SLV,1987,14183782
El Salvador,SLV,1988,11134827
El Salvador,SLV,1989,11472901
El Salvador,SLV,1990,12303211
El Salvador,SLV,1991,13864222
El Salvador,SLV,1992,13760291
El Salvador,SLV,1993,13840244
El Salvador,SLV,1994,15022789
El Salvador,SLV,1995,13979388
El Salvador,SLV,1996,14116503
El Salvador,SLV,1997,16940040
El Salvador,SLV,1998,17970080
El Salvador,SLV,1999,19169026
El Salvador,SLV,2000,15840859
El Salvador,SLV,2001,13236869
El Salvador,SLV,2002,12001373
El Salvador,SLV,2003,12116021
El Salvador,SLV,2004,10196502
El Salvador,SLV,2005,9929767
El Salvador,SLV,2006,11853314
El Salvador,SLV,2007,11717513
El Salvador,SLV,2008,10945380
El Salvador,SLV,2009,10969564
El Salvador,SLV,2010,10723184
El Salvador,SLV,2011,10289798
El Salvador,SLV,2012,10541348
El Salvador,SLV,2013,9811194
El Salvador,SLV,2014,11036112
El Salvador,SLV,2015,10648264
El Salvador,SLV,2016,10212302
El Salvador,SLV,2017,9297571
El Salvador,SLV,2018,9486578
El Salvador,SLV,2019,10405406
El Salvador,SLV,2020,9005469
El Salvador,SLV,2021,10187419
El Salvador,SLV,2022,10461544
El Salvador,SLV,2023,10808799
Equatorial Guinea,GNQ,1850,-18615.871
Equatorial Guinea,GNQ,1851,1021623.44
Equatorial Guinea,GNQ,1852,-1020464.06
Equatorial Guinea,GNQ,1853,-421472.56
Equatorial Guinea,GNQ,1854,-28037.197
Equatorial Guinea,GNQ,1855,-2220888.2
Equatorial Guinea,GNQ,1856,-668945.06
Equatorial Guinea,GNQ,1857,470516.53
Equatorial Guinea,GNQ,1858,-166134.58
Equatorial Guinea,GNQ,1859,3482081
Equatorial Guinea,GNQ,1860,1185897.8
Equatorial Guinea,GNQ,1861,-944429
Equatorial Guinea,GNQ,1862,-2148099
Equatorial Guinea,GNQ,1863,1136581.2
Equatorial Guinea,GNQ,1864,143251.28
Equatorial Guinea,GNQ,1865,668103.44
Equatorial Guinea,GNQ,1866,789745.2
Equatorial Guinea,GNQ,1867,-1232397.4
Equatorial Guinea,GNQ,1868,-2842217
Equatorial Guinea,GNQ,1869,1253978.6
Equatorial Guinea,GNQ,1870,-195111.78
Equatorial Guinea,GNQ,1871,656596.9
Equatorial Guinea,GNQ,1872,1190232.2
Equatorial Guinea,GNQ,1873,541927.6
Equatorial Guinea,GNQ,1874,70270.85
Equatorial Guinea,GNQ,1875,-1530501.5
Equatorial Guinea,GNQ,1876,209996.88
Equatorial Guinea,GNQ,1877,-429383
Equatorial Guinea,GNQ,1878,-552272.6
Equatorial Guinea,GNQ,1879,10443.72
Equatorial Guinea,GNQ,1880,-859773.1
Equatorial Guinea,GNQ,1881,-1506824.4
Equatorial Guinea,GNQ,1882,1930642
Equatorial Guinea,GNQ,1883,1316110
Equatorial Guinea,GNQ,1884,261661.06
Equatorial Guinea,GNQ,1885,1631399
Equatorial Guinea,GNQ,1886,594825.6
Equatorial Guinea,GNQ,1887,199226.28
Equatorial Guinea,GNQ,1888,457178.1
Equatorial Guinea,GNQ,1889,176883.14
Equatorial Guinea,GNQ,1890,-899364.56
Equatorial Guinea,GNQ,1891,3202377.5
Equatorial Guinea,GNQ,1892,-1791509.6
Equatorial Guinea,GNQ,1893,2203.3782
Equatorial Guinea,GNQ,1894,-830352.9
Equatorial Guinea,GNQ,1895,-1577983.2
Equatorial Guinea,GNQ,1896,2511932.2
Equatorial Guinea,GNQ,1897,-320113.12
Equatorial Guinea,GNQ,1898,73621.375
Equatorial Guinea,GNQ,1899,688564.3
Equatorial Guinea,GNQ,1900,2301447
Equatorial Guinea,GNQ,1901,-226393.45
Equatorial Guinea,GNQ,1902,-633032.2
Equatorial Guinea,GNQ,1903,-55380.7
Equatorial Guinea,GNQ,1904,815045
Equatorial Guinea,GNQ,1905,836606.7
Equatorial Guinea,GNQ,1906,-515526.94
Equatorial Guinea,GNQ,1907,-476071.06
Equatorial Guinea,GNQ,1908,309405.22
Equatorial Guinea,GNQ,1909,708679.94
Equatorial Guinea,GNQ,1910,134565.72
Equatorial Guinea,GNQ,1911,815118.56
Equatorial Guinea,GNQ,1912,1209998.4
Equatorial Guinea,GNQ,1913,-395476.06
Equatorial Guinea,GNQ,1914,592497.2
Equatorial Guinea,GNQ,1915,5251064.5
Equatorial Guinea,GNQ,1916,2188270.5
Equatorial Guinea,GNQ,1917,1447868.1
Equatorial Guinea,GNQ,1918,154933.92
Equatorial Guinea,GNQ,1919,-503481.6
Equatorial Guinea,GNQ,1920,61057.133
Equatorial Guinea,GNQ,1921,-1576019.8
Equatorial Guinea,GNQ,1922,1282505.5
Equatorial Guinea,GNQ,1923,-181859.19
Equatorial Guinea,GNQ,1924,746883.9
Equatorial Guinea,GNQ,1925,993159.56
Equatorial Guinea,GNQ,1926,394666.53
Equatorial Guinea,GNQ,1927,1717234.4
Equatorial Guinea,GNQ,1928,-471086.28
Equatorial Guinea,GNQ,1929,-1390254.8
Equatorial Guinea,GNQ,1930,351821.06
Equatorial Guinea,GNQ,1931,2245816.8
Equatorial Guinea,GNQ,1932,3366554.5
Equatorial Guinea,GNQ,1933,2698238
Equatorial Guinea,GNQ,1934,1176905.8
Equatorial Guinea,GNQ,1935,1658458.8
Equatorial Guinea,GNQ,1936,986311.2
Equatorial Guinea,GNQ,1937,-1231989.1
Equatorial Guinea,GNQ,1938,4492891.5
Equatorial Guinea,GNQ,1939,1873316.1
Equatorial Guinea,GNQ,1940,-17071.99
Equatorial Guinea,GNQ,1941,1559137.2
Equatorial Guinea,GNQ,1942,1555980.5
Equatorial Guinea,GNQ,1943,2441492
Equatorial Guinea,GNQ,1944,783438.94
Equatorial Guinea,GNQ,1945,1635023.4
Equatorial Guinea,GNQ,1946,2384629
Equatorial Guinea,GNQ,1947,-597020.7
Equatorial Guinea,GNQ,1948,2324993
Equatorial Guinea,GNQ,1949,3007445.2
Equatorial Guinea,GNQ,1950,1511389.9
Equatorial Guinea,GNQ,1951,3792047
Equatorial Guinea,GNQ,1952,875684.44
Equatorial Guinea,GNQ,1953,452473.9
Equatorial Guinea,GNQ,1954,1886355.9
Equatorial Guinea,GNQ,1955,2307897.5
Equatorial Guinea,GNQ,1956,846620.1
Equatorial Guinea,GNQ,1957,-3131.2454
Equatorial Guinea,GNQ,1958,1514252.4
Equatorial Guinea,GNQ,1959,3084789.5
Equatorial Guinea,GNQ,1960,1316554.4
Equatorial Guinea,GNQ,1961,883714.5
Equatorial Guinea,GNQ,1962,1036026.7
Equatorial Guinea,GNQ,1963,-646896.6
Equatorial Guinea,GNQ,1964,3769360.5
Equatorial Guinea,GNQ,1965,959551.4
Equatorial Guinea,GNQ,1966,-1873561.1
Equatorial Guinea,GNQ,1967,2161215.8
Equatorial Guinea,GNQ,1968,5708.7305
Equatorial Guinea,GNQ,1969,1879254.8
Equatorial Guinea,GNQ,1970,150733.12
Equatorial Guinea,GNQ,1971,967128.6
Equatorial Guinea,GNQ,1972,283212.94
Equatorial Guinea,GNQ,1973,34057.28
Equatorial Guinea,GNQ,1974,-443805.88
Equatorial Guinea,GNQ,1975,1405438.4
Equatorial Guinea,GNQ,1976,-467560.8
Equatorial Guinea,GNQ,1977,1554253.8
Equatorial Guinea,GNQ,1978,-442466.38
Equatorial Guinea,GNQ,1979,478920.4
Equatorial Guinea,GNQ,1980,-1651607.1
Equatorial Guinea,GNQ,1981,421752.8
Equatorial Guinea,GNQ,1982,-524779.56
Equatorial Guinea,GNQ,1983,-980587.1
Equatorial Guinea,GNQ,1984,-1718087
Equatorial Guinea,GNQ,1985,1164844.5
Equatorial Guinea,GNQ,1986,-770903.8
Equatorial Guinea,GNQ,1987,677234.4
Equatorial Guinea,GNQ,1988,1420124.6
Equatorial Guinea,GNQ,1989,1535136.8
Equatorial Guinea,GNQ,1990,2803668.2
Equatorial Guinea,GNQ,1991,1678182.5
Equatorial Guinea,GNQ,1992,2173022.2
Equatorial Guinea,GNQ,1993,2803121.2
Equatorial Guinea,GNQ,1994,6717630
Equatorial Guinea,GNQ,1995,5190484
Equatorial Guinea,GNQ,1996,7881923.5
Equatorial Guinea,GNQ,1997,13055227
Equatorial Guinea,GNQ,1998,15503673
Equatorial Guinea,GNQ,1999,17045332
Equatorial Guinea,GNQ,2000,17763450
Equatorial Guinea,GNQ,2001,18502042
Equatorial Guinea,GNQ,2002,12633389
Equatorial Guinea,GNQ,2003,12913681
Equatorial Guinea,GNQ,2004,19691636
Equatorial Guinea,GNQ,2005,18339350
Equatorial Guinea,GNQ,2006,21332028
Equatorial Guinea,GNQ,2007,21794294
Equatorial Guinea,GNQ,2008,22415502
Equatorial Guinea,GNQ,2009,19484400
Equatorial Guinea,GNQ,2010,18854088
Equatorial Guinea,GNQ,2011,19746154
Equatorial Guinea,GNQ,2012,21526648
Equatorial Guinea,GNQ,2013,24661658
Equatorial Guinea,GNQ,2014,19476222
Equatorial Guinea,GNQ,2015,22881800
Equatorial Guinea,GNQ,2016,20866104
Equatorial Guinea,GNQ,2017,20014480
Equatorial Guinea,GNQ,2018,18440924
Equatorial Guinea,GNQ,2019,15104453
Equatorial Guinea,GNQ,2020,16293988
Equatorial Guinea,GNQ,2021,17513030
Equatorial Guinea,GNQ,2022,15413941
Equatorial Guinea,GNQ,2023,14463523
Eritrea,ERI,1850,199404.62
Eritrea,ERI,1851,204951.72
Eritrea,ERI,1852,200380.47
Eritrea,ERI,1853,197507.34
Eritrea,ERI,1854,201865.05
Eritrea,ERI,1855,204357.78
Eritrea,ERI,1856,208118.36
Eritrea,ERI,1857,203006.73
Eritrea,ERI,1858,205355.27
Eritrea,ERI,1859,225203.39
Eritrea,ERI,1860,217163.4
Eritrea,ERI,1861,216201.6
Eritrea,ERI,1862,218909.3
Eritrea,ERI,1863,212458.6
Eritrea,ERI,1864,217957.33
Eritrea,ERI,1865,216586.11
Eritrea,ERI,1866,211439.19
Eritrea,ERI,1867,213708.28
Eritrea,ERI,1868,214662.11
Eritrea,ERI,1869,216039.23
Eritrea,ERI,1870,214888.36
Eritrea,ERI,1871,218785.44
Eritrea,ERI,1872,236447
Eritrea,ERI,1873,247723.48
Eritrea,ERI,1874,246193.53
Eritrea,ERI,1875,243312.64
Eritrea,ERI,1876,250765.77
Eritrea,ERI,1877,254000.27
Eritrea,ERI,1878,261592.5
Eritrea,ERI,1879,264779
Eritrea,ERI,1880,269589.66
Eritrea,ERI,1881,273177.97
Eritrea,ERI,1882,275584.06
Eritrea,ERI,1883,293977
Eritrea,ERI,1884,286342.9
Eritrea,ERI,1885,283609.16
Eritrea,ERI,1886,307570.5
Eritrea,ERI,1887,298039.75
Eritrea,ERI,1888,301213.9
Eritrea,ERI,1889,303557.72
Eritrea,ERI,1890,311974.53
Eritrea,ERI,1891,318622.03
Eritrea,ERI,1892,321797.25
Eritrea,ERI,1893,321415.78
Eritrea,ERI,1894,346457.9
Eritrea,ERI,1895,331867.34
Eritrea,ERI,1896,331329
Eritrea,ERI,1897,336111.4
Eritrea,ERI,1898,335990.1
Eritrea,ERI,1899,346095.5
Eritrea,ERI,1900,370474.38
Eritrea,ERI,1901,366125.5
Eritrea,ERI,1902,373578.53
Eritrea,ERI,1903,379634.22
Eritrea,ERI,1904,377917.7
Eritrea,ERI,1905,395991.62
Eritrea,ERI,1906,390465.66
Eritrea,ERI,1907,403540.34
Eritrea,ERI,1908,408908.75
Eritrea,ERI,1909,409759.03
Eritrea,ERI,1910,434277.16
Eritrea,ERI,1911,446676.66
Eritrea,ERI,1912,477008.2
Eritrea,ERI,1913,487837.4
Eritrea,ERI,1914,506346.16
Eritrea,ERI,1915,511084
Eritrea,ERI,1916,531759.06
Eritrea,ERI,1917,546939.25
Eritrea,ERI,1918,558153.06
Eritrea,ERI,1919,573538.94
Eritrea,ERI,1920,648571.56
Eritrea,ERI,1921,695796.4
Eritrea,ERI,1922,700507.1
Eritrea,ERI,1923,714903.9
Eritrea,ERI,1924,733368.2
Eritrea,ERI,1925,758620.2
Eritrea,ERI,1926,788268.94
Eritrea,ERI,1927,787652.8
Eritrea,ERI,1928,830976.75
Eritrea,ERI,1929,827492.8
Eritrea,ERI,1930,940633.7
Eritrea,ERI,1931,1013765.4
Eritrea,ERI,1932,1033278.2
Eritrea,ERI,1933,1090688.5
Eritrea,ERI,1934,1083186.1
Eritrea,ERI,1935,1072465.2
Eritrea,ERI,1936,1086685.6
Eritrea,ERI,1937,1124557.5
Eritrea,ERI,1938,1114965.4
Eritrea,ERI,1939,1133137.5
Eritrea,ERI,1940,1778971.6
Eritrea,ERI,1941,2145700
Eritrea,ERI,1942,2414249.8
Eritrea,ERI,1943,2616185.8
Eritrea,ERI,1944,2810664.8
Eritrea,ERI,1945,3024913.8
Eritrea,ERI,1946,3201426.8
Eritrea,ERI,1947,3376391.5
Eritrea,ERI,1948,3529340.2
Eritrea,ERI,1949,3658298
Eritrea,ERI,1950,3096833.5
Eritrea,ERI,1951,2864712.8
Eritrea,ERI,1952,2727339
Eritrea,ERI,1953,2756184.8
Eritrea,ERI,1954,2695109.5
Eritrea,ERI,1955,2683182.5
Eritrea,ERI,1956,2673988.2
Eritrea,ERI,1957,2608895.2
Eritrea,ERI,1958,2635416.8
Eritrea,ERI,1959,2632863.2
Eritrea,ERI,1960,2146655
Eritrea,ERI,1961,4753974
Eritrea,ERI,1962,4607926.5
Eritrea,ERI,1963,4276893.5
Eritrea,ERI,1964,4740053.5
Eritrea,ERI,1965,4621373.5
Eritrea,ERI,1966,4561321.5
Eritrea,ERI,1967,4600951
Eritrea,ERI,1968,4905956
Eritrea,ERI,1969,4565569.5
Eritrea,ERI,1970,4840634.5
Eritrea,ERI,1971,4955397.5
Eritrea,ERI,1972,4607276
Eritrea,ERI,1973,4492241
Eritrea,ERI,1974,4394001
Eritrea,ERI,1975,4289812
Eritrea,ERI,1976,4283812.5
Eritrea,ERI,1977,4323807
Eritrea,ERI,1978,4376063
Eritrea,ERI,1979,4298144.5
Eritrea,ERI,1980,4212517.5
Eritrea,ERI,1981,4164056.2
Eritrea,ERI,1982,4127140.2
Eritrea,ERI,1983,4091365.2
Eritrea,ERI,1984,3988198
Eritrea,ERI,1985,4097683
Eritrea,ERI,1986,4227184.5
Eritrea,ERI,1987,4029645.8
Eritrea,ERI,1988,4043733.8
Eritrea,ERI,1989,4224566
Eritrea,ERI,1990,4395666.5
Eritrea,ERI,1991,4570790.5
Eritrea,ERI,1992,3362318.5
Eritrea,ERI,1993,2809926.8
Eritrea,ERI,1994,3974902.2
Eritrea,ERI,1995,3816645.8
Eritrea,ERI,1996,5209007
Eritrea,ERI,1997,8404380
Eritrea,ERI,1998,6840258.5
Eritrea,ERI,1999,8307576.5
Eritrea,ERI,2000,7426114.5
Eritrea,ERI,2001,6754993.5
Eritrea,ERI,2002,7411080.5
Eritrea,ERI,2003,7390493
Eritrea,ERI,2004,7709954
Eritrea,ERI,2005,8678650
Eritrea,ERI,2006,7549271
Eritrea,ERI,2007,7489601
Eritrea,ERI,2008,7794270.5
Eritrea,ERI,2009,7486366
Eritrea,ERI,2010,7303606
Eritrea,ERI,2011,7405007
Eritrea,ERI,2012,7405088.5
Eritrea,ERI,2013,7420155
Eritrea,ERI,2014,7389610.5
Eritrea,ERI,2015,7957087.5
Eritrea,ERI,2016,8542942
Eritrea,ERI,2017,8743069
Eritrea,ERI,2018,8934226
Eritrea,ERI,2019,9137800
Eritrea,ERI,2020,9230616
Eritrea,ERI,2021,9360310
Eritrea,ERI,2022,9390317
Eritrea,ERI,2023,9422809
Estonia,EST,1850,9115165
Estonia,EST,1851,9035910
Estonia,EST,1852,8958224
Estonia,EST,1853,8973378
Estonia,EST,1854,9094536
Estonia,EST,1855,9094907
Estonia,EST,1856,9109996
Estonia,EST,1857,9155717
Estonia,EST,1858,9272520
Estonia,EST,1859,9379076
Estonia,EST,1860,8039834.5
Estonia,EST,1861,7606321
Estonia,EST,1862,7492612
Estonia,EST,1863,7297096.5
Estonia,EST,1864,7083979
Estonia,EST,1865,6900666
Estonia,EST,1866,6840882.5
Estonia,EST,1867,6696195.5
Estonia,EST,1868,6460770
Estonia,EST,1869,6453145
Estonia,EST,1870,6430301.5
Estonia,EST,1871,6260896
Estonia,EST,1872,5998298
Estonia,EST,1873,5878104
Estonia,EST,1874,5944532
Estonia,EST,1875,5924263.5
Estonia,EST,1876,5863161
Estonia,EST,1877,5735090
Estonia,EST,1878,5784408.5
Estonia,EST,1879,5780232
Estonia,EST,1880,5773522.5
Estonia,EST,1881,5670168
Estonia,EST,1882,5688021
Estonia,EST,1883,5612200
Estonia,EST,1884,5535010
Estonia,EST,1885,5541631.5
Estonia,EST,1886,5459676
Estonia,EST,1887,5474513
Estonia,EST,1888,5347639
Estonia,EST,1889,5341726.5
Estonia,EST,1890,5504522
Estonia,EST,1891,5434523
Estonia,EST,1892,5116090.5
Estonia,EST,1893,5113389.5
Estonia,EST,1894,5357483
Estonia,EST,1895,5263965
Estonia,EST,1896,5207793
Estonia,EST,1897,5176893.5
Estonia,EST,1898,5275826
Estonia,EST,1899,5396104.5
Estonia,EST,1900,5402311
Estonia,EST,1901,5552042
Estonia,EST,1902,5290047
Estonia,EST,1903,5367043.5
Estonia,EST,1904,5366941
Estonia,EST,1905,5284522.5
Estonia,EST,1906,5433962
Estonia,EST,1907,5383824
Estonia,EST,1908,5275122
Estonia,EST,1909,5358795
Estonia,EST,1910,5429956.5
Estonia,EST,1911,5537032
Estonia,EST,1912,5362832
Estonia,EST,1913,5660110
Estonia,EST,1914,5551081
Estonia,EST,1915,5542809.5
Estonia,EST,1916,5473405.5
Estonia,EST,1917,5637634
Estonia,EST,1918,5201643
Estonia,EST,1919,4899947.5
Estonia,EST,1920,4686815.5
Estonia,EST,1921,4961744.5
Estonia,EST,1922,4867289.5
Estonia,EST,1923,5270471
Estonia,EST,1924,5109368
Estonia,EST,1925,5031916
Estonia,EST,1926,5293144
Estonia,EST,1927,5402360
Estonia,EST,1928,5688344.5
Estonia,EST,1929,5513610.5
Estonia,EST,1930,6057576
Estonia,EST,1931,6258804
Estonia,EST,1932,6518099.5
Estonia,EST,1933,6803674.5
Estonia,EST,1934,7067800
Estonia,EST,1935,7518419.5
Estonia,EST,1936,7955909
Estonia,EST,1937,7931650
Estonia,EST,1938,8163309
Estonia,EST,1939,8116570.5
Estonia,EST,1940,8805810
Estonia,EST,1941,7909606
Estonia,EST,1942,5888485
Estonia,EST,1943,5999405.5
Estonia,EST,1944,6884703
Estonia,EST,1945,7123200
Estonia,EST,1946,7538348
Estonia,EST,1947,8449400
Estonia,EST,1948,8831403
Estonia,EST,1949,9363032
Estonia,EST,1950,10385556
Estonia,EST,1951,11111871
Estonia,EST,1952,11899554
Estonia,EST,1953,12570794
Estonia,EST,1954,13499078
Estonia,EST,1955,14676807
Estonia,EST,1956,15966746
Estonia,EST,1957,16864870
Estonia,EST,1958,17677844
Estonia,EST,1959,17083596
Estonia,EST,1960,17872166
Estonia,EST,1961,19119576
Estonia,EST,1962,19582088
Estonia,EST,1963,20930896
Estonia,EST,1964,22085588
Estonia,EST,1965,23151028
Estonia,EST,1966,24584214
Estonia,EST,1967,25727188
Estonia,EST,1968,26465120
Estonia,EST,1969,27395184
Estonia,EST,1970,28637610
Estonia,EST,1971,30008096
Estonia,EST,1972,31538108
Estonia,EST,1973,32927542
Estonia,EST,1974,34092520
Estonia,EST,1975,35351660
Estonia,EST,1976,36574070
Estonia,EST,1977,37878890
Estonia,EST,1978,38940652
Estonia,EST,1979,39282976
Estonia,EST,1980,41023476
Estonia,EST,1981,40271884
Estonia,EST,1982,41082210
Estonia,EST,1983,41683148
Estonia,EST,1984,42033940
Estonia,EST,1985,45182356
Estonia,EST,1986,45170620
Estonia,EST,1987,44352090
Estonia,EST,1988,44117030
Estonia,EST,1989,44980524
Estonia,EST,1990,42265028
Estonia,EST,1991,39451256
Estonia,EST,1992,28733876
Estonia,EST,1993,21575392
Estonia,EST,1994,21213800
Estonia,EST,1995,19572080
Estonia,EST,1996,20727070
Estonia,EST,1997,21125602
Estonia,EST,1998,18911772
Estonia,EST,1999,18588602
Estonia,EST,2000,15875708
Estonia,EST,2001,15640743
Estonia,EST,2002,17556338
Estonia,EST,2003,17656162
Estonia,EST,2004,21721174
Estonia,EST,2005,19265068
Estonia,EST,2006,18701542
Estonia,EST,2007,22129846
Estonia,EST,2008,20912778
Estonia,EST,2009,18480896
Estonia,EST,2010,22656016
Estonia,EST,2011,22854364
Estonia,EST,2012,22178758
Estonia,EST,2013,24037074
Estonia,EST,2014,23965786
Estonia,EST,2015,21289860
Estonia,EST,2016,22339356
Estonia,EST,2017,23967850
Estonia,EST,2018,23466502
Estonia,EST,2019,17518988
Estonia,EST,2020,13254347
Estonia,EST,2021,14439487
Estonia,EST,2022,15698651
Estonia,EST,2023,13376935
Eswatini,SWZ,1850,234656.05
Eswatini,SWZ,1851,236362.6
Eswatini,SWZ,1852,239892.16
Eswatini,SWZ,1853,238057.36
Eswatini,SWZ,1854,233563.6
Eswatini,SWZ,1855,231158.97
Eswatini,SWZ,1856,231726.08
Eswatini,SWZ,1857,232978.1
Eswatini,SWZ,1858,233077.11
Eswatini,SWZ,1859,237146.78
Eswatini,SWZ,1860,245593.36
Eswatini,SWZ,1861,250160.83
Eswatini,SWZ,1862,255690.94
Eswatini,SWZ,1863,260198.34
Eswatini,SWZ,1864,259123.73
Eswatini,SWZ,1865,259431.14
Eswatini,SWZ,1866,261223.66
Eswatini,SWZ,1867,267517.34
Eswatini,SWZ,1868,274458.25
Eswatini,SWZ,1869,274436.75
Eswatini,SWZ,1870,303646.47
Eswatini,SWZ,1871,307276.4
Eswatini,SWZ,1872,313813.84
Eswatini,SWZ,1873,316322.22
Eswatini,SWZ,1874,329372.7
Eswatini,SWZ,1875,327772.78
Eswatini,SWZ,1876,331891.9
Eswatini,SWZ,1877,336817.84
Eswatini,SWZ,1878,337784.97
Eswatini,SWZ,1879,346479
Eswatini,SWZ,1880,336635.78
Eswatini,SWZ,1881,336574.84
Eswatini,SWZ,1882,339263.44
Eswatini,SWZ,1883,339410.9
Eswatini,SWZ,1884,347243.5
Eswatini,SWZ,1885,346167.12
Eswatini,SWZ,1886,351455.2
Eswatini,SWZ,1887,360006.25
Eswatini,SWZ,1888,353659.75
Eswatini,SWZ,1889,368326.7
Eswatini,SWZ,1890,387928.2
Eswatini,SWZ,1891,397271.38
Eswatini,SWZ,1892,406950.8
Eswatini,SWZ,1893,421536.47
Eswatini,SWZ,1894,421425
Eswatini,SWZ,1895,423909.53
Eswatini,SWZ,1896,426296.12
Eswatini,SWZ,1897,431304.44
Eswatini,SWZ,1898,438438.84
Eswatini,SWZ,1899,443091
Eswatini,SWZ,1900,466483.7
Eswatini,SWZ,1901,490547.3
Eswatini,SWZ,1902,488804.5
Eswatini,SWZ,1903,489110.84
Eswatini,SWZ,1904,503108.75
Eswatini,SWZ,1905,515024.66
Eswatini,SWZ,1906,534540.7
Eswatini,SWZ,1907,553220.6
Eswatini,SWZ,1908,541889.75
Eswatini,SWZ,1909,568863.44
Eswatini,SWZ,1910,566064.56
Eswatini,SWZ,1911,567419.25
Eswatini,SWZ,1912,571285.7
Eswatini,SWZ,1913,591544.8
Eswatini,SWZ,1914,604081.9
Eswatini,SWZ,1915,633247.6
Eswatini,SWZ,1916,621017.2
Eswatini,SWZ,1917,651766.75
Eswatini,SWZ,1918,661270
Eswatini,SWZ,1919,649393.1
Eswatini,SWZ,1920,704487.94
Eswatini,SWZ,1921,722620.9
Eswatini,SWZ,1922,740631.75
Eswatini,SWZ,1923,761116.25
Eswatini,SWZ,1924,783958.9
Eswatini,SWZ,1925,804693.2
Eswatini,SWZ,1926,797152.5
Eswatini,SWZ,1927,812792.3
Eswatini,SWZ,1928,822468.9
Eswatini,SWZ,1929,852310.2
Eswatini,SWZ,1930,872467.44
Eswatini,SWZ,1931,875395.3
Eswatini,SWZ,1932,902467.44
Eswatini,SWZ,1933,912863.6
Eswatini,SWZ,1934,925816.5
Eswatini,SWZ,1935,917424.56
Eswatini,SWZ,1936,958139.3
Eswatini,SWZ,1937,964398.3
Eswatini,SWZ,1938,969980.06
Eswatini,SWZ,1939,1008205.5
Eswatini,SWZ,1940,1822698.4
Eswatini,SWZ,1941,2219741.8
Eswatini,SWZ,1942,2525113
Eswatini,SWZ,1943,2720309.5
Eswatini,SWZ,1944,2856939.8
Eswatini,SWZ,1945,2987554.8
Eswatini,SWZ,1946,3139545.2
Eswatini,SWZ,1947,3277503.2
Eswatini,SWZ,1948,3348907
Eswatini,SWZ,1949,3465530.2
Eswatini,SWZ,1950,3029457.2
Eswatini,SWZ,1951,2999893.2
Eswatini,SWZ,1952,2986219.8
Eswatini,SWZ,1953,2945013.8
Eswatini,SWZ,1954,2994882.8
Eswatini,SWZ,1955,3020018
Eswatini,SWZ,1956,3073074.2
Eswatini,SWZ,1957,3050740.2
Eswatini,SWZ,1958,3072357.8
Eswatini,SWZ,1959,3417907.2
Eswatini,SWZ,1960,2724301.8
Eswatini,SWZ,1961,2794130.2
Eswatini,SWZ,1962,2299947
Eswatini,SWZ,1963,2240081
Eswatini,SWZ,1964,2436263
Eswatini,SWZ,1965,2658916.2
Eswatini,SWZ,1966,2577711.8
Eswatini,SWZ,1967,2335734.5
Eswatini,SWZ,1968,2131732.8
Eswatini,SWZ,1969,2149125
Eswatini,SWZ,1970,2206328
Eswatini,SWZ,1971,3069942.8
Eswatini,SWZ,1972,2899698.2
Eswatini,SWZ,1973,2532198
Eswatini,SWZ,1974,2658202.2
Eswatini,SWZ,1975,2617908.8
Eswatini,SWZ,1976,2337019.2
Eswatini,SWZ,1977,3894967
Eswatini,SWZ,1978,3250172.5
Eswatini,SWZ,1979,2865939.8
Eswatini,SWZ,1980,1343568.9
Eswatini,SWZ,1981,2048444.1
Eswatini,SWZ,1982,2147809
Eswatini,SWZ,1983,3862149.5
Eswatini,SWZ,1984,2803146.2
Eswatini,SWZ,1985,3001829.2
Eswatini,SWZ,1986,3185826.2
Eswatini,SWZ,1987,3297962.5
Eswatini,SWZ,1988,3509360.5
Eswatini,SWZ,1989,2957994.5
Eswatini,SWZ,1990,2835159.5
Eswatini,SWZ,1991,2709544
Eswatini,SWZ,1992,2623370.5
Eswatini,SWZ,1993,2393351.8
Eswatini,SWZ,1994,2368879.2
Eswatini,SWZ,1995,2373633.2
Eswatini,SWZ,1996,2438131
Eswatini,SWZ,1997,2394832
Eswatini,SWZ,1998,2299511.5
Eswatini,SWZ,1999,2368124.8
Eswatini,SWZ,2000,2551678.8
Eswatini,SWZ,2001,2170788.2
Eswatini,SWZ,2002,2088943.8
Eswatini,SWZ,2003,2102776
Eswatini,SWZ,2004,2151546.2
Eswatini,SWZ,2005,1978130.6
Eswatini,SWZ,2006,1991770.4
Eswatini,SWZ,2007,2091769.5
Eswatini,SWZ,2008,2054463.5
Eswatini,SWZ,2009,1945990.2
Eswatini,SWZ,2010,1756792.6
Eswatini,SWZ,2011,1649971
Eswatini,SWZ,2012,1687956.9
Eswatini,SWZ,2013,1709070.1
Eswatini,SWZ,2014,1685520.1
Eswatini,SWZ,2015,1653202.6
Eswatini,SWZ,2016,1702387.4
Eswatini,SWZ,2017,1672048.8
Eswatini,SWZ,2018,1674765.5
Eswatini,SWZ,2019,1752089.9
Eswatini,SWZ,2020,1618111.1
Eswatini,SWZ,2021,1654291.1
Eswatini,SWZ,2022,1650063.9
Eswatini,SWZ,2023,1696695.6
Ethiopia,ETH,1850,33525456
Ethiopia,ETH,1851,33319142
Ethiopia,ETH,1852,33248122
Ethiopia,ETH,1853,34669416
Ethiopia,ETH,1854,33874410
Ethiopia,ETH,1855,34488500
Ethiopia,ETH,1856,34221684
Ethiopia,ETH,1857,34439824
Ethiopia,ETH,1858,34467716
Ethiopia,ETH,1859,34976068
Ethiopia,ETH,1860,35925276
Ethiopia,ETH,1861,35498400
Ethiopia,ETH,1862,35897740
Ethiopia,ETH,1863,35875590
Ethiopia,ETH,1864,36046290
Ethiopia,ETH,1865,35708616
Ethiopia,ETH,1866,36344530
Ethiopia,ETH,1867,36772052
Ethiopia,ETH,1868,37135900
Ethiopia,ETH,1869,37776370
Ethiopia,ETH,1870,36638028
Ethiopia,ETH,1871,36782084
Ethiopia,ETH,1872,36761684
Ethiopia,ETH,1873,36747216
Ethiopia,ETH,1874,37736344
Ethiopia,ETH,1875,37922170
Ethiopia,ETH,1876,38167424
Ethiopia,ETH,1877,38195696
Ethiopia,ETH,1878,38592480
Ethiopia,ETH,1879,38837736
Ethiopia,ETH,1880,38899972
Ethiopia,ETH,1881,38662630
Ethiopia,ETH,1882,39401708
Ethiopia,ETH,1883,39396692
Ethiopia,ETH,1884,39811040
Ethiopia,ETH,1885,39058444
Ethiopia,ETH,1886,39705252
Ethiopia,ETH,1887,39639684
Ethiopia,ETH,1888,40371836
Ethiopia,ETH,1889,40234932
Ethiopia,ETH,1890,39905636
Ethiopia,ETH,1891,40209892
Ethiopia,ETH,1892,40763852
Ethiopia,ETH,1893,40715156
Ethiopia,ETH,1894,41728510
Ethiopia,ETH,1895,42009870
Ethiopia,ETH,1896,41637896
Ethiopia,ETH,1897,41739132
Ethiopia,ETH,1898,41901630
Ethiopia,ETH,1899,42801772
Ethiopia,ETH,1900,42016296
Ethiopia,ETH,1901,42200132
Ethiopia,ETH,1902,42021504
Ethiopia,ETH,1903,43636344
Ethiopia,ETH,1904,43508950
Ethiopia,ETH,1905,43822636
Ethiopia,ETH,1906,43932556
Ethiopia,ETH,1907,44256212
Ethiopia,ETH,1908,45104084
Ethiopia,ETH,1909,45139296
Ethiopia,ETH,1910,45250044
Ethiopia,ETH,1911,45504950
Ethiopia,ETH,1912,46752620
Ethiopia,ETH,1913,46437476
Ethiopia,ETH,1914,48328024
Ethiopia,ETH,1915,48780052
Ethiopia,ETH,1916,50412170
Ethiopia,ETH,1917,50150450
Ethiopia,ETH,1918,49529228
Ethiopia,ETH,1919,50319460
Ethiopia,ETH,1920,51253900
Ethiopia,ETH,1921,52029976
Ethiopia,ETH,1922,52713410
Ethiopia,ETH,1923,53306708
Ethiopia,ETH,1924,54382652
Ethiopia,ETH,1925,54677290
Ethiopia,ETH,1926,55836200
Ethiopia,ETH,1927,56239932
Ethiopia,ETH,1928,57066456
Ethiopia,ETH,1929,58597430
Ethiopia,ETH,1930,58892950
Ethiopia,ETH,1931,59044428
Ethiopia,ETH,1932,59608444
Ethiopia,ETH,1933,59727076
Ethiopia,ETH,1934,60273916
Ethiopia,ETH,1935,61914720
Ethiopia,ETH,1936,62169516
Ethiopia,ETH,1937,62272140
Ethiopia,ETH,1938,62941236
Ethiopia,ETH,1939,63632940
Ethiopia,ETH,1940,64700730
Ethiopia,ETH,1941,65901016
Ethiopia,ETH,1942,68103800
Ethiopia,ETH,1943,70239656
Ethiopia,ETH,1944,74365600
Ethiopia,ETH,1945,78071500
Ethiopia,ETH,1946,81243060
Ethiopia,ETH,1947,84185200
Ethiopia,ETH,1948,86623710
Ethiopia,ETH,1949,89002744
Ethiopia,ETH,1950,127183280
Ethiopia,ETH,1951,121389540
Ethiopia,ETH,1952,116722380
Ethiopia,ETH,1953,114939304
Ethiopia,ETH,1954,116323060
Ethiopia,ETH,1955,117078840
Ethiopia,ETH,1956,119206880
Ethiopia,ETH,1957,122466110
Ethiopia,ETH,1958,126130260
Ethiopia,ETH,1959,129927510
Ethiopia,ETH,1960,133418380
Ethiopia,ETH,1961,143795070
Ethiopia,ETH,1962,134856200
Ethiopia,ETH,1963,123828780
Ethiopia,ETH,1964,135022400
Ethiopia,ETH,1965,130450856
Ethiopia,ETH,1966,128696340
Ethiopia,ETH,1967,129918660
Ethiopia,ETH,1968,135226380
Ethiopia,ETH,1969,125847190
Ethiopia,ETH,1970,130032936
Ethiopia,ETH,1971,132438470
Ethiopia,ETH,1972,122512616
Ethiopia,ETH,1973,117582310
Ethiopia,ETH,1974,113344230
Ethiopia,ETH,1975,110105710
Ethiopia,ETH,1976,108744696
Ethiopia,ETH,1977,109397656
Ethiopia,ETH,1978,106212120
Ethiopia,ETH,1979,103374936
Ethiopia,ETH,1980,99750290
Ethiopia,ETH,1981,96222170
Ethiopia,ETH,1982,95880070
Ethiopia,ETH,1983,91295420
Ethiopia,ETH,1984,84971730
Ethiopia,ETH,1985,87085970
Ethiopia,ETH,1986,86885370
Ethiopia,ETH,1987,83070340
Ethiopia,ETH,1988,82365410
Ethiopia,ETH,1989,85779130
Ethiopia,ETH,1990,87240400
Ethiopia,ETH,1991,89623130
Ethiopia,ETH,1992,109669290
Ethiopia,ETH,1993,97424504
Ethiopia,ETH,1994,95590040
Ethiopia,ETH,1995,94523810
Ethiopia,ETH,1996,100373560
Ethiopia,ETH,1997,99790790
Ethiopia,ETH,1998,109270100
Ethiopia,ETH,1999,103654620
Ethiopia,ETH,2000,115401310
Ethiopia,ETH,2001,111918780
Ethiopia,ETH,2002,182348700
Ethiopia,ETH,2003,227570050
Ethiopia,ETH,2004,222180800
Ethiopia,ETH,2005,226492270
Ethiopia,ETH,2006,243635870
Ethiopia,ETH,2007,224674540
Ethiopia,ETH,2008,235445150
Ethiopia,ETH,2009,249528740
Ethiopia,ETH,2010,261563540
Ethiopia,ETH,2011,247504030
Ethiopia,ETH,2012,252422770
Ethiopia,ETH,2013,262003740
Ethiopia,ETH,2014,256107470
Ethiopia,ETH,2015,233165300
Ethiopia,ETH,2016,227382240
Ethiopia,ETH,2017,225022380
Ethiopia,ETH,2018,218033420
Ethiopia,ETH,2019,229835790
Ethiopia,ETH,2020,235379550
Ethiopia,ETH,2021,234984210
Ethiopia,ETH,2022,243286020
Ethiopia,ETH,2023,251393400
Europe,,1850,1314620000
Europe,,1851,1379242600
Europe,,1852,1370445600
Europe,,1853,1383037200
Europe,,1854,1459581000
Europe,,1855,1393384000
Europe,,1856,1488547500
Europe,,1857,1416388900
Europe,,1858,1419919700
Europe,,1859,1422053800
Europe,,1860,1405469700
Europe,,1861,1533442300
Europe,,1862,1545134200
Europe,,1863,1537662600
Europe,,1864,1547527700
Europe,,1865,1580727800
Europe,,1866,1626226400
Europe,,1867,1611444400
Europe,,1868,1620483000
Europe,,1869,1638706600
Europe,,1870,1724676100
Europe,,1871,1681822000
Europe,,1872,1836785400
Europe,,1873,1797849900
Europe,,1874,1871749400
Europe,,1875,1940359300
Europe,,1876,1942922000
Europe,,1877,1927345300
Europe,,1878,1939181800
Europe,,1879,1937024900
Europe,,1880,2105045100
Europe,,1881,2105467400
Europe,,1882,2193226000
Europe,,1883,2127215700
Europe,,1884,2278626600
Europe,,1885,2250686500
Europe,,1886,2190226700
Europe,,1887,2291468800
Europe,,1888,2280099300
Europe,,1889,2371707600
Europe,,1890,2501877000
Europe,,1891,2606534000
Europe,,1892,2600237000
Europe,,1893,2623359700
Europe,,1894,2712321800
Europe,,1895,2726009000
Europe,,1896,2720725800
Europe,,1897,2853986000
Europe,,1898,2903784700
Europe,,1899,2983160000
Europe,,1900,3143536000
Europe,,1901,3127415800
Europe,,1902,3211775700
Europe,,1903,3254706700
Europe,,1904,3311773400
Europe,,1905,3423049200
Europe,,1906,3501048800
Europe,,1907,3599360800
Europe,,1908,3674093300
Europe,,1909,3723687000
Europe,,1910,3567341000
Europe,,1911,3501428500
Europe,,1912,3465724000
Europe,,1913,3527058700
Europe,,1914,3301270800
Europe,,1915,3161478400
Europe,,1916,3245603800
Europe,,1917,3170348000
Europe,,1918,2966729000
Europe,,1919,2717525800
Europe,,1920,3013387300
Europe,,1921,2975629600
Europe,,1922,3117515000
Europe,,1923,3105628200
Europe,,1924,3380668700
Europe,,1925,3292549400
Europe,,1926,3051317200
Europe,,1927,3521542700
Europe,,1928,3535842300
Europe,,1929,3691231000
Europe,,1930,3702194200
Europe,,1931,3724403500
Europe,,1932,3626383000
Europe,,1933,3689457400
Europe,,1934,3912780800
Europe,,1935,3974509800
Europe,,1936,4167200500
Europe,,1937,4389585000
Europe,,1938,4408045600
Europe,,1939,4450051600
Europe,,1940,4249216000
Europe,,1941,4114506000
Europe,,1942,3848079000
Europe,,1943,3772756000
Europe,,1944,3641312000
Europe,,1945,2872036400
Europe,,1946,3240685000
Europe,,1947,3523156000
Europe,,1948,3600826000
Europe,,1949,3773207600
Europe,,1950,4104644900
Europe,,1951,4468864000
Europe,,1952,4643851000
Europe,,1953,4807780000
Europe,,1954,5118969000
Europe,,1955,5513057300
Europe,,1956,5837733400
Europe,,1957,6085570600
Europe,,1958,5984968700
Europe,,1959,6446993400
Europe,,1960,6530586000
Europe,,1961,6835447000
Europe,,1962,6804676600
Europe,,1963,7065706500
Europe,,1964,7249381000
Europe,,1965,7407645000
Europe,,1966,7600080000
Europe,,1967,7727437300
Europe,,1968,8010119000
Europe,,1969,8279507500
Europe,,1970,8672027000
Europe,,1971,8727801000
Europe,,1972,8922381000
Europe,,1973,9353734000
Europe,,1974,9342092000
Europe,,1975,9352077000
Europe,,1976,9820918000
Europe,,1977,9887857000
Europe,,1978,10150137000
Europe,,1979,10275278000
Europe,,1980,10380672000
Europe,,1981,9990085000
Europe,,1982,9881190000
Europe,,1983,9933633000
Europe,,1984,9980424000
Europe,,1985,10314017000
Europe,,1986,10319471000
Europe,,1987,10354145000
Europe,,1988,10371528000
Europe,,1989,10232595000
Europe,,1990,10425614000
Europe,,1991,10085080000
Europe,,1992,9219495000
Europe,,1993,8739315000
Europe,,1994,8343254500
Europe,,1995,8195193000
Europe,,1996,8640326000
Europe,,1997,7998389000
Europe,,1998,7839001000
Europe,,1999,7747328000
Europe,,2000,7607689700
Europe,,2001,7632794000
Europe,,2002,7581480400
Europe,,2003,7812687400
Europe,,2004,7888516000
Europe,,2005,7817842700
Europe,,2006,7960903000
Europe,,2007,7951957000
Europe,,2008,7862873000
Europe,,2009,7398559000
Europe,,2010,7853912000
Europe,,2011,7526967000
Europe,,2012,7775181300
Europe,,2013,7500068000
Europe,,2014,7151623700
Europe,,2015,7398364700
Europe,,2016,7367144000
Europe,,2017,7365581000
Europe,,2018,7393469400
Europe,,2019,7072725000
Europe,,2020,6693422000
Europe,,2021,7016046600
Europe,,2022,6968268300
Europe,,2023,6734118400
Europe (excl. EU-27),,1850,759534500
Europe (excl. EU-27),,1851,827067000
Europe (excl. EU-27),,1852,812551800
Europe (excl. EU-27),,1853,819402940
Europe (excl. EU-27),,1854,885687400
Europe (excl. EU-27),,1855,813447900
Europe (excl. EU-27),,1856,903436800
Europe (excl. EU-27),,1857,829372200
Europe (excl. EU-27),,1858,830348700
Europe (excl. EU-27),,1859,838864500
Europe (excl. EU-27),,1860,813861700
Europe (excl. EU-27),,1861,933511400
Europe (excl. EU-27),,1862,936581440
Europe (excl. EU-27),,1863,926121860
Europe (excl. EU-27),,1864,925900350
Europe (excl. EU-27),,1865,947592800
Europe (excl. EU-27),,1866,989771700
Europe (excl. EU-27),,1867,955050600
Europe (excl. EU-27),,1868,958029300
Europe (excl. EU-27),,1869,968963300
Europe (excl. EU-27),,1870,1050209300
Europe (excl. EU-27),,1871,988196860
Europe (excl. EU-27),,1872,1109395000
Europe (excl. EU-27),,1873,1047673300
Europe (excl. EU-27),,1874,1153325300
Europe (excl. EU-27),,1875,1179713700
Europe (excl. EU-27),,1876,1166211500
Europe (excl. EU-27),,1877,1154858600
Europe (excl. EU-27),,1878,1154776600
Europe (excl. EU-27),,1879,1135852200
Europe (excl. EU-27),,1880,1249694800
Europe (excl. EU-27),,1881,1250022500
Europe (excl. EU-27),,1882,1313937000
Europe (excl. EU-27),,1883,1222798600
Europe (excl. EU-27),,1884,1372563200
Europe (excl. EU-27),,1885,1338820100
Europe (excl. EU-27),,1886,1277537200
Europe (excl. EU-27),,1887,1348665300
Europe (excl. EU-27),,1888,1305524500
Europe (excl. EU-27),,1889,1370736000
Europe (excl. EU-27),,1890,1470112300
Europe (excl. EU-27),,1891,1550479600
Europe (excl. EU-27),,1892,1547072300
Europe (excl. EU-27),,1893,1558438300
Europe (excl. EU-27),,1894,1615489900
Europe (excl. EU-27),,1895,1609219500
Europe (excl. EU-27),,1896,1565113300
Europe (excl. EU-27),,1897,1658164500
Europe (excl. EU-27),,1898,1675117700
Europe (excl. EU-27),,1899,1716292000
Europe (excl. EU-27),,1900,1815301900
Europe (excl. EU-27),,1901,1800120800
Europe (excl. EU-27),,1902,1894198000
Europe (excl. EU-27),,1903,1880583600
Europe (excl. EU-27),,1904,1917335800
Europe (excl. EU-27),,1905,1985333400
Europe (excl. EU-27),,1906,2042535800
Europe (excl. EU-27),,1907,2012090900
Europe (excl. EU-27),,1908,2053641600
Europe (excl. EU-27),,1909,2110039800
Europe (excl. EU-27),,1910,1955140700
Europe (excl. EU-27),,1911,1874057700
Europe (excl. EU-27),,1912,1770182900
Europe (excl. EU-27),,1913,1748097500
Europe (excl. EU-27),,1914,1720595300
Europe (excl. EU-27),,1915,1677896300
Europe (excl. EU-27),,1916,1716731900
Europe (excl. EU-27),,1917,1651064700
Europe (excl. EU-27),,1918,1512373600
Europe (excl. EU-27),,1919,1482322700
Europe (excl. EU-27),,1920,1571823000
Europe (excl. EU-27),,1921,1488866200
Europe (excl. EU-27),,1922,1585244900
Europe (excl. EU-27),,1923,1674458800
Europe (excl. EU-27),,1924,1754460300
Europe (excl. EU-27),,1925,1648229900
Europe (excl. EU-27),,1926,1441312400
Europe (excl. EU-27),,1927,1778182800
Europe (excl. EU-27),,1928,1760393000
Europe (excl. EU-27),,1929,1789923700
Europe (excl. EU-27),,1930,1926730900
Europe (excl. EU-27),,1931,2071664000
Europe (excl. EU-27),,1932,2104592900
Europe (excl. EU-27),,1933,2136436500
Europe (excl. EU-27),,1934,2290297300
Europe (excl. EU-27),,1935,2303569400
Europe (excl. EU-27),,1936,2452981000
Europe (excl. EU-27),,1937,2533628400
Europe (excl. EU-27),,1938,2536487700
Europe (excl. EU-27),,1939,2545079000
Europe (excl. EU-27),,1940,2319883500
Europe (excl. EU-27),,1941,2214469400
Europe (excl. EU-27),,1942,1922461400
Europe (excl. EU-27),,1943,1826223600
Europe (excl. EU-27),,1944,1902972700
Europe (excl. EU-27),,1945,1823693300
Europe (excl. EU-27),,1946,1813061600
Europe (excl. EU-27),,1947,1912186100
Europe (excl. EU-27),,1948,1870036000
Europe (excl. EU-27),,1949,1896667900
Europe (excl. EU-27),,1950,2142890600
Europe (excl. EU-27),,1951,2334781200
Europe (excl. EU-27),,1952,2416211500
Europe (excl. EU-27),,1953,2546063600
Europe (excl. EU-27),,1954,2739667200
Europe (excl. EU-27),,1955,2971818000
Europe (excl. EU-27),,1956,3141591800
Europe (excl. EU-27),,1957,3307791400
Europe (excl. EU-27),,1958,3215270700
Europe (excl. EU-27),,1959,3644816100
Europe (excl. EU-27),,1960,3551183000
Europe (excl. EU-27),,1961,3729465600
Europe (excl. EU-27),,1962,3517798100
Europe (excl. EU-27),,1963,3607978800
Europe (excl. EU-27),,1964,3648444400
Europe (excl. EU-27),,1965,3758770700
Europe (excl. EU-27),,1966,3839121200
Europe (excl. EU-27),,1967,3882139400
Europe (excl. EU-27),,1968,3944949000
Europe (excl. EU-27),,1969,4000234800
Europe (excl. EU-27),,1970,4282385200
Europe (excl. EU-27),,1971,4244154000
Europe (excl. EU-27),,1972,4313406000
Europe (excl. EU-27),,1973,4538703000
Europe (excl. EU-27),,1974,4533893000
Europe (excl. EU-27),,1975,4616568000
Europe (excl. EU-27),,1976,4801033000
Europe (excl. EU-27),,1977,4904471000
Europe (excl. EU-27),,1978,5023483000
Europe (excl. EU-27),,1979,5028691500
Europe (excl. EU-27),,1980,5181765600
Europe (excl. EU-27),,1981,5034670000
Europe (excl. EU-27),,1982,5005870000
Europe (excl. EU-27),,1983,5090403000
Europe (excl. EU-27),,1984,5097092600
Europe (excl. EU-27),,1985,5376689000
Europe (excl. EU-27),,1986,5411917000
Europe (excl. EU-27),,1987,5430953500
Europe (excl. EU-27),,1988,5508172000
Europe (excl. EU-27),,1989,5341016000
Europe (excl. EU-27),,1990,5549264000
Europe (excl. EU-27),,1991,5278136300
Europe (excl. EU-27),,1992,4604478000
Europe (excl. EU-27),,1993,4238214100
Europe (excl. EU-27),,1994,3885331200
Europe (excl. EU-27),,1995,3693226200
Europe (excl. EU-27),,1996,4059040500
Europe (excl. EU-27),,1997,3509875700
Europe (excl. EU-27),,1998,3389766400
Europe (excl. EU-27),,1999,3388491000
Europe (excl. EU-27),,2000,3293145000
Europe (excl. EU-27),,2001,3289788400
Europe (excl. EU-27),,2002,3244135200
Europe (excl. EU-27),,2003,3384729300
Europe (excl. EU-27),,2004,3447026400
Europe (excl. EU-27),,2005,3403810600
Europe (excl. EU-27),,2006,3556422100
Europe (excl. EU-27),,2007,3552408800
Europe (excl. EU-27),,2008,3577325300
Europe (excl. EU-27),,2009,3422192400
Europe (excl. EU-27),,2010,3776682000
Europe (excl. EU-27),,2011,3547069700
Europe (excl. EU-27),,2012,3864630800
Europe (excl. EU-27),,2013,3679313000
Europe (excl. EU-27),,2014,3476046600
Europe (excl. EU-27),,2015,3659700000
Europe (excl. EU-27),,2016,3635228000
Europe (excl. EU-27),,2017,3599385000
Europe (excl. EU-27),,2018,3684201000
Europe (excl. EU-27),,2019,3531109400
Europe (excl. EU-27),,2020,3451456500
Europe (excl. EU-27),,2021,3597004800
Europe (excl. EU-27),,2022,3626914300
Europe (excl. EU-27),,2023,3628953000
Europe (excl. EU-28),,1850,561239740
Europe (excl. EU-28),,1851,637631500
Europe (excl. EU-28),,1852,625587140
Europe (excl. EU-28),,1853,633029200
Europe (excl. EU-28),,1854,670497660
Europe (excl. EU-28),,1855,610230850
Europe (excl. EU-28),,1856,690512100
Europe (excl. EU-28),,1857,620229100
Europe (excl. EU-28),,1858,625296200
Europe (excl. EU-28),,1859,617244800
Europe (excl. EU-28),,1860,566774400
Europe (excl. EU-28),,1861,676059970
Europe (excl. EU-28),,1862,681928600
Europe (excl. EU-28),,1863,655369900
Europe (excl. EU-28),,1864,636902600
Europe (excl. EU-28),,1865,643973000
Europe (excl. EU-28),,1866,676549400
Europe (excl. EU-28),,1867,633048450
Europe (excl. EU-28),,1868,639707600
Europe (excl. EU-28),,1869,639324000
Europe (excl. EU-28),,1870,712773300
Europe (excl. EU-28),,1871,636994400
Europe (excl. EU-28),,1872,745166400
Europe (excl. EU-28),,1873,670178900
Europe (excl. EU-28),,1874,782079200
Europe (excl. EU-28),,1875,792770700
Europe (excl. EU-28),,1876,782244600
Europe (excl. EU-28),,1877,764649700
Europe (excl. EU-28),,1878,770576800
Europe (excl. EU-28),,1879,750308540
Europe (excl. EU-28),,1880,831663040
Europe (excl. EU-28),,1881,818469900
Europe (excl. EU-28),,1882,877137100
Europe (excl. EU-28),,1883,769763300
Europe (excl. EU-28),,1884,929922940
Europe (excl. EU-28),,1885,902545000
Europe (excl. EU-28),,1886,843892300
Europe (excl. EU-28),,1887,904615700
Europe (excl. EU-28),,1888,846018100
Europe (excl. EU-28),,1889,899441340
Europe (excl. EU-28),,1890,986529340
Europe (excl. EU-28),,1891,1058645700
Europe (excl. EU-28),,1892,1065164800
Europe (excl. EU-28),,1893,1116899800
Europe (excl. EU-28),,1894,1117023600
Europe (excl. EU-28),,1895,1107309000
Europe (excl. EU-28),,1896,1052909060
Europe (excl. EU-28),,1897,1133201400
Europe (excl. EU-28),,1898,1149220500
Europe (excl. EU-28),,1899,1158025700
Europe (excl. EU-28),,1900,1246543500
Europe (excl. EU-28),,1901,1243232000
Europe (excl. EU-28),,1902,1319414000
Europe (excl. EU-28),,1903,1303312300
Europe (excl. EU-28),,1904,1334989300
Europe (excl. EU-28),,1905,1394088800
Europe (excl. EU-28),,1906,1433979800
Europe (excl. EU-28),,1907,1381928700
Europe (excl. EU-28),,1908,1436698400
Europe (excl. EU-28),,1909,1488421800
Europe (excl. EU-28),,1910,1330696300
Europe (excl. EU-28),,1911,1232809000
Europe (excl. EU-28),,1912,1163545700
Europe (excl. EU-28),,1913,1091180000
Europe (excl. EU-28),,1914,1081111200
Europe (excl. EU-28),,1915,1030909630
Europe (excl. EU-28),,1916,1050761540
Europe (excl. EU-28),,1917,992612500
Europe (excl. EU-28),,1918,895922200
Europe (excl. EU-28),,1919,878460300
Europe (excl. EU-28),,1920,942500600
Europe (excl. EU-28),,1921,1031419600
Europe (excl. EU-28),,1922,1003691650
Europe (excl. EU-28),,1923,1060082400
Europe (excl. EU-28),,1924,1115345200
Europe (excl. EU-28),,1925,1040032300
Europe (excl. EU-28),,1926,1068160900
Europe (excl. EU-28),,1927,1147484700
Europe (excl. EU-28),,1928,1161077500
Europe (excl. EU-28),,1929,1161141400
Europe (excl. EU-28),,1930,1320868100
Europe (excl. EU-28),,1931,1501157800
Europe (excl. EU-28),,1932,1552038900
Europe (excl. EU-28),,1933,1584876000
Europe (excl. EU-28),,1934,1700539400
Europe (excl. EU-28),,1935,1707026200
Europe (excl. EU-28),,1936,1827124200
Europe (excl. EU-28),,1937,1889088100
Europe (excl. EU-28),,1938,1913040600
Europe (excl. EU-28),,1939,1919088400
Europe (excl. EU-28),,1940,1662645600
Europe (excl. EU-28),,1941,1555943200
Europe (excl. EU-28),,1942,1267769600
Europe (excl. EU-28),,1943,1173063300
Europe (excl. EU-28),,1944,1248966800
Europe (excl. EU-28),,1945,1207388900
Europe (excl. EU-28),,1946,1179654000
Europe (excl. EU-28),,1947,1249424800
Europe (excl. EU-28),,1948,1183761000
Europe (excl. EU-28),,1949,1201530600
Europe (excl. EU-28),,1950,1455445400
Europe (excl. EU-28),,1951,1595862300
Europe (excl. EU-28),,1952,1693099500
Europe (excl. EU-28),,1953,1807147500
Europe (excl. EU-28),,1954,1984427100
Europe (excl. EU-28),,1955,2185409300
Europe (excl. EU-28),,1956,2355351300
Europe (excl. EU-28),,1957,2523583200
Europe (excl. EU-28),,1958,2446930700
Europe (excl. EU-28),,1959,2883426300
Europe (excl. EU-28),,1960,2749345800
Europe (excl. EU-28),,1961,2907847700
Europe (excl. EU-28),,1962,2688973300
Europe (excl. EU-28),,1963,2773265700
Europe (excl. EU-28),,1964,2812042000
Europe (excl. EU-28),,1965,2906404000
Europe (excl. EU-28),,1966,2992215800
Europe (excl. EU-28),,1967,3064951800
Europe (excl. EU-28),,1968,3113315300
Europe (excl. EU-28),,1969,3148486100
Europe (excl. EU-28),,1970,3408100900
Europe (excl. EU-28),,1971,3362621700
Europe (excl. EU-28),,1972,3455763200
Europe (excl. EU-28),,1973,3661748200
Europe (excl. EU-28),,1974,3702177500
Europe (excl. EU-28),,1975,3790942500
Europe (excl. EU-28),,1976,3975713000
Europe (excl. EU-28),,1977,4080253200
Europe (excl. EU-28),,1978,4198638000
Europe (excl. EU-28),,1979,4159114200
Europe (excl. EU-28),,1980,4387883500
Europe (excl. EU-28),,1981,4258532900
Europe (excl. EU-28),,1982,4244807200
Europe (excl. EU-28),,1983,4331790000
Europe (excl. EU-28),,1984,4380667400
Europe (excl. EU-28),,1985,4615945700
Europe (excl. EU-28),,1986,4633272000
Europe (excl. EU-28),,1987,4648062500
Europe (excl. EU-28),,1988,4736661500
Europe (excl. EU-28),,1989,4560988700
Europe (excl. EU-28),,1990,4745708000
Europe (excl. EU-28),,1991,4466026000
Europe (excl. EU-28),,1992,3824712200
Europe (excl. EU-28),,1993,3479755000
Europe (excl. EU-28),,1994,3134817500
Europe (excl. EU-28),,1995,2942345200
Europe (excl. EU-28),,1996,3282636300
Europe (excl. EU-28),,1997,2765599500
Europe (excl. EU-28),,1998,2652729000
Europe (excl. EU-28),,1999,2676367600
Europe (excl. EU-28),,2000,2578831600
Europe (excl. EU-28),,2001,2570201000
Europe (excl. EU-28),,2002,2548040000
Europe (excl. EU-28),,2003,2679715000
Europe (excl. EU-28),,2004,2741609000
Europe (excl. EU-28),,2005,2692929800
Europe (excl. EU-28),,2006,2859532800
Europe (excl. EU-28),,2007,2873962500
Europe (excl. EU-28),,2008,2922005000
Europe (excl. EU-28),,2009,2825917400
Europe (excl. EU-28),,2010,3166390800
Europe (excl. EU-28),,2011,2980825000
Europe (excl. EU-28),,2012,3280556300
Europe (excl. EU-28),,2013,3108628200
Europe (excl. EU-28),,2014,2945557200
Europe (excl. EU-28),,2015,3142523600
Europe (excl. EU-28),,2016,3141060400
Europe (excl. EU-28),,2017,3118645500
Europe (excl. EU-28),,2018,3209481500
Europe (excl. EU-28),,2019,3073558500
Europe (excl. EU-28),,2020,3036206300
Europe (excl. EU-28),,2021,3163362800
Europe (excl. EU-28),,2022,3224630300
Europe (excl. EU-28),,2023,3236707800
European Union (27),,1850,555085440
European Union (27),,1851,552175550
European Union (27),,1852,557893760
European Union (27),,1853,563634240
European Union (27),,1854,573893600
European Union (27),,1855,579936060
European Union (27),,1856,585110660
European Union (27),,1857,587016700
European Union (27),,1858,589571100
European Union (27),,1859,583189300
European Union (27),,1860,591608060
European Union (27),,1861,599930900
European Union (27),,1862,608552770
European Union (27),,1863,611540800
European Union (27),,1864,621627400
European Union (27),,1865,633134900
European Union (27),,1866,636454800
European Union (27),,1867,656393700
European Union (27),,1868,662453600
European Union (27),,1869,669743170
European Union (27),,1870,674466800
European Union (27),,1871,693625100
European Union (27),,1872,727390400
European Union (27),,1873,750176500
European Union (27),,1874,718423940
European Union (27),,1875,760645570
European Union (27),,1876,776710660
European Union (27),,1877,772486700
European Union (27),,1878,784405250
European Union (27),,1879,801172700
European Union (27),,1880,855350340
European Union (27),,1881,855444800
European Union (27),,1882,879289100
European Union (27),,1883,904417200
European Union (27),,1884,906063400
European Union (27),,1885,911866300
European Union (27),,1886,912689660
European Union (27),,1887,942803500
European Union (27),,1888,974574900
European Union (27),,1889,1000971800
European Union (27),,1890,1031764860
European Union (27),,1891,1056054340
European Union (27),,1892,1053164860
European Union (27),,1893,1064921600
European Union (27),,1894,1096831700
European Union (27),,1895,1116789800
European Union (27),,1896,1155612500
European Union (27),,1897,1195821700
European Union (27),,1898,1228667000
European Union (27),,1899,1266868200
European Union (27),,1900,1328234200
European Union (27),,1901,1327295000
European Union (27),,1902,1317577700
European Union (27),,1903,1374123100
European Union (27),,1904,1394437600
European Union (27),,1905,1437715700
European Union (27),,1906,1458512900
European Union (27),,1907,1587269900
European Union (27),,1908,1620451500
European Union (27),,1909,1613647100
European Union (27),,1910,1612200400
European Union (27),,1911,1627370800
European Union (27),,1912,1695541000
European Union (27),,1913,1778961200
European Union (27),,1914,1580675600
European Union (27),,1915,1483582100
European Union (27),,1916,1528871800
European Union (27),,1917,1519283500
European Union (27),,1918,1454355500
European Union (27),,1919,1235203000
European Union (27),,1920,1441564300
European Union (27),,1921,1486763500
European Union (27),,1922,1532270200
European Union (27),,1923,1431169300
European Union (27),,1924,1626208500
European Union (27),,1925,1644319400
European Union (27),,1926,1610004900
European Union (27),,1927,1743359700
European Union (27),,1928,1775449500
European Union (27),,1929,1901307300
European Union (27),,1930,1775463300
European Union (27),,1931,1652739500
European Union (27),,1932,1521790200
European Union (27),,1933,1553020900
European Union (27),,1934,1622483500
European Union (27),,1935,1670940500
European Union (27),,1936,1714219500
European Union (27),,1937,1855956600
European Union (27),,1938,1871557800
European Union (27),,1939,1904972500
European Union (27),,1940,1929332500
European Union (27),,1941,1900036600
European Union (27),,1942,1925617700
European Union (27),,1943,1946532200
European Union (27),,1944,1738339500
European Union (27),,1945,1048343040
European Union (27),,1946,1427623400
European Union (27),,1947,1610969900
European Union (27),,1948,1730790000
European Union (27),,1949,1876539800
European Union (27),,1950,1961754200
European Union (27),,1951,2134082800
European Union (27),,1952,2227639600
European Union (27),,1953,2261716500
European Union (27),,1954,2379301600
European Union (27),,1955,2541239300
European Union (27),,1956,2696141600
European Union (27),,1957,2777779000
European Union (27),,1958,2769698000
European Union (27),,1959,2802177300
European Union (27),,1960,2979402800
European Union (27),,1961,3105981200
European Union (27),,1962,3286878200
European Union (27),,1963,3457727700
European Union (27),,1964,3600936400
European Union (27),,1965,3648874500
European Union (27),,1966,3760958700
European Union (27),,1967,3845298000
European Union (27),,1968,4065170200
European Union (27),,1969,4279273000
European Union (27),,1970,4389641000
European Union (27),,1971,4483647000
European Union (27),,1972,4608975400
European Union (27),,1973,4815031300
European Union (27),,1974,4808199000
European Union (27),,1975,4735509500
European Union (27),,1976,5019885000
European Union (27),,1977,4983386000
European Union (27),,1978,5126654000
European Union (27),,1979,5246586400
European Union (27),,1980,5198906000
European Union (27),,1981,4955414000
European Union (27),,1982,4875320000
European Union (27),,1983,4843229700
European Union (27),,1984,4883331600
European Union (27),,1985,4937327600
European Union (27),,1986,4907553300
European Union (27),,1987,4923192300
European Union (27),,1988,4863355400
European Union (27),,1989,4891579400
European Union (27),,1990,4876350000
European Union (27),,1991,4806943000
European Union (27),,1992,4615017000
European Union (27),,1993,4501100500
European Union (27),,1994,4457923600
European Union (27),,1995,4501967000
European Union (27),,1996,4581285400
European Union (27),,1997,4488513500
European Union (27),,1998,4449234400
European Union (27),,1999,4358837000
European Union (27),,2000,4314544600
European Union (27),,2001,4343005700
European Union (27),,2002,4337345000
European Union (27),,2003,4427958000
European Union (27),,2004,4441489400
European Union (27),,2005,4414032400
European Union (27),,2006,4404481000
European Union (27),,2007,4399548000
European Union (27),,2008,4285547800
European Union (27),,2009,3976366800
European Union (27),,2010,4077230000
European Union (27),,2011,3979896800
European Union (27),,2012,3910550500
European Union (27),,2013,3820755000
European Union (27),,2014,3675576800
European Union (27),,2015,3738665000
European Union (27),,2016,3731916000
European Union (27),,2017,3766196000
European Union (27),,2018,3709268500
European Union (27),,2019,3541615400
European Union (27),,2020,3241965600
European Union (27),,2021,3419041500
European Union (27),,2022,3341354000
European Union (27),,2023,3105165600
European Union (28),,1850,753380200
European Union (28),,1851,741611140
European Union (28),,1852,744858430
European Union (28),,1853,750008000
European Union (28),,1854,789083460
European Union (28),,1855,783153100
European Union (28),,1856,798035400
European Union (28),,1857,796159740
European Union (28),,1858,794623550
European Union (28),,1859,804808960
European Union (28),,1860,838695360
European Union (28),,1861,857382340
European Union (28),,1862,863205600
European Union (28),,1863,882292740
European Union (28),,1864,910625150
European Union (28),,1865,936754750
European Union (28),,1866,949677060
European Union (28),,1867,978395970
European Union (28),,1868,980775360
European Union (28),,1869,999382500
European Union (28),,1870,1011902850
European Union (28),,1871,1044827500
European Union (28),,1872,1091619000
European Union (28),,1873,1127670900
European Union (28),,1874,1089670100
European Union (28),,1875,1147588600
European Union (28),,1876,1160677400
European Union (28),,1877,1162695600
European Union (28),,1878,1168605000
European Union (28),,1879,1186716300
European Union (28),,1880,1273382100
European Union (28),,1881,1286997500
European Union (28),,1882,1316089000
European Union (28),,1883,1357452500
European Union (28),,1884,1348703700
European Union (28),,1885,1348141300
European Union (28),,1886,1346334500
European Union (28),,1887,1386853100
European Union (28),,1888,1434081300
European Union (28),,1889,1472266400
European Union (28),,1890,1515347700
European Union (28),,1891,1547888300
European Union (28),,1892,1535072400
European Union (28),,1893,1506460000
European Union (28),,1894,1595298000
European Union (28),,1895,1618700200
European Union (28),,1896,1667816700
European Union (28),,1897,1720784800
European Union (28),,1898,1754564200
European Union (28),,1899,1825134500
European Union (28),,1900,1896992600
European Union (28),,1901,1884183800
European Union (28),,1902,1892361700
European Union (28),,1903,1951394400
European Union (28),,1904,1976784100
European Union (28),,1905,2028960400
European Union (28),,1906,2067068900
European Union (28),,1907,2217431800
European Union (28),,1908,2237395000
European Union (28),,1909,2235265000
European Union (28),,1910,2236644900
European Union (28),,1911,2268619500
European Union (28),,1912,2302178300
European Union (28),,1913,2435878700
European Union (28),,1914,2220159700
European Union (28),,1915,2130568700
European Union (28),,1916,2194842000
European Union (28),,1917,2177735700
European Union (28),,1918,2070806900
European Union (28),,1919,1839065300
European Union (28),,1920,2070886700
European Union (28),,1921,1944210000
European Union (28),,1922,2113823500
European Union (28),,1923,2045545600
European Union (28),,1924,2265323500
European Union (28),,1925,2252516900
European Union (28),,1926,1983156400
European Union (28),,1927,2374057700
European Union (28),,1928,2374764800
European Union (28),,1929,2530089500
European Union (28),,1930,2381326000
European Union (28),,1931,2223245800
European Union (28),,1932,2074344200
European Union (28),,1933,2104581400
European Union (28),,1934,2212241200
European Union (28),,1935,2267483600
European Union (28),,1936,2340076300
European Union (28),,1937,2500497000
European Union (28),,1938,2495005000
European Union (28),,1939,2530963200
European Union (28),,1940,2586570500
European Union (28),,1941,2558562800
European Union (28),,1942,2580309500
European Union (28),,1943,2599692500
European Union (28),,1944,2392345300
European Union (28),,1945,1664647400
European Union (28),,1946,2061031000
European Union (28),,1947,2273731000
European Union (28),,1948,2417065000
European Union (28),,1949,2571677000
European Union (28),,1950,2649199400
European Union (28),,1951,2873001700
European Union (28),,1952,2950751200
European Union (28),,1953,3000632300
European Union (28),,1954,3134541600
European Union (28),,1955,3327648000
European Union (28),,1956,3482381800
European Union (28),,1957,3561987000
European Union (28),,1958,3538038000
European Union (28),,1959,3563567000
European Union (28),,1960,3781240000
European Union (28),,1961,3927599000
European Union (28),,1962,4115703300
European Union (28),,1963,4292440800
European Union (28),,1964,4437338600
European Union (28),,1965,4501241000
European Union (28),,1966,4607864300
European Union (28),,1967,4662485500
European Union (28),,1968,4896804000
European Union (28),,1969,5131021300
European Union (28),,1970,5263925000
European Union (28),,1971,5365179400
European Union (28),,1972,5466618000
European Union (28),,1973,5691985400
European Union (28),,1974,5639914500
European Union (28),,1975,5561134600
European Union (28),,1976,5845205000
European Union (28),,1977,5807603700
European Union (28),,1978,5951499000
European Union (28),,1979,6116163600
European Union (28),,1980,5992788000
European Union (28),,1981,5731551700
European Union (28),,1982,5636383000
European Union (28),,1983,5601842000
European Union (28),,1984,5599757300
European Union (28),,1985,5698070500
European Union (28),,1986,5686199000
European Union (28),,1987,5706083300
European Union (28),,1988,5634866000
European Union (28),,1989,5671606300
European Union (28),,1990,5679906300
European Union (28),,1991,5619054000
European Union (28),,1992,5394782700
European Union (28),,1993,5259559400
European Union (28),,1994,5208437000
European Union (28),,1995,5252847600
European Union (28),,1996,5357689300
European Union (28),,1997,5232789500
European Union (28),,1998,5186271700
European Union (28),,1999,5070960600
European Union (28),,2000,5028858400
European Union (28),,2001,5062593000
European Union (28),,2002,5033440000
European Union (28),,2003,5132972000
European Union (28),,2004,5146907000
European Union (28),,2005,5124913000
European Union (28),,2006,5101370400
European Union (28),,2007,5077994000
European Union (28),,2008,4940868000
European Union (28),,2009,4572642000
European Union (28),,2010,4687521300
European Union (28),,2011,4546141700
European Union (28),,2012,4494625300
European Union (28),,2013,4391440000
European Union (28),,2014,4206066400
European Union (28),,2015,4255841300
European Union (28),,2016,4226083600
European Union (28),,2017,4246935600
European Union (28),,2018,4183988200
European Union (28),,2019,3999166200
European Union (28),,2020,3657216000
European Union (28),,2021,3852683500
European Union (28),,2022,3743638000
European Union (28),,2023,3497410600
Fiji,FJI,1850,1759738.9
Fiji,FJI,1851,2134989.5
Fiji,FJI,1852,807013.7
Fiji,FJI,1853,479425.47
Fiji,FJI,1854,736775.9
Fiji,FJI,1855,140462.58
Fiji,FJI,1856,1422632.6
Fiji,FJI,1857,1345155.8
Fiji,FJI,1858,9784.315
Fiji,FJI,1859,424555.47
Fiji,FJI,1860,-594259.75
Fiji,FJI,1861,503169.38
Fiji,FJI,1862,257003.31
Fiji,FJI,1863,1650784.9
Fiji,FJI,1864,138472.83
Fiji,FJI,1865,683928.7
Fiji,FJI,1866,-66907.32
Fiji,FJI,1867,412826.8
Fiji,FJI,1868,-30354.887
Fiji,FJI,1869,259659.88
Fiji,FJI,1870,290552.53
Fiji,FJI,1871,1200802
Fiji,FJI,1872,485217.56
Fiji,FJI,1873,343713.8
Fiji,FJI,1874,385626.94
Fiji,FJI,1875,557390.3
Fiji,FJI,1876,287448.6
Fiji,FJI,1877,282231.22
Fiji,FJI,1878,718655.6
Fiji,FJI,1879,647966.8
Fiji,FJI,1880,-117395.914
Fiji,FJI,1881,274147.28
Fiji,FJI,1882,-562393
Fiji,FJI,1883,235653.27
Fiji,FJI,1884,686149.4
Fiji,FJI,1885,447716.16
Fiji,FJI,1886,203641.64
Fiji,FJI,1887,-223610.52
Fiji,FJI,1888,858631.75
Fiji,FJI,1889,92976.89
Fiji,FJI,1890,222674.75
Fiji,FJI,1891,41175.27
Fiji,FJI,1892,1204638.8
Fiji,FJI,1893,183247.7
Fiji,FJI,1894,-306848.38
Fiji,FJI,1895,598815.06
Fiji,FJI,1896,405392.53
Fiji,FJI,1897,-255554.27
Fiji,FJI,1898,-326174.84
Fiji,FJI,1899,644998.5
Fiji,FJI,1900,591276.06
Fiji,FJI,1901,852941
Fiji,FJI,1902,1781562.9
Fiji,FJI,1903,615069.25
Fiji,FJI,1904,680085
Fiji,FJI,1905,-218001
Fiji,FJI,1906,-999951.06
Fiji,FJI,1907,228738.7
Fiji,FJI,1908,224976.1
Fiji,FJI,1909,370626.38
Fiji,FJI,1910,465183.1
Fiji,FJI,1911,823399.6
Fiji,FJI,1912,18639.234
Fiji,FJI,1913,445113.78
Fiji,FJI,1914,493720.28
Fiji,FJI,1915,935664.4
Fiji,FJI,1916,575584.6
Fiji,FJI,1917,-642728
Fiji,FJI,1918,1068091.1
Fiji,FJI,1919,744125.8
Fiji,FJI,1920,1213258.1
Fiji,FJI,1921,545108.5
Fiji,FJI,1922,576759.56
Fiji,FJI,1923,130250.54
Fiji,FJI,1924,35394.54
Fiji,FJI,1925,961801.8
Fiji,FJI,1926,1928905.2
Fiji,FJI,1927,1115556.5
Fiji,FJI,1928,119103.44
Fiji,FJI,1929,-33012.695
Fiji,FJI,1930,1383899.8
Fiji,FJI,1931,1541239.4
Fiji,FJI,1932,1799655.9
Fiji,FJI,1933,1728188
Fiji,FJI,1934,1007197
Fiji,FJI,1935,982797.94
Fiji,FJI,1936,1243680.2
Fiji,FJI,1937,1303802.5
Fiji,FJI,1938,1349743.8
Fiji,FJI,1939,1356834.1
Fiji,FJI,1940,987012.56
Fiji,FJI,1941,1146411.1
Fiji,FJI,1942,1369460.2
Fiji,FJI,1943,1149905.9
Fiji,FJI,1944,771835.94
Fiji,FJI,1945,1177515.6
Fiji,FJI,1946,1204145.4
Fiji,FJI,1947,1249896.1
Fiji,FJI,1948,1270609.9
Fiji,FJI,1949,1291779
Fiji,FJI,1950,1471486.5
Fiji,FJI,1951,1605438.5
Fiji,FJI,1952,2666954
Fiji,FJI,1953,158410.27
Fiji,FJI,1954,1096804.2
Fiji,FJI,1955,1458930.6
Fiji,FJI,1956,1917588
Fiji,FJI,1957,2079023.9
Fiji,FJI,1958,1261092.4
Fiji,FJI,1959,1505546.9
Fiji,FJI,1960,1386284.6
Fiji,FJI,1961,1405902.6
Fiji,FJI,1962,1268228.1
Fiji,FJI,1963,1038932.1
Fiji,FJI,1964,1159738.8
Fiji,FJI,1965,941267.06
Fiji,FJI,1966,679286.8
Fiji,FJI,1967,750058.7
Fiji,FJI,1968,1880164.8
Fiji,FJI,1969,1173919.6
Fiji,FJI,1970,1152032.8
Fiji,FJI,1971,2095568.5
Fiji,FJI,1972,2177375.5
Fiji,FJI,1973,1819404.2
Fiji,FJI,1974,3110164.5
Fiji,FJI,1975,3779689
Fiji,FJI,1976,3468430.2
Fiji,FJI,1977,4182892
Fiji,FJI,1978,2729241.2
Fiji,FJI,1979,2797464.2
Fiji,FJI,1980,3762210
Fiji,FJI,1981,4399502.5
Fiji,FJI,1982,4485374
Fiji,FJI,1983,4299747
Fiji,FJI,1984,4365556.5
Fiji,FJI,1985,4219022
Fiji,FJI,1986,4489675
Fiji,FJI,1987,4986430
Fiji,FJI,1988,5491414.5
Fiji,FJI,1989,6067129
Fiji,FJI,1990,5405887.5
Fiji,FJI,1991,4401546
Fiji,FJI,1992,4241328.5
Fiji,FJI,1993,3701493.5
Fiji,FJI,1994,3465443.2
Fiji,FJI,1995,3337569
Fiji,FJI,1996,3135840.2
Fiji,FJI,1997,2856489.2
Fiji,FJI,1998,2833128.8
Fiji,FJI,1999,2696917.5
Fiji,FJI,2000,2529313.5
Fiji,FJI,2001,2604990.8
Fiji,FJI,2002,2258886.8
Fiji,FJI,2003,2313244.8
Fiji,FJI,2004,2586602
Fiji,FJI,2005,2393973.2
Fiji,FJI,2006,1538654.9
Fiji,FJI,2007,2567285
Fiji,FJI,2008,1884223.2
Fiji,FJI,2009,1709407.2
Fiji,FJI,2010,2242056.5
Fiji,FJI,2011,2037922.2
Fiji,FJI,2012,2032105
Fiji,FJI,2013,2577703
Fiji,FJI,2014,1816453.9
Fiji,FJI,2015,2199693
Fiji,FJI,2016,1896346.1
Fiji,FJI,2017,2053707.1
Fiji,FJI,2018,2041663.1
Fiji,FJI,2019,2136344.2
Fiji,FJI,2020,1527982
Fiji,FJI,2021,1464372.6
Fiji,FJI,2022,2356887.2
Fiji,FJI,2023,2349712.5
Finland,FIN,1850,19078400
Finland,FIN,1851,17965962
Finland,FIN,1852,18199252
Finland,FIN,1853,18286138
Finland,FIN,1854,18489096
Finland,FIN,1855,18386966
Finland,FIN,1856,18708428
Finland,FIN,1857,18546034
Finland,FIN,1858,18402270
Finland,FIN,1859,17821310
Finland,FIN,1860,18719668
Finland,FIN,1861,18891726
Finland,FIN,1862,17873104
Finland,FIN,1863,18962086
Finland,FIN,1864,18842788
Finland,FIN,1865,18150888
Finland,FIN,1866,18153744
Finland,FIN,1867,19199534
Finland,FIN,1868,19278334
Finland,FIN,1869,18401190
Finland,FIN,1870,19063028
Finland,FIN,1871,18801698
Finland,FIN,1872,19813436
Finland,FIN,1873,19580604
Finland,FIN,1874,19137682
Finland,FIN,1875,20558028
Finland,FIN,1876,19985762
Finland,FIN,1877,20381320
Finland,FIN,1878,21010554
Finland,FIN,1879,19999314
Finland,FIN,1880,21748654
Finland,FIN,1881,20784892
Finland,FIN,1882,22091994
Finland,FIN,1883,22343932
Finland,FIN,1884,21855550
Finland,FIN,1885,22999448
Finland,FIN,1886,23016918
Finland,FIN,1887,23916860
Finland,FIN,1888,24232130
Finland,FIN,1889,24450862
Finland,FIN,1890,24263760
Finland,FIN,1891,23466634
Finland,FIN,1892,24750190
Finland,FIN,1893,25257088
Finland,FIN,1894,25739726
Finland,FIN,1895,26507992
Finland,FIN,1896,25472210
Finland,FIN,1897,26484468
Finland,FIN,1898,27899642
Finland,FIN,1899,28057682
Finland,FIN,1900,27563260
Finland,FIN,1901,28212766
Finland,FIN,1902,29670484
Finland,FIN,1903,30124594
Finland,FIN,1904,32402736
Finland,FIN,1905,31944936
Finland,FIN,1906,33041648
Finland,FIN,1907,33900996
Finland,FIN,1908,33910320
Finland,FIN,1909,34752956
Finland,FIN,1910,35053840
Finland,FIN,1911,34615156
Finland,FIN,1912,34293384
Finland,FIN,1913,35376290
Finland,FIN,1914,35336456
Finland,FIN,1915,35774300
Finland,FIN,1916,37051940
Finland,FIN,1917,36902268
Finland,FIN,1918,37005188
Finland,FIN,1919,37813708
Finland,FIN,1920,36807056
Finland,FIN,1921,36471530
Finland,FIN,1922,36418452
Finland,FIN,1923,36686550
Finland,FIN,1924,36538340
Finland,FIN,1925,36320292
Finland,FIN,1926,35021420
Finland,FIN,1927,33038944
Finland,FIN,1928,32236398
Finland,FIN,1929,31018404
Finland,FIN,1930,28337558
Finland,FIN,1931,26868604
Finland,FIN,1932,26120752
Finland,FIN,1933,25923530
Finland,FIN,1934,25170338
Finland,FIN,1935,24761256
Finland,FIN,1936,25308188
Finland,FIN,1937,26311972
Finland,FIN,1938,24612260
Finland,FIN,1939,23883586
Finland,FIN,1940,22038746
Finland,FIN,1941,23070096
Finland,FIN,1942,22968526
Finland,FIN,1943,23631574
Finland,FIN,1944,22898810
Finland,FIN,1945,21645136
Finland,FIN,1946,24789000
Finland,FIN,1947,27583180
Finland,FIN,1948,31138956
Finland,FIN,1949,27709474
Finland,FIN,1950,30481498
Finland,FIN,1951,33222356
Finland,FIN,1952,35038948
Finland,FIN,1953,34141756
Finland,FIN,1954,36786116
Finland,FIN,1955,39874308
Finland,FIN,1956,42179296
Finland,FIN,1957,42580230
Finland,FIN,1958,42406148
Finland,FIN,1959,48420064
Finland,FIN,1960,49079212
Finland,FIN,1961,49597012
Finland,FIN,1962,53106068
Finland,FIN,1963,56018336
Finland,FIN,1964,59954056
Finland,FIN,1965,62505948
Finland,FIN,1966,67353370
Finland,FIN,1967,64245344
Finland,FIN,1968,69709016
Finland,FIN,1969,74092170
Finland,FIN,1970,75763976
Finland,FIN,1971,74904090
Finland,FIN,1972,78781220
Finland,FIN,1973,84593130
Finland,FIN,1974,80615510
Finland,FIN,1975,77559960
Finland,FIN,1976,81056330
Finland,FIN,1977,77920110
Finland,FIN,1978,80786056
Finland,FIN,1979,84047890
Finland,FIN,1980,88981340
Finland,FIN,1981,82168424
Finland,FIN,1982,72248680
Finland,FIN,1983,71414120
Finland,FIN,1984,71909784
Finland,FIN,1985,79730620
Finland,FIN,1986,83992490
Finland,FIN,1987,88434470
Finland,FIN,1988,83487810
Finland,FIN,1989,84310070
Finland,FIN,1990,93537040
Finland,FIN,1991,89008000
Finland,FIN,1992,86566030
Finland,FIN,1993,90546240
Finland,FIN,1994,95449510
Finland,FIN,1995,91377750
Finland,FIN,1996,97101770
Finland,FIN,1997,98262450
Finland,FIN,1998,95130030
Finland,FIN,1999,98085530
Finland,FIN,2000,96357980
Finland,FIN,2001,103839224
Finland,FIN,2002,107645940
Finland,FIN,2003,117552296
Finland,FIN,2004,117600410
Finland,FIN,2005,104572840
Finland,FIN,2006,117401750
Finland,FIN,2007,112912880
Finland,FIN,2008,104311656
Finland,FIN,2009,99086120
Finland,FIN,2010,108294540
Finland,FIN,2011,99943120
Finland,FIN,2012,96812440
Finland,FIN,2013,96985310
Finland,FIN,2014,92371260
Finland,FIN,2015,88243340
Finland,FIN,2016,89420740
Finland,FIN,2017,88048040
Finland,FIN,2018,89644350
Finland,FIN,2019,87361860
Finland,FIN,2020,81101550
Finland,FIN,2021,83425736
Finland,FIN,2022,82708450
Finland,FIN,2023,79206440
France,FRA,1850,106030824
France,FRA,1851,103208240
France,FRA,1852,103427060
France,FRA,1853,106525784
France,FRA,1854,110842820
France,FRA,1855,114207550
France,FRA,1856,114468744
France,FRA,1857,113688580
France,FRA,1858,111640050
France,FRA,1859,109906760
France,FRA,1860,114111350
France,FRA,1861,116829830
France,FRA,1862,118825970
France,FRA,1863,118198440
France,FRA,1864,120889336
France,FRA,1865,123392800
France,FRA,1866,127296870
France,FRA,1867,129955670
France,FRA,1868,130646220
France,FRA,1869,132527976
France,FRA,1870,124345780
France,FRA,1871,123828730
France,FRA,1872,138528320
France,FRA,1873,145026850
France,FRA,1874,141639660
France,FRA,1875,145263650
France,FRA,1876,145302610
France,FRA,1877,143327970
France,FRA,1878,145169950
France,FRA,1879,147468580
France,FRA,1880,159552240
France,FRA,1881,161325740
France,FRA,1882,166543860
France,FRA,1883,171132260
France,FRA,1884,166207420
France,FRA,1885,161581420
France,FRA,1886,159400850
France,FRA,1887,166889550
France,FRA,1888,170651280
France,FRA,1889,173645180
France,FRA,1890,184714190
France,FRA,1891,184879400
France,FRA,1892,185037340
France,FRA,1893,182108320
France,FRA,1894,189905860
France,FRA,1895,190974430
France,FRA,1896,195210080
France,FRA,1897,201539740
France,FRA,1898,206502340
France,FRA,1899,213009890
France,FRA,1900,226024080
France,FRA,1901,220090500
France,FRA,1902,211036780
France,FRA,1903,226620350
France,FRA,1904,221353470
France,FRA,1905,224105010
France,FRA,1906,235389310
France,FRA,1907,246653500
France,FRA,1908,246838420
France,FRA,1909,250764180
France,FRA,1910,248341940
France,FRA,1911,253475490
France,FRA,1912,254124820
France,FRA,1913,267858320
France,FRA,1914,195631650
France,FRA,1915,173011730
France,FRA,1916,179187420
France,FRA,1917,192205310
France,FRA,1918,172880580
France,FRA,1919,181266500
France,FRA,1920,228968220
France,FRA,1921,211901100
France,FRA,1922,248320180
France,FRA,1923,275840770
France,FRA,1924,305682620
France,FRA,1925,313089570
France,FRA,1926,316635550
France,FRA,1927,318408300
France,FRA,1928,316596130
France,FRA,1929,347615140
France,FRA,1930,365266530
France,FRA,1931,348838620
France,FRA,1932,322063100
France,FRA,1933,336282270
France,FRA,1934,341178100
France,FRA,1935,334756350
France,FRA,1936,338485860
France,FRA,1937,364466020
France,FRA,1938,343161470
France,FRA,1939,333183870
France,FRA,1940,257109800
France,FRA,1941,233705950
France,FRA,1942,234834030
France,FRA,1943,236988690
France,FRA,1944,177186340
France,FRA,1945,210847470
France,FRA,1946,284494080
France,FRA,1947,304970300
France,FRA,1948,318446700
France,FRA,1949,357055740
France,FRA,1950,320689950
France,FRA,1951,353301660
France,FRA,1952,352323200
France,FRA,1953,338222370
France,FRA,1954,354819840
France,FRA,1955,371132860
France,FRA,1956,408719300
France,FRA,1957,422149980
France,FRA,1958,409793700
France,FRA,1959,392847070
France,FRA,1960,430115360
France,FRA,1961,452007780
France,FRA,1962,474781900
France,FRA,1963,479001800
France,FRA,1964,507230700
France,FRA,1965,500220300
France,FRA,1966,516293280
France,FRA,1967,543559230
France,FRA,1968,560514560
France,FRA,1969,583035650
France,FRA,1970,598436100
France,FRA,1971,633437630
France,FRA,1972,656177200
France,FRA,1973,689375900
France,FRA,1974,675799200
France,FRA,1975,636454100
France,FRA,1976,680523400
France,FRA,1977,665036600
France,FRA,1978,683547300
France,FRA,1979,690615230
France,FRA,1980,670614800
France,FRA,1981,617985150
France,FRA,1982,601101300
France,FRA,1983,593585700
France,FRA,1984,584520100
France,FRA,1985,574481200
France,FRA,1986,554539260
France,FRA,1987,542296200
France,FRA,1988,543739600
France,FRA,1989,564648300
France,FRA,1990,564507800
France,FRA,1991,611885800
France,FRA,1992,582763300
France,FRA,1993,542567500
France,FRA,1994,521043550
France,FRA,1995,517261980
France,FRA,1996,527899870
France,FRA,1997,505816500
France,FRA,1998,508495070
France,FRA,1999,497545760
France,FRA,2000,486069280
France,FRA,2001,483233300
France,FRA,2002,475421760
France,FRA,2003,480439230
France,FRA,2004,481080350
France,FRA,2005,480762600
France,FRA,2006,467878820
France,FRA,2007,459152130
France,FRA,2008,452272740
France,FRA,2009,432272480
France,FRA,2010,440891300
France,FRA,2011,415609400
France,FRA,2012,421587040
France,FRA,2013,429351140
France,FRA,2014,397708930
France,FRA,2015,404057660
France,FRA,2016,406949980
France,FRA,2017,420274780
France,FRA,2018,395309470
France,FRA,2019,384756860
France,FRA,2020,347789280
France,FRA,2021,372309500
France,FRA,2022,356965150
France,FRA,2023,334278460
Gabon,GAB,1850,1177209.5
Gabon,GAB,1851,1232026
Gabon,GAB,1852,-523222
Gabon,GAB,1853,144958.88
Gabon,GAB,1854,263093.12
Gabon,GAB,1855,-1579021.5
Gabon,GAB,1856,-183545.4
Gabon,GAB,1857,358572
Gabon,GAB,1858,283052
Gabon,GAB,1859,5578252
Gabon,GAB,1860,1801853.2
Gabon,GAB,1861,-276755.03
Gabon,GAB,1862,-2609134.5
Gabon,GAB,1863,3002036.2
Gabon,GAB,1864,204940.14
Gabon,GAB,1865,1809132.5
Gabon,GAB,1866,1721070.5
Gabon,GAB,1867,-2275250.2
Gabon,GAB,1868,-2850876.2
Gabon,GAB,1869,3166282.8
Gabon,GAB,1870,602037.6
Gabon,GAB,1871,1364234.1
Gabon,GAB,1872,2043782.4
Gabon,GAB,1873,2125609
Gabon,GAB,1874,1153686.9
Gabon,GAB,1875,-980994.3
Gabon,GAB,1876,-147417.89
Gabon,GAB,1877,882923.7
Gabon,GAB,1878,-871198.3
Gabon,GAB,1879,-3869.5566
Gabon,GAB,1880,38857.01
Gabon,GAB,1881,-978720
Gabon,GAB,1882,3325540.5
Gabon,GAB,1883,1839418.6
Gabon,GAB,1884,1539165.4
Gabon,GAB,1885,3359416.5
Gabon,GAB,1886,3020084.8
Gabon,GAB,1887,448416.16
Gabon,GAB,1888,584247.9
Gabon,GAB,1889,2027450.8
Gabon,GAB,1890,-956567.4
Gabon,GAB,1891,5304785
Gabon,GAB,1892,-1471883.2
Gabon,GAB,1893,1131199.2
Gabon,GAB,1894,494693.75
Gabon,GAB,1895,-1035908.5
Gabon,GAB,1896,3812468.8
Gabon,GAB,1897,704828
Gabon,GAB,1898,1436968.4
Gabon,GAB,1899,1703634.1
Gabon,GAB,1900,3802089.2
Gabon,GAB,1901,244363.33
Gabon,GAB,1902,599816.6
Gabon,GAB,1903,421634.16
Gabon,GAB,1904,2034137
Gabon,GAB,1905,1986000.2
Gabon,GAB,1906,83305.74
Gabon,GAB,1907,517626.75
Gabon,GAB,1908,1220823.1
Gabon,GAB,1909,893115.94
Gabon,GAB,1910,2239983.2
Gabon,GAB,1911,2184389.5
Gabon,GAB,1912,2086355.1
Gabon,GAB,1913,1082382.4
Gabon,GAB,1914,2429655.8
Gabon,GAB,1915,9068451
Gabon,GAB,1916,3395620.2
Gabon,GAB,1917,2914867.8
Gabon,GAB,1918,713442.75
Gabon,GAB,1919,763925.94
Gabon,GAB,1920,1171762.2
Gabon,GAB,1921,-1007394.44
Gabon,GAB,1922,2783741.8
Gabon,GAB,1923,2291153.2
Gabon,GAB,1924,3179937.2
Gabon,GAB,1925,2773407
Gabon,GAB,1926,2413441.8
Gabon,GAB,1927,3759169
Gabon,GAB,1928,647147.2
Gabon,GAB,1929,-257685.56
Gabon,GAB,1930,3104473.8
Gabon,GAB,1931,5706053.5
Gabon,GAB,1932,7598801
Gabon,GAB,1933,6991478
Gabon,GAB,1934,5397039.5
Gabon,GAB,1935,5456018
Gabon,GAB,1936,4835063
Gabon,GAB,1937,2015728.6
Gabon,GAB,1938,10024223
Gabon,GAB,1939,5848578.5
Gabon,GAB,1940,6955695
Gabon,GAB,1941,10712199
Gabon,GAB,1942,10490131
Gabon,GAB,1943,12456164
Gabon,GAB,1944,11646710
Gabon,GAB,1945,11128588
Gabon,GAB,1946,13703391
Gabon,GAB,1947,10173448
Gabon,GAB,1948,14417423
Gabon,GAB,1949,15459374
Gabon,GAB,1950,9560662
Gabon,GAB,1951,10447901
Gabon,GAB,1952,5949963.5
Gabon,GAB,1953,5597173
Gabon,GAB,1954,7177590.5
Gabon,GAB,1955,7920536.5
Gabon,GAB,1956,6975608
Gabon,GAB,1957,4985735
Gabon,GAB,1958,7681993
Gabon,GAB,1959,10769236
Gabon,GAB,1960,7074646
Gabon,GAB,1961,8266338.5
Gabon,GAB,1962,9696991
Gabon,GAB,1963,8706653
Gabon,GAB,1964,15722461
Gabon,GAB,1965,13250549
Gabon,GAB,1966,8770459
Gabon,GAB,1967,15767891
Gabon,GAB,1968,17759506
Gabon,GAB,1969,18532534
Gabon,GAB,1970,19706138
Gabon,GAB,1971,22753596
Gabon,GAB,1972,23724754
Gabon,GAB,1973,28364798
Gabon,GAB,1974,29383576
Gabon,GAB,1975,36351548
Gabon,GAB,1976,35273616
Gabon,GAB,1977,36692160
Gabon,GAB,1978,31185376
Gabon,GAB,1979,27199920
Gabon,GAB,1980,21293038
Gabon,GAB,1981,20984880
Gabon,GAB,1982,20129698
Gabon,GAB,1983,16989160
Gabon,GAB,1984,17270060
Gabon,GAB,1985,21444340
Gabon,GAB,1986,16582640
Gabon,GAB,1987,16071266
Gabon,GAB,1988,17409462
Gabon,GAB,1989,21383272
Gabon,GAB,1990,25057074
Gabon,GAB,1991,23550948
Gabon,GAB,1992,23718144
Gabon,GAB,1993,25488662
Gabon,GAB,1994,30004464
Gabon,GAB,1995,27705498
Gabon,GAB,1996,32514898
Gabon,GAB,1997,37977516
Gabon,GAB,1998,43185056
Gabon,GAB,1999,41229260
Gabon,GAB,2000,38731696
Gabon,GAB,2001,39183490
Gabon,GAB,2002,33930276
Gabon,GAB,2003,36301524
Gabon,GAB,2004,35107316
Gabon,GAB,2005,32975898
Gabon,GAB,2006,31461572
Gabon,GAB,2007,29432274
Gabon,GAB,2008,30465416
Gabon,GAB,2009,27571000
Gabon,GAB,2010,27035642
Gabon,GAB,2011,27716844
Gabon,GAB,2012,29162732
Gabon,GAB,2013,31791706
Gabon,GAB,2014,24279036
Gabon,GAB,2015,32560930
Gabon,GAB,2016,28623610
Gabon,GAB,2017,30402680
Gabon,GAB,2018,26290442
Gabon,GAB,2019,24771282
Gabon,GAB,2020,25582484
Gabon,GAB,2021,25929836
Gabon,GAB,2022,24843210
Gabon,GAB,2023,24740972
Gambia,GMB,1850,204092
Gambia,GMB,1851,206982.44
Gambia,GMB,1852,208668.69
Gambia,GMB,1853,209615.36
Gambia,GMB,1854,210314.47
Gambia,GMB,1855,210845.88
Gambia,GMB,1856,211261.94
Gambia,GMB,1857,211495.94
Gambia,GMB,1858,211755.97
Gambia,GMB,1859,212002.77
Gambia,GMB,1860,225799.7
Gambia,GMB,1861,232641.8
Gambia,GMB,1862,236979.2
Gambia,GMB,1863,239892.72
Gambia,GMB,1864,242182.56
Gambia,GMB,1865,244050.11
Gambia,GMB,1866,245624.62
Gambia,GMB,1867,247136.2
Gambia,GMB,1868,248283.53
Gambia,GMB,1869,249214.22
Gambia,GMB,1870,261745.7
Gambia,GMB,1871,268133.84
Gambia,GMB,1872,272735.34
Gambia,GMB,1873,275762.84
Gambia,GMB,1874,278335.94
Gambia,GMB,1875,280685.66
Gambia,GMB,1876,282731.56
Gambia,GMB,1877,284878.72
Gambia,GMB,1878,286268.12
Gambia,GMB,1879,290510.88
Gambia,GMB,1880,306356.78
Gambia,GMB,1881,315730.03
Gambia,GMB,1882,326018.94
Gambia,GMB,1883,327464.44
Gambia,GMB,1884,329543.66
Gambia,GMB,1885,335788.78
Gambia,GMB,1886,335441.88
Gambia,GMB,1887,336022.1
Gambia,GMB,1888,337069.34
Gambia,GMB,1889,342922.9
Gambia,GMB,1890,382139.22
Gambia,GMB,1891,398250
Gambia,GMB,1892,414573.25
Gambia,GMB,1893,417524.4
Gambia,GMB,1894,438998.38
Gambia,GMB,1895,454565.25
Gambia,GMB,1896,437477.6
Gambia,GMB,1897,455968.2
Gambia,GMB,1898,466261.06
Gambia,GMB,1899,451629.97
Gambia,GMB,1900,540461.25
Gambia,GMB,1901,578168.5
Gambia,GMB,1902,619149.2
Gambia,GMB,1903,640568.4
Gambia,GMB,1904,648369.6
Gambia,GMB,1905,646827.7
Gambia,GMB,1906,697961.9
Gambia,GMB,1907,698893.4
Gambia,GMB,1908,686488.25
Gambia,GMB,1909,707551.3
Gambia,GMB,1910,635479.4
Gambia,GMB,1911,570617.6
Gambia,GMB,1912,541479
Gambia,GMB,1913,571438.75
Gambia,GMB,1914,534760.4
Gambia,GMB,1915,564859.6
Gambia,GMB,1916,583811.1
Gambia,GMB,1917,550668.3
Gambia,GMB,1918,542795.2
Gambia,GMB,1919,589072
Gambia,GMB,1920,665159.3
Gambia,GMB,1921,716003.44
Gambia,GMB,1922,780464.9
Gambia,GMB,1923,778851.75
Gambia,GMB,1924,881532.6
Gambia,GMB,1925,927499.2
Gambia,GMB,1926,869711.5
Gambia,GMB,1927,901442.5
Gambia,GMB,1928,879897.9
Gambia,GMB,1929,987690.44
Gambia,GMB,1930,897978.5
Gambia,GMB,1931,926230.06
Gambia,GMB,1932,913915.4
Gambia,GMB,1933,939523.2
Gambia,GMB,1934,930367.1
Gambia,GMB,1935,958324.44
Gambia,GMB,1936,920401.1
Gambia,GMB,1937,987889.7
Gambia,GMB,1938,940504.75
Gambia,GMB,1939,1001338.75
Gambia,GMB,1940,998836.56
Gambia,GMB,1941,1150946
Gambia,GMB,1942,1087354.4
Gambia,GMB,1943,1220889.4
Gambia,GMB,1944,1157888.6
Gambia,GMB,1945,1292101.2
Gambia,GMB,1946,1243182.8
Gambia,GMB,1947,1331667.8
Gambia,GMB,1948,1350532.4
Gambia,GMB,1949,1334892.6
Gambia,GMB,1950,1374708.4
Gambia,GMB,1951,1299953.5
Gambia,GMB,1952,1121094
Gambia,GMB,1953,1056236.1
Gambia,GMB,1954,1073556.9
Gambia,GMB,1955,1063905.9
Gambia,GMB,1956,1035268.44
Gambia,GMB,1957,1002912.7
Gambia,GMB,1958,960580.25
Gambia,GMB,1959,898786.8
Gambia,GMB,1960,870740.56
Gambia,GMB,1961,867127.75
Gambia,GMB,1962,997450.2
Gambia,GMB,1963,970272.3
Gambia,GMB,1964,1083736.8
Gambia,GMB,1965,1013464.8
Gambia,GMB,1966,1138004
Gambia,GMB,1967,1162105.5
Gambia,GMB,1968,1064458.4
Gambia,GMB,1969,1030613.44
Gambia,GMB,1970,1185558
Gambia,GMB,1971,1296906
Gambia,GMB,1972,1530571.4
Gambia,GMB,1973,2167730
Gambia,GMB,1974,1676743.8
Gambia,GMB,1975,1575834.4
Gambia,GMB,1976,1546362.5
Gambia,GMB,1977,1516824.5
Gambia,GMB,1978,1265249
Gambia,GMB,1979,1211624.9
Gambia,GMB,1980,1842814
Gambia,GMB,1981,1986171.8
Gambia,GMB,1982,1515137.8
Gambia,GMB,1983,1182070.9
Gambia,GMB,1984,1054494
Gambia,GMB,1985,1317789.6
Gambia,GMB,1986,1446270.5
Gambia,GMB,1987,1713320.1
Gambia,GMB,1988,1422743.1
Gambia,GMB,1989,1490115.9
Gambia,GMB,1990,1477533.2
Gambia,GMB,1991,1163416.4
Gambia,GMB,1992,1160659.9
Gambia,GMB,1993,1884252.6
Gambia,GMB,1994,1873871.9
Gambia,GMB,1995,2075656.5
Gambia,GMB,1996,2141634
Gambia,GMB,1997,2175500.5
Gambia,GMB,1998,3145659.2
Gambia,GMB,1999,2798646
Gambia,GMB,2000,2729783.2
Gambia,GMB,2001,2639152
Gambia,GMB,2002,2653012
Gambia,GMB,2003,2896637.8
Gambia,GMB,2004,2953729.8
Gambia,GMB,2005,2852036.2
Gambia,GMB,2006,3332217
Gambia,GMB,2007,5382246
Gambia,GMB,2008,5531345
Gambia,GMB,2009,5439666.5
Gambia,GMB,2010,4967177.5
Gambia,GMB,2011,4076879.2
Gambia,GMB,2012,3808741.2
Gambia,GMB,2013,3635708.5
Gambia,GMB,2014,3933202.2
Gambia,GMB,2015,3874643.2
Gambia,GMB,2016,3488636.8
Gambia,GMB,2017,3391456.2
Gambia,GMB,2018,3410210.8
Gambia,GMB,2019,3565360.8
Gambia,GMB,2020,3613415
Gambia,GMB,2021,3617102.2
Gambia,GMB,2022,3647762.2
Gambia,GMB,2023,3640684
Georgia,GEO,1850,7383464.5
Georgia,GEO,1851,7337213
Georgia,GEO,1852,7289219.5
Georgia,GEO,1853,7329291
Georgia,GEO,1854,7273409.5
Georgia,GEO,1855,7233414.5
Georgia,GEO,1856,7339548
Georgia,GEO,1857,7275055
Georgia,GEO,1858,7254718
Georgia,GEO,1859,7298710.5
Georgia,GEO,1860,7260626.5
Georgia,GEO,1861,7141899.5
Georgia,GEO,1862,7189564.5
Georgia,GEO,1863,7156233
Georgia,GEO,1864,7224441
Georgia,GEO,1865,7409183.5
Georgia,GEO,1866,7214791
Georgia,GEO,1867,7324899
Georgia,GEO,1868,7347307
Georgia,GEO,1869,7379099.5
Georgia,GEO,1870,7222389.5
Georgia,GEO,1871,7304312.5
Georgia,GEO,1872,7254482
Georgia,GEO,1873,7390160
Georgia,GEO,1874,7289636
Georgia,GEO,1875,7392761
Georgia,GEO,1876,7387362.5
Georgia,GEO,1877,7498600
Georgia,GEO,1878,7578958.5
Georgia,GEO,1879,7553547
Georgia,GEO,1880,7419238.5
Georgia,GEO,1881,7445255.5
Georgia,GEO,1882,7341307.5
Georgia,GEO,1883,7376744.5
Georgia,GEO,1884,7328959.5
Georgia,GEO,1885,7459562.5
Georgia,GEO,1886,7442498
Georgia,GEO,1887,7588302
Georgia,GEO,1888,7529195.5
Georgia,GEO,1889,7500503.5
Georgia,GEO,1890,7233581.5
Georgia,GEO,1891,7040972
Georgia,GEO,1892,7015604.5
Georgia,GEO,1893,7042443
Georgia,GEO,1894,6862906
Georgia,GEO,1895,7074064.5
Georgia,GEO,1896,7110947.5
Georgia,GEO,1897,6850269
Georgia,GEO,1898,7244646.5
Georgia,GEO,1899,6971530
Georgia,GEO,1900,7046557.5
Georgia,GEO,1901,7091233
Georgia,GEO,1902,6789489
Georgia,GEO,1903,6814815
Georgia,GEO,1904,6959040
Georgia,GEO,1905,6816127
Georgia,GEO,1906,6879287.5
Georgia,GEO,1907,6942703.5
Georgia,GEO,1908,6957121
Georgia,GEO,1909,6994663.5
Georgia,GEO,1910,6170061.5
Georgia,GEO,1911,6005098.5
Georgia,GEO,1912,6056779.5
Georgia,GEO,1913,5901805.5
Georgia,GEO,1914,5650090.5
Georgia,GEO,1915,5687572
Georgia,GEO,1916,5866293
Georgia,GEO,1917,5719007.5
Georgia,GEO,1918,5376948.5
Georgia,GEO,1919,5280893.5
Georgia,GEO,1920,5127881.5
Georgia,GEO,1921,4697315
Georgia,GEO,1922,4640188
Georgia,GEO,1923,4591800.5
Georgia,GEO,1924,4465966.5
Georgia,GEO,1925,4414423
Georgia,GEO,1926,4484775.5
Georgia,GEO,1927,4663061.5
Georgia,GEO,1928,4468415.5
Georgia,GEO,1929,4513889.5
Georgia,GEO,1930,8084955
Georgia,GEO,1931,9038667
Georgia,GEO,1932,9730107
Georgia,GEO,1933,10796098
Georgia,GEO,1934,11356536
Georgia,GEO,1935,11957365
Georgia,GEO,1936,12514617
Georgia,GEO,1937,13070751
Georgia,GEO,1938,13354124
Georgia,GEO,1939,13451825
Georgia,GEO,1940,9501317
Georgia,GEO,1941,7651763
Georgia,GEO,1942,5452253.5
Georgia,GEO,1943,4279239.5
Georgia,GEO,1944,3434675
Georgia,GEO,1945,2421715.8
Georgia,GEO,1946,1597292.2
Georgia,GEO,1947,1094550.1
Georgia,GEO,1948,262302.56
Georgia,GEO,1949,-161830.7
Georgia,GEO,1950,-362701.6
Georgia,GEO,1951,-484330.1
Georgia,GEO,1952,-584049.2
Georgia,GEO,1953,-731626.9
Georgia,GEO,1954,-820703.1
Georgia,GEO,1955,-519069.97
Georgia,GEO,1956,-625755.94
Georgia,GEO,1957,-811425.56
Georgia,GEO,1958,-1128542.9
Georgia,GEO,1959,-1915715.4
Georgia,GEO,1960,-1147959.1
Georgia,GEO,1961,1567983.5
Georgia,GEO,1962,1263862.1
Georgia,GEO,1963,2224321.2
Georgia,GEO,1964,3225093.2
Georgia,GEO,1965,4110756.2
Georgia,GEO,1966,4992379.5
Georgia,GEO,1967,5967469.5
Georgia,GEO,1968,7018458.5
Georgia,GEO,1969,7363483.5
Georgia,GEO,1970,9082514
Georgia,GEO,1971,9496546
Georgia,GEO,1972,10323189
Georgia,GEO,1973,11271294
Georgia,GEO,1974,12199280
Georgia,GEO,1975,13028154
Georgia,GEO,1976,13909486
Georgia,GEO,1977,14434539
Georgia,GEO,1978,15298236
Georgia,GEO,1979,15545860
Georgia,GEO,1980,17485826
Georgia,GEO,1981,16262099
Georgia,GEO,1982,16974334
Georgia,GEO,1983,17462512
Georgia,GEO,1984,17824244
Georgia,GEO,1985,19234016
Georgia,GEO,1986,19127380
Georgia,GEO,1987,19430208
Georgia,GEO,1988,20012700
Georgia,GEO,1989,19815984
Georgia,GEO,1990,19759192
Georgia,GEO,1991,19798974
Georgia,GEO,1992,18147616
Georgia,GEO,1993,12323750
Georgia,GEO,1994,7566969
Georgia,GEO,1995,3137488.5
Georgia,GEO,1996,5750079.5
Georgia,GEO,1997,6824247
Georgia,GEO,1998,6588610.5
Georgia,GEO,1999,6235698
Georgia,GEO,2000,6674673
Georgia,GEO,2001,5770317
Georgia,GEO,2002,12374197
Georgia,GEO,2003,3676942.2
Georgia,GEO,2004,4579203
Georgia,GEO,2005,4745127
Georgia,GEO,2006,5479699
Georgia,GEO,2007,5367194
Georgia,GEO,2008,4336901
Georgia,GEO,2009,4981627
Georgia,GEO,2010,5084796.5
Georgia,GEO,2011,7049378
Georgia,GEO,2012,9520222
Georgia,GEO,2013,7909186
Georgia,GEO,2014,9283829
Georgia,GEO,2015,9192436
Georgia,GEO,2016,9558167
Georgia,GEO,2017,9209911
Georgia,GEO,2018,9074229
Georgia,GEO,2019,10113027
Georgia,GEO,2020,10455880
Georgia,GEO,2021,10962390
Georgia,GEO,2022,11491099
Georgia,GEO,2023,11928225
Germany,DEU,1850,78899930
Germany,DEU,1851,79661220
Germany,DEU,1852,82173220
Germany,DEU,1853,83551060
Germany,DEU,1854,86809960
Germany,DEU,1855,90249640
Germany,DEU,1856,92546104
Germany,DEU,1857,93941140
Germany,DEU,1858,96196150
Germany,DEU,1859,93809384
Germany,DEU,1860,97523416
Germany,DEU,1861,102284940
Germany,DEU,1862,106207940
Germany,DEU,1863,109637816
Germany,DEU,1864,117388264
Germany,DEU,1865,124490850
Germany,DEU,1866,123376344
Germany,DEU,1867,130654120
Germany,DEU,1868,135633820
Germany,DEU,1869,138986940
Germany,DEU,1870,137402130
Germany,DEU,1871,146884050
Germany,DEU,1872,154795340
Germany,DEU,1873,161805260
Germany,DEU,1874,133044136
Germany,DEU,1875,165358140
Germany,DEU,1876,168008200
Germany,DEU,1877,165728700
Germany,DEU,1878,169452140
Germany,DEU,1879,176404930
Germany,DEU,1880,191931180
Germany,DEU,1881,202203180
Germany,DEU,1882,212171460
Germany,DEU,1883,221964880
Germany,DEU,1884,226760770
Germany,DEU,1885,230707700
Germany,DEU,1886,232481520
Germany,DEU,1887,241110180
Germany,DEU,1888,258039310
Germany,DEU,1889,271808480
Germany,DEU,1890,281630500
Germany,DEU,1891,297033250
Germany,DEU,1892,292396700
Germany,DEU,1893,300321180
Germany,DEU,1894,311911970
Germany,DEU,1895,323043870
Germany,DEU,1896,344717220
Germany,DEU,1897,365036320
Germany,DEU,1898,379344960
Germany,DEU,1899,400241660
Germany,DEU,1900,430239700
Germany,DEU,1901,429481540
Germany,DEU,1902,422817860
Germany,DEU,1903,450388480
Germany,DEU,1904,464880100
Germany,DEU,1905,493964060
Germany,DEU,1906,472335330
Germany,DEU,1907,560429600
Germany,DEU,1908,565533760
Germany,DEU,1909,564503900
Germany,DEU,1910,560268160
Germany,DEU,1911,571893060
Germany,DEU,1912,613672640
Germany,DEU,1913,651089500
Germany,DEU,1914,608977800
Germany,DEU,1915,569862400
Germany,DEU,1916,609345700
Germany,DEU,1917,633562900
Germany,DEU,1918,609680960
Germany,DEU,1919,481625100
Germany,DEU,1920,526182300
Germany,DEU,1921,574067840
Germany,DEU,1922,554235200
Germany,DEU,1923,419194750
Germany,DEU,1924,548457800
Germany,DEU,1925,555664260
Germany,DEU,1926,506191400
Germany,DEU,1927,579517300
Germany,DEU,1928,605331900
Germany,DEU,1929,642269900
Germany,DEU,1930,558271300
Germany,DEU,1931,475083300
Germany,DEU,1932,433998500
Germany,DEU,1933,453276300
Germany,DEU,1934,500766240
Germany,DEU,1935,547962100
Germany,DEU,1936,599815900
Germany,DEU,1937,669932500
Germany,DEU,1938,712242600
Germany,DEU,1939,763926660
Germany,DEU,1940,769956030
Germany,DEU,1941,778604740
Germany,DEU,1942,789001200
Germany,DEU,1943,804457500
Germany,DEU,1944,722175100
Germany,DEU,1945,198876510
Germany,DEU,1946,348674940
Germany,DEU,1947,425427940
Germany,DEU,1948,493958240
Germany,DEU,1949,556842240
Germany,DEU,1950,642648200
Germany,DEU,1951,715407740
Germany,DEU,1952,754061500
Germany,DEU,1953,768608060
Germany,DEU,1954,809782500
Germany,DEU,1955,881303400
Germany,DEU,1956,930549900
Germany,DEU,1957,945944100
Germany,DEU,1958,924532160
Germany,DEU,1959,925012540
Germany,DEU,1960,991643900
Germany,DEU,1961,1016904000
Germany,DEU,1962,1075208400
Germany,DEU,1963,1146303600
Germany,DEU,1964,1174899700
Germany,DEU,1965,1168768500
Germany,DEU,1966,1161444700
Germany,DEU,1967,1149322600
Germany,DEU,1968,1204139500
Germany,DEU,1969,1278332000
Germany,DEU,1970,1245199600
Germany,DEU,1971,1255505000
Germany,DEU,1972,1255847000
Germany,DEU,1973,1302721700
Germany,DEU,1974,1281728600
Germany,DEU,1975,1218164000
Germany,DEU,1976,1307150600
Germany,DEU,1977,1265223300
Germany,DEU,1978,1294054000
Germany,DEU,1979,1336725000
Germany,DEU,1980,1317913700
Germany,DEU,1981,1264376800
Germany,DEU,1982,1225822200
Germany,DEU,1983,1217904800
Germany,DEU,1984,1240124400
Germany,DEU,1985,1250169200
Germany,DEU,1986,1249147500
Germany,DEU,1987,1231774000
Germany,DEU,1988,1224475900
Germany,DEU,1989,1205991800
Germany,DEU,1990,1239970700
Germany,DEU,1991,1195369200
Germany,DEU,1992,1141427000
Germany,DEU,1993,1123537300
Germany,DEU,1994,1112542100
Germany,DEU,1995,1109631100
Germany,DEU,1996,1126447500
Germany,DEU,1997,1086016600
Germany,DEU,1998,1055215200
Germany,DEU,1999,1020396900
Germany,DEU,2000,1018299000
Germany,DEU,2001,1029552300
Germany,DEU,2002,1012541250
Germany,DEU,2003,1008918800
Germany,DEU,2004,989282400
Germany,DEU,2005,978504260
Germany,DEU,2006,994823360
Germany,DEU,2007,953407700
Germany,DEU,2008,961201300
Germany,DEU,2009,888503000
Germany,DEU,2010,925756350
Germany,DEU,2011,900073500
Germany,DEU,2012,910597250
Germany,DEU,2013,929619900
Germany,DEU,2014,889393340
Germany,DEU,2015,894566400
Germany,DEU,2016,890756030
Germany,DEU,2017,875440700
Germany,DEU,2018,845216100
Germany,DEU,2019,793774660
Germany,DEU,2020,729727800
Germany,DEU,2021,759035600
Germany,DEU,2022,747968100
Germany,DEU,2023,670626000
Ghana,GHA,1850,1779939.9
Ghana,GHA,1851,1617427
Ghana,GHA,1852,1635214.2
Ghana,GHA,1853,1636840.4
Ghana,GHA,1854,1569782.6
Ghana,GHA,1855,1445070
Ghana,GHA,1856,1412947.9
Ghana,GHA,1857,1615266.1
Ghana,GHA,1858,1431765.1
Ghana,GHA,1859,1341394.4
Ghana,GHA,1860,1202275
Ghana,GHA,1861,1115785.9
Ghana,GHA,1862,1089825.1
Ghana,GHA,1863,1193940.6
Ghana,GHA,1864,1249068.8
Ghana,GHA,1865,1073929.1
Ghana,GHA,1866,1024633.1
Ghana,GHA,1867,991364.56
Ghana,GHA,1868,1104365.4
Ghana,GHA,1869,1338111.9
Ghana,GHA,1870,1102540.1
Ghana,GHA,1871,1281229.6
Ghana,GHA,1872,1095701.1
Ghana,GHA,1873,1064999.2
Ghana,GHA,1874,1092890.5
Ghana,GHA,1875,1065416.8
Ghana,GHA,1876,1277816
Ghana,GHA,1877,1137442.9
Ghana,GHA,1878,1140621.9
Ghana,GHA,1879,1115657.5
Ghana,GHA,1880,1171034.4
Ghana,GHA,1881,1248897.5
Ghana,GHA,1882,1241213.6
Ghana,GHA,1883,1272581.5
Ghana,GHA,1884,1278180.1
Ghana,GHA,1885,1414237.9
Ghana,GHA,1886,1343086
Ghana,GHA,1887,1393658.4
Ghana,GHA,1888,1431738.8
Ghana,GHA,1889,1369505.9
Ghana,GHA,1890,1496446.9
Ghana,GHA,1891,1532574.5
Ghana,GHA,1892,1560710.8
Ghana,GHA,1893,1609358.8
Ghana,GHA,1894,1645959.6
Ghana,GHA,1895,1644495.1
Ghana,GHA,1896,1737478.5
Ghana,GHA,1897,1698378.4
Ghana,GHA,1898,1667267.1
Ghana,GHA,1899,1882126.6
Ghana,GHA,1900,1942999.6
Ghana,GHA,1901,2040784
Ghana,GHA,1902,2228352.5
Ghana,GHA,1903,2275876.5
Ghana,GHA,1904,2382554.8
Ghana,GHA,1905,2618265
Ghana,GHA,1906,2698755.2
Ghana,GHA,1907,2852205.5
Ghana,GHA,1908,2944999.5
Ghana,GHA,1909,3016794.5
Ghana,GHA,1910,3573647.2
Ghana,GHA,1911,3811359.8
Ghana,GHA,1912,4161177.5
Ghana,GHA,1913,4332487
Ghana,GHA,1914,4547596.5
Ghana,GHA,1915,4685539
Ghana,GHA,1916,4848501.5
Ghana,GHA,1917,5126622.5
Ghana,GHA,1918,5197078.5
Ghana,GHA,1919,5617311.5
Ghana,GHA,1920,6151865
Ghana,GHA,1921,6450227
Ghana,GHA,1922,6911660
Ghana,GHA,1923,6927785
Ghana,GHA,1924,7088521
Ghana,GHA,1925,7602840.5
Ghana,GHA,1926,7501300.5
Ghana,GHA,1927,7603928.5
Ghana,GHA,1928,7736561
Ghana,GHA,1929,8059995
Ghana,GHA,1930,9222243
Ghana,GHA,1931,9838882
Ghana,GHA,1932,10144561
Ghana,GHA,1933,10451373
Ghana,GHA,1934,10917527
Ghana,GHA,1935,10751520
Ghana,GHA,1936,10864088
Ghana,GHA,1937,11235595
Ghana,GHA,1938,11228570
Ghana,GHA,1939,11429044
Ghana,GHA,1940,16900204
Ghana,GHA,1941,19007784
Ghana,GHA,1942,22060762
Ghana,GHA,1943,22162102
Ghana,GHA,1944,23470658
Ghana,GHA,1945,25321516
Ghana,GHA,1946,25322814
Ghana,GHA,1947,27483098
Ghana,GHA,1948,27566986
Ghana,GHA,1949,28045970
Ghana,GHA,1950,28012234
Ghana,GHA,1951,31289906
Ghana,GHA,1952,34145224
Ghana,GHA,1953,38520020
Ghana,GHA,1954,41560976
Ghana,GHA,1955,42158424
Ghana,GHA,1956,44014772
Ghana,GHA,1957,44216590
Ghana,GHA,1958,44694300
Ghana,GHA,1959,45068960
Ghana,GHA,1960,29050102
Ghana,GHA,1961,22461148
Ghana,GHA,1962,18889802
Ghana,GHA,1963,17325800
Ghana,GHA,1964,16041951
Ghana,GHA,1965,14789151
Ghana,GHA,1966,13551174
Ghana,GHA,1967,12820723
Ghana,GHA,1968,12457230
Ghana,GHA,1969,11818832
Ghana,GHA,1970,12975063
Ghana,GHA,1971,12567729
Ghana,GHA,1972,12821538
Ghana,GHA,1973,14212734
Ghana,GHA,1974,20679016
Ghana,GHA,1975,17360592
Ghana,GHA,1976,17107556
Ghana,GHA,1977,25019532
Ghana,GHA,1978,20424830
Ghana,GHA,1979,19887762
Ghana,GHA,1980,20322802
Ghana,GHA,1981,30879662
Ghana,GHA,1982,25389274
Ghana,GHA,1983,35657956
Ghana,GHA,1984,33486100
Ghana,GHA,1985,27253642
Ghana,GHA,1986,29333640
Ghana,GHA,1987,31553174
Ghana,GHA,1988,24640038
Ghana,GHA,1989,27979560
Ghana,GHA,1990,29730018
Ghana,GHA,1991,27110546
Ghana,GHA,1992,30168644
Ghana,GHA,1993,36756816
Ghana,GHA,1994,46145410
Ghana,GHA,1995,51499070
Ghana,GHA,1996,62027010
Ghana,GHA,1997,54424960
Ghana,GHA,1998,53492156
Ghana,GHA,1999,50838960
Ghana,GHA,2000,50209988
Ghana,GHA,2001,49458310
Ghana,GHA,2002,49312136
Ghana,GHA,2003,49609756
Ghana,GHA,2004,46608812
Ghana,GHA,2005,47888470
Ghana,GHA,2006,48895228
Ghana,GHA,2007,50019420
Ghana,GHA,2008,50019720
Ghana,GHA,2009,47589530
Ghana,GHA,2010,49088610
Ghana,GHA,2011,51250424
Ghana,GHA,2012,50807800
Ghana,GHA,2013,51147520
Ghana,GHA,2014,51111908
Ghana,GHA,2015,51635490
Ghana,GHA,2016,50140270
Ghana,GHA,2017,50069744
Ghana,GHA,2018,51465532
Ghana,GHA,2019,53430668
Ghana,GHA,2020,53725820
Ghana,GHA,2021,52501004
Ghana,GHA,2022,53098772
Ghana,GHA,2023,52540372
Greece,GRC,1850,7146797.5
Greece,GRC,1851,7188240
Greece,GRC,1852,7219058.5
Greece,GRC,1853,7248502
Greece,GRC,1854,7279603.5
Greece,GRC,1855,7310080
Greece,GRC,1856,7341260
Greece,GRC,1857,7372692
Greece,GRC,1858,7403231.5
Greece,GRC,1859,7436027.5
Greece,GRC,1860,7535575.5
Greece,GRC,1861,7592669.5
Greece,GRC,1862,7628118
Greece,GRC,1863,7665114.5
Greece,GRC,1864,7701578.5
Greece,GRC,1865,7739508.5
Greece,GRC,1866,7780544.5
Greece,GRC,1867,7995094.5
Greece,GRC,1868,7942925
Greece,GRC,1869,8097535.5
Greece,GRC,1870,8359823
Greece,GRC,1871,8609574
Greece,GRC,1872,8602344
Greece,GRC,1873,8727142
Greece,GRC,1874,8780192
Greece,GRC,1875,8892513
Greece,GRC,1876,8821692
Greece,GRC,1877,8909177
Greece,GRC,1878,8997203
Greece,GRC,1879,9077713
Greece,GRC,1880,9243449
Greece,GRC,1881,9353374
Greece,GRC,1882,9439725
Greece,GRC,1883,9526639
Greece,GRC,1884,9598797
Greece,GRC,1885,9672936
Greece,GRC,1886,9751605
Greece,GRC,1887,9820167
Greece,GRC,1888,9889230
Greece,GRC,1889,9957717
Greece,GRC,1890,10032765
Greece,GRC,1891,10191540
Greece,GRC,1892,10727205
Greece,GRC,1893,10814055
Greece,GRC,1894,10941591
Greece,GRC,1895,11030702
Greece,GRC,1896,11205122
Greece,GRC,1897,11300757
Greece,GRC,1898,11502756
Greece,GRC,1899,11363140
Greece,GRC,1900,11148816
Greece,GRC,1901,10997589
Greece,GRC,1902,10819446
Greece,GRC,1903,10844055
Greece,GRC,1904,10786356
Greece,GRC,1905,10655150
Greece,GRC,1906,10621829
Greece,GRC,1907,10741290
Greece,GRC,1908,11029557
Greece,GRC,1909,10825389
Greece,GRC,1910,10957325
Greece,GRC,1911,11142627
Greece,GRC,1912,10208093
Greece,GRC,1913,11576309
Greece,GRC,1914,10223524
Greece,GRC,1915,10199982
Greece,GRC,1916,10193617
Greece,GRC,1917,10279589
Greece,GRC,1918,10346762
Greece,GRC,1919,10346538
Greece,GRC,1920,11806704
Greece,GRC,1921,12284328
Greece,GRC,1922,12431947
Greece,GRC,1923,12877564
Greece,GRC,1924,13470643
Greece,GRC,1925,14289337
Greece,GRC,1926,14233077
Greece,GRC,1927,14894220
Greece,GRC,1928,15149306
Greece,GRC,1929,15620680
Greece,GRC,1930,16752645
Greece,GRC,1931,17160454
Greece,GRC,1932,17374940
Greece,GRC,1933,17373944
Greece,GRC,1934,18108686
Greece,GRC,1935,18462614
Greece,GRC,1936,19253906
Greece,GRC,1937,19718050
Greece,GRC,1938,19230534
Greece,GRC,1939,16774643
Greece,GRC,1940,14882539
Greece,GRC,1941,14036524
Greece,GRC,1942,13979705
Greece,GRC,1943,13978410
Greece,GRC,1944,14069854
Greece,GRC,1945,14225051
Greece,GRC,1946,14555682
Greece,GRC,1947,14906523
Greece,GRC,1948,16584582
Greece,GRC,1949,16703963
Greece,GRC,1950,19096258
Greece,GRC,1951,19599656
Greece,GRC,1952,27920800
Greece,GRC,1953,22674268
Greece,GRC,1954,21829500
Greece,GRC,1955,21903640
Greece,GRC,1956,22852002
Greece,GRC,1957,23813694
Greece,GRC,1958,23827240
Greece,GRC,1959,22917324
Greece,GRC,1960,24321016
Greece,GRC,1961,25639800
Greece,GRC,1962,32562344
Greece,GRC,1963,30315908
Greece,GRC,1964,30381946
Greece,GRC,1965,37480030
Greece,GRC,1966,38291460
Greece,GRC,1967,38915468
Greece,GRC,1968,41489616
Greece,GRC,1969,44420944
Greece,GRC,1970,42129444
Greece,GRC,1971,45686896
Greece,GRC,1972,49164012
Greece,GRC,1973,55434040
Greece,GRC,1974,55006716
Greece,GRC,1975,57878190
Greece,GRC,1976,62102870
Greece,GRC,1977,68172504
Greece,GRC,1978,68321510
Greece,GRC,1979,70932696
Greece,GRC,1980,71701760
Greece,GRC,1981,70334350
Greece,GRC,1982,71641656
Greece,GRC,1983,76126776
Greece,GRC,1984,77036180
Greece,GRC,1985,80525360
Greece,GRC,1986,78895740
Greece,GRC,1987,83167770
Greece,GRC,1988,89101230
Greece,GRC,1989,94750580
Greece,GRC,1990,104649350
Greece,GRC,1991,104750660
Greece,GRC,1992,105390810
Greece,GRC,1993,104488800
Greece,GRC,1994,107145790
Greece,GRC,1995,107526184
Greece,GRC,1996,109410970
Greece,GRC,1997,113485384
Greece,GRC,1998,117962150
Greece,GRC,1999,116854400
Greece,GRC,2000,122182570
Greece,GRC,2001,123452540
Greece,GRC,2002,123148730
Greece,GRC,2003,126537336
Greece,GRC,2004,127534740
Greece,GRC,2005,131423550
Greece,GRC,2006,129639430
Greece,GRC,2007,132241390
Greece,GRC,2008,128476940
Greece,GRC,2009,121698590
Greece,GRC,2010,113878290
Greece,GRC,2011,110541340
Greece,GRC,2012,106655570
Greece,GRC,2013,93043950
Greece,GRC,2014,90142184
Greece,GRC,2015,84390630
Greece,GRC,2016,79104330
Greece,GRC,2017,82052410
Greece,GRC,2018,87120530
Greece,GRC,2019,76926250
Greece,GRC,2020,64421584
Greece,GRC,2021,65903604
Greece,GRC,2022,66376956
Greece,GRC,2023,62760188
Grenada,GRD,1850,29449.139
Grenada,GRD,1851,29022.076
Grenada,GRD,1852,28818.092
Grenada,GRD,1853,28738.658
Grenada,GRD,1854,28677.363
Grenada,GRD,1855,28652.482
Grenada,GRD,1856,28732.125
Grenada,GRD,1857,28813.617
Grenada,GRD,1858,28915.291
Grenada,GRD,1859,28982.197
Grenada,GRD,1860,29316.629
Grenada,GRD,1861,29510.443
Grenada,GRD,1862,29581.066
Grenada,GRD,1863,29729.81
Grenada,GRD,1864,29848.842
Grenada,GRD,1865,29916.402
Grenada,GRD,1866,29975.34
Grenada,GRD,1867,30043.982
Grenada,GRD,1868,30113.174
Grenada,GRD,1869,30159.695
Grenada,GRD,1870,30252.656
Grenada,GRD,1871,30392.436
Grenada,GRD,1872,30455.834
Grenada,GRD,1873,30568.896
Grenada,GRD,1874,30666.51
Grenada,GRD,1875,30748.854
Grenada,GRD,1876,30813.727
Grenada,GRD,1877,30905.928
Grenada,GRD,1878,30979.379
Grenada,GRD,1879,30940.766
Grenada,GRD,1880,31192.129
Grenada,GRD,1881,31328.469
Grenada,GRD,1882,31401.383
Grenada,GRD,1883,31506.965
Grenada,GRD,1884,31575.941
Grenada,GRD,1885,31616.86
Grenada,GRD,1886,31658.432
Grenada,GRD,1887,31734.902
Grenada,GRD,1888,31790.178
Grenada,GRD,1889,31864.547
Grenada,GRD,1890,32258.635
Grenada,GRD,1891,32374.059
Grenada,GRD,1892,32489.506
Grenada,GRD,1893,32619.61
Grenada,GRD,1894,32746.156
Grenada,GRD,1895,32841.523
Grenada,GRD,1896,32975.41
Grenada,GRD,1897,33110.86
Grenada,GRD,1898,33234.863
Grenada,GRD,1899,33291.98
Grenada,GRD,1900,33537.254
Grenada,GRD,1901,33682.73
Grenada,GRD,1902,33819.055
Grenada,GRD,1903,33931.45
Grenada,GRD,1904,34103.047
Grenada,GRD,1905,34294.953
Grenada,GRD,1906,34430.004
Grenada,GRD,1907,34586.766
Grenada,GRD,1908,34715.55
Grenada,GRD,1909,34812.49
Grenada,GRD,1910,31576.102
Grenada,GRD,1911,30259.457
Grenada,GRD,1912,29541.076
Grenada,GRD,1913,29036.695
Grenada,GRD,1914,28608.062
Grenada,GRD,1915,28256.682
Grenada,GRD,1916,27936.71
Grenada,GRD,1917,27666.473
Grenada,GRD,1918,27463.947
Grenada,GRD,1919,27265.326
Grenada,GRD,1920,27683.686
Grenada,GRD,1921,27870.857
Grenada,GRD,1922,27963.84
Grenada,GRD,1923,28060.613
Grenada,GRD,1924,27932.121
Grenada,GRD,1925,27970.941
Grenada,GRD,1926,28000.895
Grenada,GRD,1927,28033.799
Grenada,GRD,1928,28054.59
Grenada,GRD,1929,28082.604
Grenada,GRD,1930,28286.488
Grenada,GRD,1931,28445.611
Grenada,GRD,1932,28510.64
Grenada,GRD,1933,28587.213
Grenada,GRD,1934,28606.695
Grenada,GRD,1935,28663.746
Grenada,GRD,1936,28746.283
Grenada,GRD,1937,28837.889
Grenada,GRD,1938,28956.602
Grenada,GRD,1939,29075.508
Grenada,GRD,1940,29098.096
Grenada,GRD,1941,29346.438
Grenada,GRD,1942,29689.855
Grenada,GRD,1943,30008.906
Grenada,GRD,1944,30421.191
Grenada,GRD,1945,31093.729
Grenada,GRD,1946,31841.963
Grenada,GRD,1947,32568.996
Grenada,GRD,1948,33289.06
Grenada,GRD,1949,33953.793
Grenada,GRD,1950,41018.53
Grenada,GRD,1951,54480.05
Grenada,GRD,1952,67135.305
Grenada,GRD,1953,79475.14
Grenada,GRD,1954,89421.62
Grenada,GRD,1955,99116.29
Grenada,GRD,1956,107035.53
Grenada,GRD,1957,112399.29
Grenada,GRD,1958,118801.45
Grenada,GRD,1959,121307.79
Grenada,GRD,1960,101086.74
Grenada,GRD,1961,86132.836
Grenada,GRD,1962,87410.58
Grenada,GRD,1963,76486.625
Grenada,GRD,1964,82028.74
Grenada,GRD,1965,81997.36
Grenada,GRD,1966,89243.09
Grenada,GRD,1967,94844.8
Grenada,GRD,1968,99003.97
Grenada,GRD,1969,105094.055
Grenada,GRD,1970,101819.445
Grenada,GRD,1971,95939.56
Grenada,GRD,1972,93571.85
Grenada,GRD,1973,100546.2
Grenada,GRD,1974,81592.54
Grenada,GRD,1975,90819.62
Grenada,GRD,1976,93047.27
Grenada,GRD,1977,87160.09
Grenada,GRD,1978,92886.195
Grenada,GRD,1979,69866.4
Grenada,GRD,1980,70592.09
Grenada,GRD,1981,84003.56
Grenada,GRD,1982,89701.555
Grenada,GRD,1983,91036.65
Grenada,GRD,1984,76282.5
Grenada,GRD,1985,77169.99
Grenada,GRD,1986,72790.75
Grenada,GRD,1987,80710.72
Grenada,GRD,1988,105491.83
Grenada,GRD,1989,112942.65
Grenada,GRD,1990,111655.1
Grenada,GRD,1991,117381.57
Grenada,GRD,1992,127858.89
Grenada,GRD,1993,134405.27
Grenada,GRD,1994,151076.95
Grenada,GRD,1995,161482.56
Grenada,GRD,1996,168141.62
Grenada,GRD,1997,184627.47
Grenada,GRD,1998,254671.45
Grenada,GRD,1999,242761.92
Grenada,GRD,2000,287981.3
Grenada,GRD,2001,255198.1
Grenada,GRD,2002,247103.88
Grenada,GRD,2003,254966.27
Grenada,GRD,2004,218428.23
Grenada,GRD,2005,231282.44
Grenada,GRD,2006,250581.72
Grenada,GRD,2007,256446.38
Grenada,GRD,2008,323303.34
Grenada,GRD,2009,299275.47
Grenada,GRD,2010,295549.78
Grenada,GRD,2011,272682.3
Grenada,GRD,2012,289936.75
Grenada,GRD,2013,318007.25
Grenada,GRD,2014,261951.3
Grenada,GRD,2015,284487.16
Grenada,GRD,2016,304285
Grenada,GRD,2017,324716.53
Grenada,GRD,2018,341145.9
Grenada,GRD,2019,368588.12
Grenada,GRD,2020,328790.2
Grenada,GRD,2021,351423.47
Grenada,GRD,2022,363666.2
Grenada,GRD,2023,383697.06
Guatemala,GTM,1850,8682609
Guatemala,GTM,1851,10009563
Guatemala,GTM,1852,8689337
Guatemala,GTM,1853,8393566
Guatemala,GTM,1854,8543156
Guatemala,GTM,1855,8605670
Guatemala,GTM,1856,8073494
Guatemala,GTM,1857,8470302
Guatemala,GTM,1858,9470176
Guatemala,GTM,1859,9046277
Guatemala,GTM,1860,8377985
Guatemala,GTM,1861,8428118
Guatemala,GTM,1862,7497084
Guatemala,GTM,1863,8206341.5
Guatemala,GTM,1864,7786613
Guatemala,GTM,1865,7030874
Guatemala,GTM,1866,8851309
Guatemala,GTM,1867,9716796
Guatemala,GTM,1868,7822855
Guatemala,GTM,1869,8947470
Guatemala,GTM,1870,7843044
Guatemala,GTM,1871,7210691
Guatemala,GTM,1872,6781939
Guatemala,GTM,1873,7200581
Guatemala,GTM,1874,6863079.5
Guatemala,GTM,1875,7095757.5
Guatemala,GTM,1876,6383821.5
Guatemala,GTM,1877,6362777.5
Guatemala,GTM,1878,6848509.5
Guatemala,GTM,1879,6739960
Guatemala,GTM,1880,6899451.5
Guatemala,GTM,1881,6360087
Guatemala,GTM,1882,5850750
Guatemala,GTM,1883,6244256.5
Guatemala,GTM,1884,6013943
Guatemala,GTM,1885,5402150
Guatemala,GTM,1886,5555036
Guatemala,GTM,1887,5205045
Guatemala,GTM,1888,5499509
Guatemala,GTM,1889,5433080.5
Guatemala,GTM,1890,5478971
Guatemala,GTM,1891,5345025
Guatemala,GTM,1892,5317705.5
Guatemala,GTM,1893,5392899
Guatemala,GTM,1894,5801060.5
Guatemala,GTM,1895,5179430
Guatemala,GTM,1896,5132354.5
Guatemala,GTM,1897,5078898
Guatemala,GTM,1898,5326723
Guatemala,GTM,1899,5564720
Guatemala,GTM,1900,5682898
Guatemala,GTM,1901,5827680.5
Guatemala,GTM,1902,5691395
Guatemala,GTM,1903,7687518.5
Guatemala,GTM,1904,7066579
Guatemala,GTM,1905,7153237
Guatemala,GTM,1906,6765115.5
Guatemala,GTM,1907,6910342.5
Guatemala,GTM,1908,7198370
Guatemala,GTM,1909,8324571
Guatemala,GTM,1910,9333773
Guatemala,GTM,1911,8626772
Guatemala,GTM,1912,8495053
Guatemala,GTM,1913,8275947
Guatemala,GTM,1914,8647541
Guatemala,GTM,1915,8300359.5
Guatemala,GTM,1916,8024728
Guatemala,GTM,1917,7881373.5
Guatemala,GTM,1918,7572096
Guatemala,GTM,1919,8974727
Guatemala,GTM,1920,10088595
Guatemala,GTM,1921,10815377
Guatemala,GTM,1922,9564813
Guatemala,GTM,1923,9381589
Guatemala,GTM,1924,10345568
Guatemala,GTM,1925,13024997
Guatemala,GTM,1926,11038516
Guatemala,GTM,1927,10544103
Guatemala,GTM,1928,11276684
Guatemala,GTM,1929,12883404
Guatemala,GTM,1930,14353366
Guatemala,GTM,1931,18356856
Guatemala,GTM,1932,19378566
Guatemala,GTM,1933,20089924
Guatemala,GTM,1934,22416006
Guatemala,GTM,1935,22294808
Guatemala,GTM,1936,23607970
Guatemala,GTM,1937,24263068
Guatemala,GTM,1938,24477380
Guatemala,GTM,1939,25860254
Guatemala,GTM,1940,31515338
Guatemala,GTM,1941,36774972
Guatemala,GTM,1942,38430452
Guatemala,GTM,1943,42452064
Guatemala,GTM,1944,42508460
Guatemala,GTM,1945,43011490
Guatemala,GTM,1946,45800868
Guatemala,GTM,1947,44627460
Guatemala,GTM,1948,45156356
Guatemala,GTM,1949,53766764
Guatemala,GTM,1950,56063716
Guatemala,GTM,1951,54704350
Guatemala,GTM,1952,52693224
Guatemala,GTM,1953,51581264
Guatemala,GTM,1954,50873236
Guatemala,GTM,1955,50966996
Guatemala,GTM,1956,55168452
Guatemala,GTM,1957,53307516
Guatemala,GTM,1958,55157560
Guatemala,GTM,1959,60054904
Guatemala,GTM,1960,49187716
Guatemala,GTM,1961,40207824
Guatemala,GTM,1962,37444228
Guatemala,GTM,1963,35579120
Guatemala,GTM,1964,34557710
Guatemala,GTM,1965,33931628
Guatemala,GTM,1966,33840156
Guatemala,GTM,1967,32246408
Guatemala,GTM,1968,30822208
Guatemala,GTM,1969,30696488
Guatemala,GTM,1970,32115858
Guatemala,GTM,1971,34337364
Guatemala,GTM,1972,38712144
Guatemala,GTM,1973,40979580
Guatemala,GTM,1974,37211604
Guatemala,GTM,1975,41347772
Guatemala,GTM,1976,45341532
Guatemala,GTM,1977,43730572
Guatemala,GTM,1978,38910860
Guatemala,GTM,1979,39693788
Guatemala,GTM,1980,39287450
Guatemala,GTM,1981,40160740
Guatemala,GTM,1982,43369424
Guatemala,GTM,1983,123640900
Guatemala,GTM,1984,75309660
Guatemala,GTM,1985,56800456
Guatemala,GTM,1986,47838044
Guatemala,GTM,1987,107710584
Guatemala,GTM,1988,68833336
Guatemala,GTM,1989,51908630
Guatemala,GTM,1990,46787730
Guatemala,GTM,1991,45206610
Guatemala,GTM,1992,70839416
Guatemala,GTM,1993,61742540
Guatemala,GTM,1994,66851110
Guatemala,GTM,1995,59445580
Guatemala,GTM,1996,63642148
Guatemala,GTM,1997,86226380
Guatemala,GTM,1998,79803770
Guatemala,GTM,1999,77199760
Guatemala,GTM,2000,76478930
Guatemala,GTM,2001,81171400
Guatemala,GTM,2002,85448056
Guatemala,GTM,2003,69355500
Guatemala,GTM,2004,58135892
Guatemala,GTM,2005,59001188
Guatemala,GTM,2006,71458900
Guatemala,GTM,2007,65682016
Guatemala,GTM,2008,58363660
Guatemala,GTM,2009,55793572
Guatemala,GTM,2010,54426412
Guatemala,GTM,2011,50522604
Guatemala,GTM,2012,49091864
Guatemala,GTM,2013,55971428
Guatemala,GTM,2014,75201650
Guatemala,GTM,2015,69960584
Guatemala,GTM,2016,65625800
Guatemala,GTM,2017,62626576
Guatemala,GTM,2018,63174292
Guatemala,GTM,2019,64330810
Guatemala,GTM,2020,57984130
Guatemala,GTM,2021,61242790
Guatemala,GTM,2022,61361390
Guatemala,GTM,2023,64123484
Guinea,GIN,1850,43027656
Guinea,GIN,1851,53127770
Guinea,GIN,1852,61306748
Guinea,GIN,1853,64938736
Guinea,GIN,1854,68337200
Guinea,GIN,1855,70082020
Guinea,GIN,1856,69892264
Guinea,GIN,1857,72585544
Guinea,GIN,1858,74721360
Guinea,GIN,1859,76331260
Guinea,GIN,1860,39434040
Guinea,GIN,1861,26187386
Guinea,GIN,1862,19739942
Guinea,GIN,1863,16769486
Guinea,GIN,1864,15569230
Guinea,GIN,1865,12996250
Guinea,GIN,1866,11338186
Guinea,GIN,1867,10264161
Guinea,GIN,1868,8966680
Guinea,GIN,1869,7776573
Guinea,GIN,1870,7666501
Guinea,GIN,1871,7073705
Guinea,GIN,1872,6778279
Guinea,GIN,1873,7160350.5
Guinea,GIN,1874,6693439
Guinea,GIN,1875,6419447
Guinea,GIN,1876,6294037
Guinea,GIN,1877,5978213
Guinea,GIN,1878,6285828.5
Guinea,GIN,1879,6394652.5
Guinea,GIN,1880,6403445
Guinea,GIN,1881,5852327
Guinea,GIN,1882,5816819
Guinea,GIN,1883,5676956.5
Guinea,GIN,1884,5601662
Guinea,GIN,1885,6099685.5
Guinea,GIN,1886,5830940.5
Guinea,GIN,1887,5518035
Guinea,GIN,1888,5440014
Guinea,GIN,1889,5530030.5
Guinea,GIN,1890,5853886
Guinea,GIN,1891,6549992.5
Guinea,GIN,1892,6549714.5
Guinea,GIN,1893,6624748.5
Guinea,GIN,1894,6199145
Guinea,GIN,1895,5880957.5
Guinea,GIN,1896,6130642.5
Guinea,GIN,1897,6236537
Guinea,GIN,1898,6494163.5
Guinea,GIN,1899,7249947
Guinea,GIN,1900,7074418.5
Guinea,GIN,1901,7059619.5
Guinea,GIN,1902,6670131.5
Guinea,GIN,1903,7586802.5
Guinea,GIN,1904,8533120
Guinea,GIN,1905,8355864.5
Guinea,GIN,1906,8983506
Guinea,GIN,1907,8996179
Guinea,GIN,1908,9957179
Guinea,GIN,1909,10296170
Guinea,GIN,1910,11536601
Guinea,GIN,1911,12054362
Guinea,GIN,1912,12967275
Guinea,GIN,1913,13807258
Guinea,GIN,1914,14003010
Guinea,GIN,1915,15002231
Guinea,GIN,1916,14954757
Guinea,GIN,1917,15187729
Guinea,GIN,1918,15724093
Guinea,GIN,1919,16141667
Guinea,GIN,1920,17843302
Guinea,GIN,1921,19258600
Guinea,GIN,1922,19746500
Guinea,GIN,1923,21706338
Guinea,GIN,1924,21574308
Guinea,GIN,1925,22788276
Guinea,GIN,1926,22110142
Guinea,GIN,1927,22311822
Guinea,GIN,1928,22562914
Guinea,GIN,1929,23359126
Guinea,GIN,1930,25672370
Guinea,GIN,1931,27203016
Guinea,GIN,1932,29208962
Guinea,GIN,1933,30337642
Guinea,GIN,1934,30677764
Guinea,GIN,1935,30000282
Guinea,GIN,1936,30394394
Guinea,GIN,1937,29342558
Guinea,GIN,1938,30895260
Guinea,GIN,1939,30633242
Guinea,GIN,1940,45162024
Guinea,GIN,1941,48843292
Guinea,GIN,1942,53043990
Guinea,GIN,1943,56378684
Guinea,GIN,1944,54927240
Guinea,GIN,1945,58538200
Guinea,GIN,1946,57498280
Guinea,GIN,1947,59567776
Guinea,GIN,1948,58568628
Guinea,GIN,1949,61889680
Guinea,GIN,1950,53575320
Guinea,GIN,1951,53006580
Guinea,GIN,1952,49470776
Guinea,GIN,1953,46877680
Guinea,GIN,1954,48468876
Guinea,GIN,1955,45420720
Guinea,GIN,1956,45574680
Guinea,GIN,1957,47897356
Guinea,GIN,1958,46990300
Guinea,GIN,1959,47192684
Guinea,GIN,1960,34177184
Guinea,GIN,1961,27668620
Guinea,GIN,1962,24657750
Guinea,GIN,1963,22329250
Guinea,GIN,1964,20842748
Guinea,GIN,1965,19357640
Guinea,GIN,1966,18615992
Guinea,GIN,1967,17019614
Guinea,GIN,1968,15693529
Guinea,GIN,1969,15239893
Guinea,GIN,1970,14151304
Guinea,GIN,1971,13435552
Guinea,GIN,1972,12598438
Guinea,GIN,1973,12616451
Guinea,GIN,1974,11373031
Guinea,GIN,1975,11331019
Guinea,GIN,1976,11372810
Guinea,GIN,1977,10958714
Guinea,GIN,1978,10576112
Guinea,GIN,1979,10494199
Guinea,GIN,1980,10978016
Guinea,GIN,1981,10120958
Guinea,GIN,1982,10805331
Guinea,GIN,1983,10280095
Guinea,GIN,1984,10373510
Guinea,GIN,1985,9570922
Guinea,GIN,1986,9015732
Guinea,GIN,1987,9947240
Guinea,GIN,1988,10036051
Guinea,GIN,1989,14054283
Guinea,GIN,1990,12930870
Guinea,GIN,1991,14491297
Guinea,GIN,1992,14909781
Guinea,GIN,1993,15495789
Guinea,GIN,1994,17627420
Guinea,GIN,1995,21056486
Guinea,GIN,1996,22439706
Guinea,GIN,1997,23535336
Guinea,GIN,1998,22347274
Guinea,GIN,1999,25456352
Guinea,GIN,2000,28366080
Guinea,GIN,2001,27676288
Guinea,GIN,2002,30220642
Guinea,GIN,2003,34057936
Guinea,GIN,2004,31195494
Guinea,GIN,2005,32553424
Guinea,GIN,2006,34698110
Guinea,GIN,2007,35558530
Guinea,GIN,2008,35175612
Guinea,GIN,2009,35638750
Guinea,GIN,2010,38026644
Guinea,GIN,2011,42609916
Guinea,GIN,2012,46175670
Guinea,GIN,2013,44239584
Guinea,GIN,2014,42505760
Guinea,GIN,2015,42796836
Guinea,GIN,2016,45959536
Guinea,GIN,2017,47725868
Guinea,GIN,2018,45385424
Guinea,GIN,2019,46361656
Guinea,GIN,2020,46723690
Guinea,GIN,2021,47177508
Guinea,GIN,2022,49777076
Guinea,GIN,2023,51106756
Guinea-Bissau,GNB,1850,400754.75
Guinea-Bissau,GNB,1851,447598.47
Guinea-Bissau,GNB,1852,481790.94
Guinea-Bissau,GNB,1853,484547.4
Guinea-Bissau,GNB,1854,530716.75
Guinea-Bissau,GNB,1855,516051.56
Guinea-Bissau,GNB,1856,513000.72
Guinea-Bissau,GNB,1857,514934.9
Guinea-Bissau,GNB,1858,514647.7
Guinea-Bissau,GNB,1859,516336.84
Guinea-Bissau,GNB,1860,378904.25
Guinea-Bissau,GNB,1861,336472.16
Guinea-Bissau,GNB,1862,315995.94
Guinea-Bissau,GNB,1863,340468.66
Guinea-Bissau,GNB,1864,378577.84
Guinea-Bissau,GNB,1865,338201.75
Guinea-Bissau,GNB,1866,328383.7
Guinea-Bissau,GNB,1867,334186.28
Guinea-Bissau,GNB,1868,374060.5
Guinea-Bissau,GNB,1869,329954.84
Guinea-Bissau,GNB,1870,322903.06
Guinea-Bissau,GNB,1871,321762.2
Guinea-Bissau,GNB,1872,320586.3
Guinea-Bissau,GNB,1873,322601.06
Guinea-Bissau,GNB,1874,321633.72
Guinea-Bissau,GNB,1875,323447.2
Guinea-Bissau,GNB,1876,373384.7
Guinea-Bissau,GNB,1877,338077.78
Guinea-Bissau,GNB,1878,331789.56
Guinea-Bissau,GNB,1879,328201.3
Guinea-Bissau,GNB,1880,335763.88
Guinea-Bissau,GNB,1881,346219.97
Guinea-Bissau,GNB,1882,349955.06
Guinea-Bissau,GNB,1883,349164.66
Guinea-Bissau,GNB,1884,346674.47
Guinea-Bissau,GNB,1885,344367.75
Guinea-Bissau,GNB,1886,340560.94
Guinea-Bissau,GNB,1887,345029.84
Guinea-Bissau,GNB,1888,339104.7
Guinea-Bissau,GNB,1889,337194.9
Guinea-Bissau,GNB,1890,349024.25
Guinea-Bissau,GNB,1891,356282.88
Guinea-Bissau,GNB,1892,370819.03
Guinea-Bissau,GNB,1893,362553.5
Guinea-Bissau,GNB,1894,379112.78
Guinea-Bissau,GNB,1895,368866.94
Guinea-Bissau,GNB,1896,367335.53
Guinea-Bissau,GNB,1897,383887.38
Guinea-Bissau,GNB,1898,373307.75
Guinea-Bissau,GNB,1899,371842.8
Guinea-Bissau,GNB,1900,392848.62
Guinea-Bissau,GNB,1901,415324.7
Guinea-Bissau,GNB,1902,431835.62
Guinea-Bissau,GNB,1903,434266.97
Guinea-Bissau,GNB,1904,454995.8
Guinea-Bissau,GNB,1905,446643.1
Guinea-Bissau,GNB,1906,513629.3
Guinea-Bissau,GNB,1907,462922.2
Guinea-Bissau,GNB,1908,471883.38
Guinea-Bissau,GNB,1909,478102.22
Guinea-Bissau,GNB,1910,482875.97
Guinea-Bissau,GNB,1911,537543.9
Guinea-Bissau,GNB,1912,510929.47
Guinea-Bissau,GNB,1913,501952.7
Guinea-Bissau,GNB,1914,516304.9
Guinea-Bissau,GNB,1915,528771.6
Guinea-Bissau,GNB,1916,539053.5
Guinea-Bissau,GNB,1917,553666.44
Guinea-Bissau,GNB,1918,585812.94
Guinea-Bissau,GNB,1919,565843.44
Guinea-Bissau,GNB,1920,642446
Guinea-Bissau,GNB,1921,755813.06
Guinea-Bissau,GNB,1922,774447.6
Guinea-Bissau,GNB,1923,772989.75
Guinea-Bissau,GNB,1924,847422.4
Guinea-Bissau,GNB,1925,825844.25
Guinea-Bissau,GNB,1926,822549.2
Guinea-Bissau,GNB,1927,856740.9
Guinea-Bissau,GNB,1928,852231.06
Guinea-Bissau,GNB,1929,865779.56
Guinea-Bissau,GNB,1930,1041523.3
Guinea-Bissau,GNB,1931,1202136.6
Guinea-Bissau,GNB,1932,1334722
Guinea-Bissau,GNB,1933,1318913.8
Guinea-Bissau,GNB,1934,1267490
Guinea-Bissau,GNB,1935,1275719.6
Guinea-Bissau,GNB,1936,1311269.5
Guinea-Bissau,GNB,1937,1390573.2
Guinea-Bissau,GNB,1938,1389028.5
Guinea-Bissau,GNB,1939,1470982.1
Guinea-Bissau,GNB,1940,2262118.2
Guinea-Bissau,GNB,1941,2709969.8
Guinea-Bissau,GNB,1942,2921175.2
Guinea-Bissau,GNB,1943,3293732.2
Guinea-Bissau,GNB,1944,3373145.2
Guinea-Bissau,GNB,1945,3539815
Guinea-Bissau,GNB,1946,3731030
Guinea-Bissau,GNB,1947,3824938.2
Guinea-Bissau,GNB,1948,3912979.5
Guinea-Bissau,GNB,1949,3925642.5
Guinea-Bissau,GNB,1950,3484710.5
Guinea-Bissau,GNB,1951,2871663.5
Guinea-Bissau,GNB,1952,2578816.5
Guinea-Bissau,GNB,1953,2367288
Guinea-Bissau,GNB,1954,2272807
Guinea-Bissau,GNB,1955,2200968.8
Guinea-Bissau,GNB,1956,2126480
Guinea-Bissau,GNB,1957,2081593.1
Guinea-Bissau,GNB,1958,2015882.1
Guinea-Bissau,GNB,1959,1914356.4
Guinea-Bissau,GNB,1960,1746139.1
Guinea-Bissau,GNB,1961,1708884.1
Guinea-Bissau,GNB,1962,1732106.4
Guinea-Bissau,GNB,1963,1667731.4
Guinea-Bissau,GNB,1964,1750194.9
Guinea-Bissau,GNB,1965,1686897.9
Guinea-Bissau,GNB,1966,2402104.8
Guinea-Bissau,GNB,1967,2256781.8
Guinea-Bissau,GNB,1968,2044174.2
Guinea-Bissau,GNB,1969,2023415.6
Guinea-Bissau,GNB,1970,2077464.4
Guinea-Bissau,GNB,1971,2076430.2
Guinea-Bissau,GNB,1972,2380545.2
Guinea-Bissau,GNB,1973,2634358.5
Guinea-Bissau,GNB,1974,2362928
Guinea-Bissau,GNB,1975,2454695.5
Guinea-Bissau,GNB,1976,2478760.8
Guinea-Bissau,GNB,1977,2567083.2
Guinea-Bissau,GNB,1978,2576779.8
Guinea-Bissau,GNB,1979,2857580.8
Guinea-Bissau,GNB,1980,3425808.8
Guinea-Bissau,GNB,1981,3961429.5
Guinea-Bissau,GNB,1982,4337800.5
Guinea-Bissau,GNB,1983,5300602
Guinea-Bissau,GNB,1984,4679988.5
Guinea-Bissau,GNB,1985,3599630.5
Guinea-Bissau,GNB,1986,3309142.2
Guinea-Bissau,GNB,1987,3200217.5
Guinea-Bissau,GNB,1988,5138564.5
Guinea-Bissau,GNB,1989,4755797.5
Guinea-Bissau,GNB,1990,4074484.5
Guinea-Bissau,GNB,1991,3891562.2
Guinea-Bissau,GNB,1992,4769149
Guinea-Bissau,GNB,1993,4714271.5
Guinea-Bissau,GNB,1994,4655351
Guinea-Bissau,GNB,1995,4733114
Guinea-Bissau,GNB,1996,5980497
Guinea-Bissau,GNB,1997,4935350.5
Guinea-Bissau,GNB,1998,6941759
Guinea-Bissau,GNB,1999,7231016.5
Guinea-Bissau,GNB,2000,6226379.5
Guinea-Bissau,GNB,2001,5221723.5
Guinea-Bissau,GNB,2002,4924593
Guinea-Bissau,GNB,2003,5499973.5
Guinea-Bissau,GNB,2004,4991784
Guinea-Bissau,GNB,2005,4926571
Guinea-Bissau,GNB,2006,4946420
Guinea-Bissau,GNB,2007,5117984.5
Guinea-Bissau,GNB,2008,4804592
Guinea-Bissau,GNB,2009,5821163
Guinea-Bissau,GNB,2010,5281715
Guinea-Bissau,GNB,2011,5025979
Guinea-Bissau,GNB,2012,5183818.5
Guinea-Bissau,GNB,2013,5012507.5
Guinea-Bissau,GNB,2014,5051708
Guinea-Bissau,GNB,2015,5083001.5
Guinea-Bissau,GNB,2016,4986748.5
Guinea-Bissau,GNB,2017,5046844.5
Guinea-Bissau,GNB,2018,5002755
Guinea-Bissau,GNB,2019,4999879.5
Guinea-Bissau,GNB,2020,5121314.5
Guinea-Bissau,GNB,2021,4867226.5
Guinea-Bissau,GNB,2022,4951179.5
Guinea-Bissau,GNB,2023,4886500
Guyana,GUY,1850,6539582.5
Guyana,GUY,1851,-874730.2
Guyana,GUY,1852,3701194.2
Guyana,GUY,1853,2009340.4
Guyana,GUY,1854,2564568.2
Guyana,GUY,1855,3708366.5
Guyana,GUY,1856,3453676.5
Guyana,GUY,1857,3700350.5
Guyana,GUY,1858,4740491
Guyana,GUY,1859,3206963
Guyana,GUY,1860,3358770.2
Guyana,GUY,1861,3312014.2
Guyana,GUY,1862,3105701.2
Guyana,GUY,1863,3584535
Guyana,GUY,1864,3224897.2
Guyana,GUY,1865,4275037
Guyana,GUY,1866,3192200.5
Guyana,GUY,1867,4267552
Guyana,GUY,1868,4191538.8
Guyana,GUY,1869,4411505.5
Guyana,GUY,1870,4646022
Guyana,GUY,1871,4070472.5
Guyana,GUY,1872,4079344
Guyana,GUY,1873,5656737
Guyana,GUY,1874,4317527.5
Guyana,GUY,1875,7536063
Guyana,GUY,1876,4283081
Guyana,GUY,1877,2138510.5
Guyana,GUY,1878,5840575
Guyana,GUY,1879,5584481
Guyana,GUY,1880,4263321
Guyana,GUY,1881,4606312.5
Guyana,GUY,1882,3911743.8
Guyana,GUY,1883,4482435
Guyana,GUY,1884,5536804
Guyana,GUY,1885,6026197
Guyana,GUY,1886,435059.28
Guyana,GUY,1887,4656492
Guyana,GUY,1888,6469507.5
Guyana,GUY,1889,6803627.5
Guyana,GUY,1890,4012664.5
Guyana,GUY,1891,2781746.8
Guyana,GUY,1892,6064240
Guyana,GUY,1893,4688334
Guyana,GUY,1894,6034050.5
Guyana,GUY,1895,8522202
Guyana,GUY,1896,4696470
Guyana,GUY,1897,3444137.5
Guyana,GUY,1898,8822473
Guyana,GUY,1899,5242497
Guyana,GUY,1900,5147603.5
Guyana,GUY,1901,5394951
Guyana,GUY,1902,6352601.5
Guyana,GUY,1903,6615059
Guyana,GUY,1904,5259434
Guyana,GUY,1905,4366110.5
Guyana,GUY,1906,7051749.5
Guyana,GUY,1907,7016312.5
Guyana,GUY,1908,7389016
Guyana,GUY,1909,7095376.5
Guyana,GUY,1910,6301258
Guyana,GUY,1911,5506573
Guyana,GUY,1912,6771193.5
Guyana,GUY,1913,7004381.5
Guyana,GUY,1914,6864151.5
Guyana,GUY,1915,7129035.5
Guyana,GUY,1916,8030625
Guyana,GUY,1917,5964835
Guyana,GUY,1918,8483977
Guyana,GUY,1919,7282135.5
Guyana,GUY,1920,8083666
Guyana,GUY,1921,8404762
Guyana,GUY,1922,7505085.5
Guyana,GUY,1923,7127637.5
Guyana,GUY,1924,9095320
Guyana,GUY,1925,7070334.5
Guyana,GUY,1926,11256018
Guyana,GUY,1927,8716646
Guyana,GUY,1928,10604476
Guyana,GUY,1929,4520903.5
Guyana,GUY,1930,10347649
Guyana,GUY,1931,6670793.5
Guyana,GUY,1932,8896859
Guyana,GUY,1933,9438545
Guyana,GUY,1934,13427496
Guyana,GUY,1935,7854692.5
Guyana,GUY,1936,11673016
Guyana,GUY,1937,11184344
Guyana,GUY,1938,11601822
Guyana,GUY,1939,9748229
Guyana,GUY,1940,9279402
Guyana,GUY,1941,11956233
Guyana,GUY,1942,10200304
Guyana,GUY,1943,10898382
Guyana,GUY,1944,7715132
Guyana,GUY,1945,6732590
Guyana,GUY,1946,6608786.5
Guyana,GUY,1947,7878138.5
Guyana,GUY,1948,9179416
Guyana,GUY,1949,6000599.5
Guyana,GUY,1950,9201263
Guyana,GUY,1951,12481794
Guyana,GUY,1952,18231308
Guyana,GUY,1953,16360335
Guyana,GUY,1954,18490730
Guyana,GUY,1955,18231068
Guyana,GUY,1956,20993422
Guyana,GUY,1957,19802850
Guyana,GUY,1958,17644428
Guyana,GUY,1959,26672572
Guyana,GUY,1960,18883770
Guyana,GUY,1961,8731583
Guyana,GUY,1962,8468680
Guyana,GUY,1963,9930619
Guyana,GUY,1964,7692405
Guyana,GUY,1965,9746879
Guyana,GUY,1966,14054833
Guyana,GUY,1967,8302708.5
Guyana,GUY,1968,3065127
Guyana,GUY,1969,9508056
Guyana,GUY,1970,7796262
Guyana,GUY,1971,6153867
Guyana,GUY,1972,9542977
Guyana,GUY,1973,9525026
Guyana,GUY,1974,11731074
Guyana,GUY,1975,7474871.5
Guyana,GUY,1976,12838299
Guyana,GUY,1977,11298635
Guyana,GUY,1978,12215588
Guyana,GUY,1979,14535338
Guyana,GUY,1980,11969204
Guyana,GUY,1981,10372464
Guyana,GUY,1982,9980075
Guyana,GUY,1983,6984381
Guyana,GUY,1984,3214816.8
Guyana,GUY,1985,8295889.5
Guyana,GUY,1986,5984510.5
Guyana,GUY,1987,5701162
Guyana,GUY,1988,2760728.5
Guyana,GUY,1989,3497456.2
Guyana,GUY,1990,4422778.5
Guyana,GUY,1991,6622967.5
Guyana,GUY,1992,13056234
Guyana,GUY,1993,6460886.5
Guyana,GUY,1994,12589114
Guyana,GUY,1995,15494391
Guyana,GUY,1996,9234982
Guyana,GUY,1997,18146954
Guyana,GUY,1998,19586240
Guyana,GUY,1999,16677677
Guyana,GUY,2000,7932252.5
Guyana,GUY,2001,5845220
Guyana,GUY,2002,9095029
Guyana,GUY,2003,17749754
Guyana,GUY,2004,14526746
Guyana,GUY,2005,5638041.5
Guyana,GUY,2006,12981838
Guyana,GUY,2007,8258821.5
Guyana,GUY,2008,11449999
Guyana,GUY,2009,11609323
Guyana,GUY,2010,10963664
Guyana,GUY,2011,8673372
Guyana,GUY,2012,13061854
Guyana,GUY,2013,9203352
Guyana,GUY,2014,3858278.8
Guyana,GUY,2015,5662151.5
Guyana,GUY,2016,12267582
Guyana,GUY,2017,5978996.5
Guyana,GUY,2018,10134403
Guyana,GUY,2019,11993037
Guyana,GUY,2020,12443326
Guyana,GUY,2021,11256409
Guyana,GUY,2022,11202053
Guyana,GUY,2023,11398960
Haiti,HTI,1850,2990859.2
Haiti,HTI,1851,2467034
Haiti,HTI,1852,2697939.2
Haiti,HTI,1853,2919104
Haiti,HTI,1854,2864342.2
Haiti,HTI,1855,2982324.8
Haiti,HTI,1856,3008305.2
Haiti,HTI,1857,3124854.2
Haiti,HTI,1858,3092762.8
Haiti,HTI,1859,3050552.2
Haiti,HTI,1860,3074822.8
Haiti,HTI,1861,2875268.8
Haiti,HTI,1862,3195731
Haiti,HTI,1863,2803979.2
Haiti,HTI,1864,3497852
Haiti,HTI,1865,3189080.8
Haiti,HTI,1866,3550752.8
Haiti,HTI,1867,3444215.8
Haiti,HTI,1868,2976900.8
Haiti,HTI,1869,3536632
Haiti,HTI,1870,3472367.5
Haiti,HTI,1871,2963141.5
Haiti,HTI,1872,2627231.2
Haiti,HTI,1873,2963885
Haiti,HTI,1874,2913805.8
Haiti,HTI,1875,2987148.2
Haiti,HTI,1876,2954605
Haiti,HTI,1877,3036614.5
Haiti,HTI,1878,3093710.5
Haiti,HTI,1879,2957674.8
Haiti,HTI,1880,3342736.8
Haiti,HTI,1881,3521468
Haiti,HTI,1882,3905111.5
Haiti,HTI,1883,3708711.5
Haiti,HTI,1884,3796890
Haiti,HTI,1885,4024689.2
Haiti,HTI,1886,3294533.8
Haiti,HTI,1887,3977859.5
Haiti,HTI,1888,4034680.5
Haiti,HTI,1889,4004227
Haiti,HTI,1890,4386056.5
Haiti,HTI,1891,4357593
Haiti,HTI,1892,4673607
Haiti,HTI,1893,4599133
Haiti,HTI,1894,4831388
Haiti,HTI,1895,4468683
Haiti,HTI,1896,4796907
Haiti,HTI,1897,4358307.5
Haiti,HTI,1898,5046884.5
Haiti,HTI,1899,4482244.5
Haiti,HTI,1900,5082952
Haiti,HTI,1901,4744140
Haiti,HTI,1902,4823158.5
Haiti,HTI,1903,5096241.5
Haiti,HTI,1904,4717362.5
Haiti,HTI,1905,4995373
Haiti,HTI,1906,5259837
Haiti,HTI,1907,5164316
Haiti,HTI,1908,5262855
Haiti,HTI,1909,5387437.5
Haiti,HTI,1910,5221409.5
Haiti,HTI,1911,5485590
Haiti,HTI,1912,5733756.5
Haiti,HTI,1913,5691802
Haiti,HTI,1914,5916358
Haiti,HTI,1915,5872479.5
Haiti,HTI,1916,6033862.5
Haiti,HTI,1917,6098657
Haiti,HTI,1918,5983309
Haiti,HTI,1919,6172935.5
Haiti,HTI,1920,6411245
Haiti,HTI,1921,6091424
Haiti,HTI,1922,6178421.5
Haiti,HTI,1923,6173647.5
Haiti,HTI,1924,6518829.5
Haiti,HTI,1925,6051292
Haiti,HTI,1926,6155942.5
Haiti,HTI,1927,6194852
Haiti,HTI,1928,6158953
Haiti,HTI,1929,6164062.5
Haiti,HTI,1930,6184895
Haiti,HTI,1931,6447727
Haiti,HTI,1932,6435214.5
Haiti,HTI,1933,6515167.5
Haiti,HTI,1934,6685077.5
Haiti,HTI,1935,6266071.5
Haiti,HTI,1936,6552528
Haiti,HTI,1937,6645351
Haiti,HTI,1938,6686677
Haiti,HTI,1939,6814939
Haiti,HTI,1940,7199093
Haiti,HTI,1941,7396231
Haiti,HTI,1942,7962210.5
Haiti,HTI,1943,7773816
Haiti,HTI,1944,7855344.5
Haiti,HTI,1945,7908914
Haiti,HTI,1946,8018439
Haiti,HTI,1947,8211679.5
Haiti,HTI,1948,8526884
Haiti,HTI,1949,8430059
Haiti,HTI,1950,8715629
Haiti,HTI,1951,9025499
Haiti,HTI,1952,9196158
Haiti,HTI,1953,9459659
Haiti,HTI,1954,10323848
Haiti,HTI,1955,10566919
Haiti,HTI,1956,10641475
Haiti,HTI,1957,10592098
Haiti,HTI,1958,11054836
Haiti,HTI,1959,12302070
Haiti,HTI,1960,9983923
Haiti,HTI,1961,9345865
Haiti,HTI,1962,8723268
Haiti,HTI,1963,8863900
Haiti,HTI,1964,8459918
Haiti,HTI,1965,8455486
Haiti,HTI,1966,8509927
Haiti,HTI,1967,8028667.5
Haiti,HTI,1968,8218859
Haiti,HTI,1969,8498942
Haiti,HTI,1970,8624127
Haiti,HTI,1971,6858078.5
Haiti,HTI,1972,6886947.5
Haiti,HTI,1973,6563616.5
Haiti,HTI,1974,6621180
Haiti,HTI,1975,6547534
Haiti,HTI,1976,6761527.5
Haiti,HTI,1977,7835555.5
Haiti,HTI,1978,7672251
Haiti,HTI,1979,8450293
Haiti,HTI,1980,7876409.5
Haiti,HTI,1981,8054619.5
Haiti,HTI,1982,7948170
Haiti,HTI,1983,8229436.5
Haiti,HTI,1984,8321341
Haiti,HTI,1985,8437500
Haiti,HTI,1986,8312064.5
Haiti,HTI,1987,8449069
Haiti,HTI,1988,8457444
Haiti,HTI,1989,8083582.5
Haiti,HTI,1990,8228730.5
Haiti,HTI,1991,8064975.5
Haiti,HTI,1992,8923557
Haiti,HTI,1993,10108472
Haiti,HTI,1994,9121389
Haiti,HTI,1995,12223572
Haiti,HTI,1996,18242252
Haiti,HTI,1997,14298830
Haiti,HTI,1998,13668345
Haiti,HTI,1999,13034185
Haiti,HTI,2000,12703483
Haiti,HTI,2001,12491466
Haiti,HTI,2002,12394424
Haiti,HTI,2003,12422021
Haiti,HTI,2004,19319346
Haiti,HTI,2005,20616824
Haiti,HTI,2006,17076250
Haiti,HTI,2007,16741620
Haiti,HTI,2008,20015738
Haiti,HTI,2009,27710120
Haiti,HTI,2010,23136082
Haiti,HTI,2011,21936486
Haiti,HTI,2012,21544318
Haiti,HTI,2013,18541242
Haiti,HTI,2014,17849342
Haiti,HTI,2015,17175116
Haiti,HTI,2016,16859478
Haiti,HTI,2017,16404354
Haiti,HTI,2018,14188197
Haiti,HTI,2019,14358154
Haiti,HTI,2020,14726908
Haiti,HTI,2021,14452840
Haiti,HTI,2022,13783873
Haiti,HTI,2023,13845915
High-income countries,,1850,2267206700
High-income countries,,1851,2399591400
High-income countries,,1852,2448359700
High-income countries,,1853,2443260000
High-income countries,,1854,2544545800
High-income countries,,1855,2490866000
High-income countries,,1856,2610722600
High-income countries,,1857,2584421600
High-income countries,,1858,2636775700
High-income countries,,1859,2691945200
High-income countries,,1860,2614076000
High-income countries,,1861,2683584300
High-income countries,,1862,2685210600
High-income countries,,1863,2709088300
High-income countries,,1864,2720731400
High-income countries,,1865,2715408000
High-income countries,,1866,2802629000
High-income countries,,1867,2811553500
High-income countries,,1868,2822765000
High-income countries,,1869,2885227500
High-income countries,,1870,3161634300
High-income countries,,1871,3148019200
High-income countries,,1872,3435087400
High-income countries,,1873,3439791400
High-income countries,,1874,3585009700
High-income countries,,1875,3700039700
High-income countries,,1876,3716583200
High-income countries,,1877,3735702300
High-income countries,,1878,3804609800
High-income countries,,1879,3859981800
High-income countries,,1880,4018022700
High-income countries,,1881,3950487000
High-income countries,,1882,4124554500
High-income countries,,1883,4112222200
High-income countries,,1884,4264772600
High-income countries,,1885,4284773400
High-income countries,,1886,4204850700
High-income countries,,1887,4342449700
High-income countries,,1888,4404167700
High-income countries,,1889,4451922400
High-income countries,,1890,4718759400
High-income countries,,1891,4845587000
High-income countries,,1892,4847311000
High-income countries,,1893,4969429000
High-income countries,,1894,5034032000
High-income countries,,1895,5112038400
High-income countries,,1896,5064616400
High-income countries,,1897,5258350000
High-income countries,,1898,5338953700
High-income countries,,1899,5534675500
High-income countries,,1900,5736733700
High-income countries,,1901,5755421700
High-income countries,,1902,5861103600
High-income countries,,1903,6020234000
High-income countries,,1904,6089974000
High-income countries,,1905,6341448000
High-income countries,,1906,6472147500
High-income countries,,1907,6757256000
High-income countries,,1908,6667086300
High-income countries,,1909,6867513000
High-income countries,,1910,6808517000
High-income countries,,1911,6746483000
High-income countries,,1912,6793971000
High-income countries,,1913,6920992300
High-income countries,,1914,6549410000
High-income countries,,1915,6437886000
High-income countries,,1916,6687829000
High-income countries,,1917,6835318000
High-income countries,,1918,6753232400
High-income countries,,1919,6197164000
High-income countries,,1920,6756506000
High-income countries,,1921,6418503000
High-income countries,,1922,6561750500
High-income countries,,1923,7062807600
High-income countries,,1924,7107281400
High-income countries,,1925,7119070700
High-income countries,,1926,7064367000
High-income countries,,1927,7428482600
High-income countries,,1928,7403778600
High-income countries,,1929,7677767700
High-income countries,,1930,7389524500
High-income countries,,1931,7084493000
High-income countries,,1932,6652897000
High-income countries,,1933,6823619000
High-income countries,,1934,7180647000
High-income countries,,1935,7254082000
High-income countries,,1936,7687387000
High-income countries,,1937,7997297700
High-income countries,,1938,7702499000
High-income countries,,1939,7913104400
High-income countries,,1940,7962982400
High-income countries,,1941,8097826300
High-income countries,,1942,8045477400
High-income countries,,1943,8052099600
High-income countries,,1944,8094230500
High-income countries,,1945,7176750600
High-income countries,,1946,7437737000
High-income countries,,1947,8037625300
High-income countries,,1948,8216626000
High-income countries,,1949,7864884000
High-income countries,,1950,8581770000
High-income countries,,1951,9036549000
High-income countries,,1952,9064000000
High-income countries,,1953,9331389000
High-income countries,,1954,9520589000
High-income countries,,1955,10142998000
High-income countries,,1956,10643438000
High-income countries,,1957,10826908000
High-income countries,,1958,10656213000
High-income countries,,1959,11184907000
High-income countries,,1960,11251650000
High-income countries,,1961,11549857000
High-income countries,,1962,11739336000
High-income countries,,1963,12161906000
High-income countries,,1964,12560983000
High-income countries,,1965,12970526000
High-income countries,,1966,13273686000
High-income countries,,1967,14103899000
High-income countries,,1968,14713005000
High-income countries,,1969,15112143000
High-income countries,,1970,15919651000
High-income countries,,1971,16016466000
High-income countries,,1972,16533293000
High-income countries,,1973,17234582000
High-income countries,,1974,17010273000
High-income countries,,1975,16858232000
High-income countries,,1976,17663787000
High-income countries,,1977,18028170000
High-income countries,,1978,18190717000
High-income countries,,1979,18515964000
High-income countries,,1980,18555930000
High-income countries,,1981,17975314000
High-income countries,,1982,17445669000
High-income countries,,1983,17481100000
High-income countries,,1984,17853833000
High-income countries,,1985,18115258000
High-income countries,,1986,18040148000
High-income countries,,1987,18256206000
High-income countries,,1988,18733683000
High-income countries,,1989,18832425000
High-income countries,,1990,19199547000
High-income countries,,1991,19452260000
High-income countries,,1992,18507635000
High-income countries,,1993,18348497000
High-income countries,,1994,18396822000
High-income countries,,1995,18364133000
High-income countries,,1996,19177374000
High-income countries,,1997,18655322000
High-income countries,,1998,18552350000
High-income countries,,1999,18763133000
High-income countries,,2000,19072537000
High-income countries,,2001,18905422000
High-income countries,,2002,18819426000
High-income countries,,2003,19305839000
High-income countries,,2004,19522138000
High-income countries,,2005,19465167000
High-income countries,,2006,19559715000
High-income countries,,2007,19727250000
High-income countries,,2008,19539536000
High-income countries,,2009,18418442000
High-income countries,,2010,19497484000
High-income countries,,2011,19087192000
High-income countries,,2012,19310125000
High-income countries,,2013,19012850000
High-income countries,,2014,18828335000
High-income countries,,2015,18923637000
High-income countries,,2016,18797128000
High-income countries,,2017,18835198000
High-income countries,,2018,18952315000
High-income countries,,2019,18505839000
High-income countries,,2020,17267976000
High-income countries,,2021,18121343000
High-income countries,,2022,18241448000
High-income countries,,2023,17751515000
Honduras,HND,1850,8239026.5
Honduras,HND,1851,8149832
Honduras,HND,1852,8027938.5
Honduras,HND,1853,8134803.5
Honduras,HND,1854,7514805
Honduras,HND,1855,7103834
Honduras,HND,1856,6994790.5
Honduras,HND,1857,6712919
Honduras,HND,1858,6592875.5
Honduras,HND,1859,6867374
Honduras,HND,1860,6017278
Honduras,HND,1861,5926419.5
Honduras,HND,1862,6531246
Honduras,HND,1863,6141381
Honduras,HND,1864,6347691
Honduras,HND,1865,5694323.5
Honduras,HND,1866,5402612
Honduras,HND,1867,5383202
Honduras,HND,1868,5300419.5
Honduras,HND,1869,5009601
Honduras,HND,1870,4912268.5
Honduras,HND,1871,4981748.5
Honduras,HND,1872,4684991.5
Honduras,HND,1873,4952096.5
Honduras,HND,1874,4905089.5
Honduras,HND,1875,5313185.5
Honduras,HND,1876,5022150.5
Honduras,HND,1877,4918275.5
Honduras,HND,1878,4751702
Honduras,HND,1879,5684227.5
Honduras,HND,1880,5092040.5
Honduras,HND,1881,5530092.5
Honduras,HND,1882,4897261.5
Honduras,HND,1883,4996463
Honduras,HND,1884,4992557
Honduras,HND,1885,4648649.5
Honduras,HND,1886,4541012.5
Honduras,HND,1887,4731104.5
Honduras,HND,1888,4623654
Honduras,HND,1889,4443813.5
Honduras,HND,1890,4375619
Honduras,HND,1891,4656438.5
Honduras,HND,1892,4471624.5
Honduras,HND,1893,4367371
Honduras,HND,1894,4469130.5
Honduras,HND,1895,5152069
Honduras,HND,1896,5255153
Honduras,HND,1897,4740479
Honduras,HND,1898,5024849
Honduras,HND,1899,4605471
Honduras,HND,1900,4957061
Honduras,HND,1901,5178895.5
Honduras,HND,1902,4366039
Honduras,HND,1903,5067893
Honduras,HND,1904,5012042
Honduras,HND,1905,4992889.5
Honduras,HND,1906,3989620
Honduras,HND,1907,4723276
Honduras,HND,1908,4355539
Honduras,HND,1909,4398826.5
Honduras,HND,1910,5855720
Honduras,HND,1911,5807401.5
Honduras,HND,1912,7319796.5
Honduras,HND,1913,6950594
Honduras,HND,1914,8955155
Honduras,HND,1915,7763426.5
Honduras,HND,1916,8609551
Honduras,HND,1917,7606549.5
Honduras,HND,1918,7081177
Honduras,HND,1919,7489740
Honduras,HND,1920,12250624
Honduras,HND,1921,16342610
Honduras,HND,1922,17131766
Honduras,HND,1923,17019538
Honduras,HND,1924,20318966
Honduras,HND,1925,19020686
Honduras,HND,1926,19885882
Honduras,HND,1927,20207688
Honduras,HND,1928,21630874
Honduras,HND,1929,21449626
Honduras,HND,1930,23775464
Honduras,HND,1931,24816264
Honduras,HND,1932,25017688
Honduras,HND,1933,28316350
Honduras,HND,1934,26930832
Honduras,HND,1935,29618866
Honduras,HND,1936,28006634
Honduras,HND,1937,29283774
Honduras,HND,1938,29870836
Honduras,HND,1939,28367330
Honduras,HND,1940,34484100
Honduras,HND,1941,39655356
Honduras,HND,1942,39370228
Honduras,HND,1943,42480350
Honduras,HND,1944,41222176
Honduras,HND,1945,43738320
Honduras,HND,1946,43417172
Honduras,HND,1947,42005724
Honduras,HND,1948,42950330
Honduras,HND,1949,43204540
Honduras,HND,1950,45839964
Honduras,HND,1951,45138136
Honduras,HND,1952,45960724
Honduras,HND,1953,47342144
Honduras,HND,1954,50296692
Honduras,HND,1955,50760196
Honduras,HND,1956,52526520
Honduras,HND,1957,51893692
Honduras,HND,1958,52081696
Honduras,HND,1959,59379096
Honduras,HND,1960,40223870
Honduras,HND,1961,33604016
Honduras,HND,1962,30285062
Honduras,HND,1963,28324912
Honduras,HND,1964,26700638
Honduras,HND,1965,26056216
Honduras,HND,1966,24907908
Honduras,HND,1967,23546828
Honduras,HND,1968,22171820
Honduras,HND,1969,22002318
Honduras,HND,1970,22565616
Honduras,HND,1971,26619790
Honduras,HND,1972,25165846
Honduras,HND,1973,22763714
Honduras,HND,1974,27041846
Honduras,HND,1975,31742424
Honduras,HND,1976,36587870
Honduras,HND,1977,31820404
Honduras,HND,1978,25959586
Honduras,HND,1979,23110490
Honduras,HND,1980,23081382
Honduras,HND,1981,22834476
Honduras,HND,1982,22562508
Honduras,HND,1983,29654092
Honduras,HND,1984,23933210
Honduras,HND,1985,24350668
Honduras,HND,1986,22262698
Honduras,HND,1987,27379394
Honduras,HND,1988,34842196
Honduras,HND,1989,29006764
Honduras,HND,1990,29960886
Honduras,HND,1991,29934676
Honduras,HND,1992,53985508
Honduras,HND,1993,43485600
Honduras,HND,1994,43898510
Honduras,HND,1995,35574710
Honduras,HND,1996,28235698
Honduras,HND,1997,28521376
Honduras,HND,1998,38233400
Honduras,HND,1999,20745652
Honduras,HND,2000,19075936
Honduras,HND,2001,26025540
Honduras,HND,2002,33130532
Honduras,HND,2003,26304072
Honduras,HND,2004,20846980
Honduras,HND,2005,19570570
Honduras,HND,2006,21760576
Honduras,HND,2007,24012352
Honduras,HND,2008,23946878
Honduras,HND,2009,28944572
Honduras,HND,2010,29526890
Honduras,HND,2011,31356712
Honduras,HND,2012,28311410
Honduras,HND,2013,28352798
Honduras,HND,2014,27579716
Honduras,HND,2015,33239526
Honduras,HND,2016,36284984
Honduras,HND,2017,33992556
Honduras,HND,2018,29627306
Honduras,HND,2019,32372508
Honduras,HND,2020,32146514
Honduras,HND,2021,31795464
Honduras,HND,2022,32786516
Honduras,HND,2023,34338428
Hong Kong,HKG,1850,27576.959
Hong Kong,HKG,1851,28699.94
Hong Kong,HKG,1852,29842.055
Hong Kong,HKG,1853,30979.252
Hong Kong,HKG,1854,32108.812
Hong Kong,HKG,1855,33228.086
Hong Kong,HKG,1856,34334.492
Hong Kong,HKG,1857,35425.54
Hong Kong,HKG,1858,36498.82
Hong Kong,HKG,1859,37552.04
Hong Kong,HKG,1860,38583.02
Hong Kong,HKG,1861,39604.258
Hong Kong,HKG,1862,40539.918
Hong Kong,HKG,1863,41471.945
Hong Kong,HKG,1864,42401.598
Hong Kong,HKG,1865,43330.14
Hong Kong,HKG,1866,44258.832
Hong Kong,HKG,1867,45198.29
Hong Kong,HKG,1868,46140.496
Hong Kong,HKG,1869,47086.71
Hong Kong,HKG,1870,48038.19
Hong Kong,HKG,1871,49161.996
Hong Kong,HKG,1872,50574.58
Hong Kong,HKG,1873,52202.47
Hong Kong,HKG,1874,53980.883
Hong Kong,HKG,1875,55845.03
Hong Kong,HKG,1876,57730.125
Hong Kong,HKG,1877,59575.95
Hong Kong,HKG,1878,61313.38
Hong Kong,HKG,1879,62877.65
Hong Kong,HKG,1880,64203.965
Hong Kong,HKG,1881,65370.727
Hong Kong,HKG,1882,66519.26
Hong Kong,HKG,1883,67642.39
Hong Kong,HKG,1884,68747.086
Hong Kong,HKG,1885,69840.29
Hong Kong,HKG,1886,70928.97
Hong Kong,HKG,1887,71986.61
Hong Kong,HKG,1888,73051.56
Hong Kong,HKG,1889,74130.71
Hong Kong,HKG,1890,75413.78
Hong Kong,HKG,1891,77410.91
Hong Kong,HKG,1892,79412.34
Hong Kong,HKG,1893,81420.01
Hong Kong,HKG,1894,83435.805
Hong Kong,HKG,1895,85461.63
Hong Kong,HKG,1896,87499.43
Hong Kong,HKG,1897,89597.21
Hong Kong,HKG,1898,91714.46
Hong Kong,HKG,1899,93853.31
Hong Kong,HKG,1900,96015.94
Hong Kong,HKG,1901,99538.6
Hong Kong,HKG,1902,103170.88
Hong Kong,HKG,1903,106833.2
Hong Kong,HKG,1904,110517.95
Hong Kong,HKG,1905,114217.51
Hong Kong,HKG,1906,117924.26
Hong Kong,HKG,1907,121652.74
Hong Kong,HKG,1908,125374.12
Hong Kong,HKG,1909,129080.79
Hong Kong,HKG,1910,132765.17
Hong Kong,HKG,1911,136156.47
Hong Kong,HKG,1912,139638.11
Hong Kong,HKG,1913,143497.55
Hong Kong,HKG,1914,146945.25
Hong Kong,HKG,1915,150395.98
Hong Kong,HKG,1916,153848.52
Hong Kong,HKG,1917,157301.56
Hong Kong,HKG,1918,160753.86
Hong Kong,HKG,1919,164204.17
Hong Kong,HKG,1920,167651.19
Hong Kong,HKG,1921,170998.67
Hong Kong,HKG,1922,174542.1
Hong Kong,HKG,1923,178175.44
Hong Kong,HKG,1924,182019.7
Hong Kong,HKG,1925,181848.86
Hong Kong,HKG,1926,185306.5
Hong Kong,HKG,1927,188753.39
Hong Kong,HKG,1928,192187.67
Hong Kong,HKG,1929,195607.44
Hong Kong,HKG,1930,199010.88
Hong Kong,HKG,1931,215879.5
Hong Kong,HKG,1932,232662.45
Hong Kong,HKG,1933,249376.08
Hong Kong,HKG,1934,266036.7
Hong Kong,HKG,1935,282660.6
Hong Kong,HKG,1936,299932.47
Hong Kong,HKG,1937,317292.44
Hong Kong,HKG,1938,389270.8
Hong Kong,HKG,1939,406855.94
Hong Kong,HKG,1940,370977.62
Hong Kong,HKG,1941,438194.2
Hong Kong,HKG,1942,397818.25
Hong Kong,HKG,1943,413120.56
Hong Kong,HKG,1944,429315.8
Hong Kong,HKG,1945,458239
Hong Kong,HKG,1946,488365.56
Hong Kong,HKG,1947,537613.25
Hong Kong,HKG,1948,576656
Hong Kong,HKG,1949,612507.7
Hong Kong,HKG,1950,1940225.2
Hong Kong,HKG,1951,2223530.2
Hong Kong,HKG,1952,2258094.5
Hong Kong,HKG,1953,2517471.2
Hong Kong,HKG,1954,2657625
Hong Kong,HKG,1955,2812468
Hong Kong,HKG,1956,3131465.2
Hong Kong,HKG,1957,3452588
Hong Kong,HKG,1958,3546531.2
Hong Kong,HKG,1959,3968279.8
Hong Kong,HKG,1960,4320074
Hong Kong,HKG,1961,4843174
Hong Kong,HKG,1962,5273225
Hong Kong,HKG,1963,5969282.5
Hong Kong,HKG,1964,6041473.5
Hong Kong,HKG,1965,6717616.5
Hong Kong,HKG,1966,7180296.5
Hong Kong,HKG,1967,8145595
Hong Kong,HKG,1968,8402656
Hong Kong,HKG,1969,10051927
Hong Kong,HKG,1970,10854633
Hong Kong,HKG,1971,11830658
Hong Kong,HKG,1972,12012520
Hong Kong,HKG,1973,12029510
Hong Kong,HKG,1974,13448882
Hong Kong,HKG,1975,13860465
Hong Kong,HKG,1976,15459261
Hong Kong,HKG,1977,17288056
Hong Kong,HKG,1978,18933622
Hong Kong,HKG,1979,19190878
Hong Kong,HKG,1980,20030502
Hong Kong,HKG,1981,22122532
Hong Kong,HKG,1982,23228870
Hong Kong,HKG,1983,24606536
Hong Kong,HKG,1984,26009360
Hong Kong,HKG,1985,26726720
Hong Kong,HKG,1986,29533528
Hong Kong,HKG,1987,32200794
Hong Kong,HKG,1988,33590308
Hong Kong,HKG,1989,34600772
Hong Kong,HKG,1990,31748842
Hong Kong,HKG,1991,33293700
Hong Kong,HKG,1992,37862976
Hong Kong,HKG,1993,39855550
Hong Kong,HKG,1994,36208424
Hong Kong,HKG,1995,36449756
Hong Kong,HKG,1996,34066144
Hong Kong,HKG,1997,35739344
Hong Kong,HKG,1998,44477064
Hong Kong,HKG,1999,48342444
Hong Kong,HKG,2000,45970224
Hong Kong,HKG,2001,43417136
Hong Kong,HKG,2002,45044416
Hong Kong,HKG,2003,48827156
Hong Kong,HKG,2004,47141976
Hong Kong,HKG,2005,49404980
Hong Kong,HKG,2006,47644480
Hong Kong,HKG,2007,49390930
Hong Kong,HKG,2008,48638868
Hong Kong,HKG,2009,47517990
Hong Kong,HKG,2010,46013772
Hong Kong,HKG,2011,49190400
Hong Kong,HKG,2012,48806710
Hong Kong,HKG,2013,50407350
Hong Kong,HKG,2014,51657172
Hong Kong,HKG,2015,48578330
Hong Kong,HKG,2016,49620956
Hong Kong,HKG,2017,48770340
Hong Kong,HKG,2018,49000852
Hong Kong,HKG,2019,48359940
Hong Kong,HKG,2020,39912016
Hong Kong,HKG,2021,40169880
Hong Kong,HKG,2022,38009324
Hong Kong,HKG,2023,40356460
Hungary,HUN,1850,16861890
Hungary,HUN,1851,16531462
Hungary,HUN,1852,16074061
Hungary,HUN,1853,15636704
Hungary,HUN,1854,15232759
Hungary,HUN,1855,14543391
Hungary,HUN,1856,14553562
Hungary,HUN,1857,14607391
Hungary,HUN,1858,14296723
Hungary,HUN,1859,14736668
Hungary,HUN,1860,14860115
Hungary,HUN,1861,14762397
Hungary,HUN,1862,14841467
Hungary,HUN,1863,14821560
Hungary,HUN,1864,14789140
Hungary,HUN,1865,14973523
Hungary,HUN,1866,15212145
Hungary,HUN,1867,15621990
Hungary,HUN,1868,15624592
Hungary,HUN,1869,15685863
Hungary,HUN,1870,16326276
Hungary,HUN,1871,17263752
Hungary,HUN,1872,17653840
Hungary,HUN,1873,18016172
Hungary,HUN,1874,17740882
Hungary,HUN,1875,17755848
Hungary,HUN,1876,18090346
Hungary,HUN,1877,18428170
Hungary,HUN,1878,18447828
Hungary,HUN,1879,18620960
Hungary,HUN,1880,19185350
Hungary,HUN,1881,19410410
Hungary,HUN,1882,19420868
Hungary,HUN,1883,19966112
Hungary,HUN,1884,20383262
Hungary,HUN,1885,20709552
Hungary,HUN,1886,20551972
Hungary,HUN,1887,20692036
Hungary,HUN,1888,20975622
Hungary,HUN,1889,21286580
Hungary,HUN,1890,22566054
Hungary,HUN,1891,23298344
Hungary,HUN,1892,23811910
Hungary,HUN,1893,24343772
Hungary,HUN,1894,24899364
Hungary,HUN,1895,25231820
Hungary,HUN,1896,25991054
Hungary,HUN,1897,26324148
Hungary,HUN,1898,27496052
Hungary,HUN,1899,27420832
Hungary,HUN,1900,28968266
Hungary,HUN,1901,28950958
Hungary,HUN,1902,28224644
Hungary,HUN,1903,28633954
Hungary,HUN,1904,28871704
Hungary,HUN,1905,29012044
Hungary,HUN,1906,29498840
Hungary,HUN,1907,29536308
Hungary,HUN,1908,30101468
Hungary,HUN,1909,31008196
Hungary,HUN,1910,30027838
Hungary,HUN,1911,30016692
Hungary,HUN,1912,29995492
Hungary,HUN,1913,30372074
Hungary,HUN,1914,28547846
Hungary,HUN,1915,28615250
Hungary,HUN,1916,28606090
Hungary,HUN,1917,28443582
Hungary,HUN,1918,27242246
Hungary,HUN,1919,20671458
Hungary,HUN,1920,22219038
Hungary,HUN,1921,26709070
Hungary,HUN,1922,28836724
Hungary,HUN,1923,29882386
Hungary,HUN,1924,28889672
Hungary,HUN,1925,28025774
Hungary,HUN,1926,29747580
Hungary,HUN,1927,31422466
Hungary,HUN,1928,32441858
Hungary,HUN,1929,33648940
Hungary,HUN,1930,30566194
Hungary,HUN,1931,28862146
Hungary,HUN,1932,27536284
Hungary,HUN,1933,27405432
Hungary,HUN,1934,27567950
Hungary,HUN,1935,28074914
Hungary,HUN,1936,28629232
Hungary,HUN,1937,29988224
Hungary,HUN,1938,31096826
Hungary,HUN,1939,30590780
Hungary,HUN,1940,30959904
Hungary,HUN,1941,32593270
Hungary,HUN,1942,33422210
Hungary,HUN,1943,34321016
Hungary,HUN,1944,30419668
Hungary,HUN,1945,21884912
Hungary,HUN,1946,25104408
Hungary,HUN,1947,28293474
Hungary,HUN,1948,30864112
Hungary,HUN,1949,35338870
Hungary,HUN,1950,33344196
Hungary,HUN,1951,36806476
Hungary,HUN,1952,42674308
Hungary,HUN,1953,46941096
Hungary,HUN,1954,49235276
Hungary,HUN,1955,51151510
Hungary,HUN,1956,48504784
Hungary,HUN,1957,54315044
Hungary,HUN,1958,55362124
Hungary,HUN,1959,58546944
Hungary,HUN,1960,62505148
Hungary,HUN,1961,66794948
Hungary,HUN,1962,69286080
Hungary,HUN,1963,75124410
Hungary,HUN,1964,82509760
Hungary,HUN,1965,81780780
Hungary,HUN,1966,81863460
Hungary,HUN,1967,80137656
Hungary,HUN,1968,84037080
Hungary,HUN,1969,84866510
Hungary,HUN,1970,92772460
Hungary,HUN,1971,92798430
Hungary,HUN,1972,92868960
Hungary,HUN,1973,97101960
Hungary,HUN,1974,98968970
Hungary,HUN,1975,99811544
Hungary,HUN,1976,104836450
Hungary,HUN,1977,108744136
Hungary,HUN,1978,114996580
Hungary,HUN,1979,113175040
Hungary,HUN,1980,113262090
Hungary,HUN,1981,113314300
Hungary,HUN,1982,114169180
Hungary,HUN,1983,116547080
Hungary,HUN,1984,118339360
Hungary,HUN,1985,113358330
Hungary,HUN,1986,111085220
Hungary,HUN,1987,111467384
Hungary,HUN,1988,106780024
Hungary,HUN,1989,103841736
Hungary,HUN,1990,96584490
Hungary,HUN,1991,86746320
Hungary,HUN,1992,76177624
Hungary,HUN,1993,77078460
Hungary,HUN,1994,77597690
Hungary,HUN,1995,75883170
Hungary,HUN,1996,78994610
Hungary,HUN,1997,77211040
Hungary,HUN,1998,76558890
Hungary,HUN,1999,74040440
Hungary,HUN,2000,71743944
Hungary,HUN,2001,72766720
Hungary,HUN,2002,75517450
Hungary,HUN,2003,77109340
Hungary,HUN,2004,75515440
Hungary,HUN,2005,74188100
Hungary,HUN,2006,73350720
Hungary,HUN,2007,72799096
Hungary,HUN,2008,70654960
Hungary,HUN,2009,61989390
Hungary,HUN,2010,61622348
Hungary,HUN,2011,60171420
Hungary,HUN,2012,56241460
Hungary,HUN,2013,53678970
Hungary,HUN,2014,53859492
Hungary,HUN,2015,57328544
Hungary,HUN,2016,58168916
Hungary,HUN,2017,60386430
Hungary,HUN,2018,60612964
Hungary,HUN,2019,57338410
Hungary,HUN,2020,59503868
Hungary,HUN,2021,58990788
Hungary,HUN,2022,54370996
Hungary,HUN,2023,49305810
Iceland,ISL,1850,691037.5
Iceland,ISL,1851,686242
Iceland,ISL,1852,680680.2
Iceland,ISL,1853,674746
Iceland,ISL,1854,668723.1
Iceland,ISL,1855,662272.8
Iceland,ISL,1856,656139.6
Iceland,ISL,1857,649834.94
Iceland,ISL,1858,643432.1
Iceland,ISL,1859,636447
Iceland,ISL,1860,560810.3
Iceland,ISL,1861,534541.9
Iceland,ISL,1862,513992.72
Iceland,ISL,1863,496162.06
Iceland,ISL,1864,480064.34
Iceland,ISL,1865,465233.66
Iceland,ISL,1866,451621.1
Iceland,ISL,1867,438854.78
Iceland,ISL,1868,426929.16
Iceland,ISL,1869,415985.72
Iceland,ISL,1870,407822.97
Iceland,ISL,1871,400716.97
Iceland,ISL,1872,395089
Iceland,ISL,1873,389945.53
Iceland,ISL,1874,385969.06
Iceland,ISL,1875,382676.8
Iceland,ISL,1876,380011.62
Iceland,ISL,1877,377263.72
Iceland,ISL,1878,374263.88
Iceland,ISL,1879,370356.84
Iceland,ISL,1880,364668.5
Iceland,ISL,1881,359222.28
Iceland,ISL,1882,353677.2
Iceland,ISL,1883,348135.6
Iceland,ISL,1884,342397.6
Iceland,ISL,1885,336455.53
Iceland,ISL,1886,330463.66
Iceland,ISL,1887,324252.72
Iceland,ISL,1888,317870.03
Iceland,ISL,1889,311051.53
Iceland,ISL,1890,298057
Iceland,ISL,1891,296994.44
Iceland,ISL,1892,295705.38
Iceland,ISL,1893,293946.8
Iceland,ISL,1894,292245.6
Iceland,ISL,1895,290368.03
Iceland,ISL,1896,288266.28
Iceland,ISL,1897,285420.1
Iceland,ISL,1898,281769.88
Iceland,ISL,1899,277365.94
Iceland,ISL,1900,271626.62
Iceland,ISL,1901,265147.88
Iceland,ISL,1902,262919.16
Iceland,ISL,1903,258132.98
Iceland,ISL,1904,247954.53
Iceland,ISL,1905,220306.23
Iceland,ISL,1906,194736.23
Iceland,ISL,1907,198487.06
Iceland,ISL,1908,191681.42
Iceland,ISL,1909,184857.78
Iceland,ISL,1910,735410.94
Iceland,ISL,1911,902553.4
Iceland,ISL,1912,1025023.3
Iceland,ISL,1913,1139462.9
Iceland,ISL,1914,1247162.1
Iceland,ISL,1915,1337031.2
Iceland,ISL,1916,1424440.6
Iceland,ISL,1917,1511484.9
Iceland,ISL,1918,1598385.5
Iceland,ISL,1919,1674938.6
Iceland,ISL,1920,1595751.8
Iceland,ISL,1921,1616269.4
Iceland,ISL,1922,1633846.2
Iceland,ISL,1923,1657328.8
Iceland,ISL,1924,1684507.2
Iceland,ISL,1925,1702374
Iceland,ISL,1926,1724288.8
Iceland,ISL,1927,1740339.1
Iceland,ISL,1928,1760181.8
Iceland,ISL,1929,1784810.4
Iceland,ISL,1930,1835400.4
Iceland,ISL,1931,1863004.5
Iceland,ISL,1932,1894283.4
Iceland,ISL,1933,1929078.9
Iceland,ISL,1934,1958216
Iceland,ISL,1935,1985672.1
Iceland,ISL,1936,2039843.5
Iceland,ISL,1937,2068717.9
Iceland,ISL,1938,2079361.9
Iceland,ISL,1939,2104483.8
Iceland,ISL,1940,2467914.8
Iceland,ISL,1941,2457432
Iceland,ISL,1942,2508977.2
Iceland,ISL,1943,2574768.2
Iceland,ISL,1944,2588995.2
Iceland,ISL,1945,2613343.5
Iceland,ISL,1946,2731242.2
Iceland,ISL,1947,2857759.5
Iceland,ISL,1948,3015111.5
Iceland,ISL,1949,3064483.8
Iceland,ISL,1950,3397368
Iceland,ISL,1951,3560215
Iceland,ISL,1952,3935689.8
Iceland,ISL,1953,4309121
Iceland,ISL,1954,4362560
Iceland,ISL,1955,4667235
Iceland,ISL,1956,4872724.5
Iceland,ISL,1957,5026690
Iceland,ISL,1958,5286154.5
Iceland,ISL,1959,5569703
Iceland,ISL,1960,4451727.5
Iceland,ISL,1961,4092715.8
Iceland,ISL,1962,4044762.5
Iceland,ISL,1963,4016773
Iceland,ISL,1964,3912078
Iceland,ISL,1965,3893659
Iceland,ISL,1966,3939981.8
Iceland,ISL,1967,3813309
Iceland,ISL,1968,3887803
Iceland,ISL,1969,3110923.5
Iceland,ISL,1970,3134998.8
Iceland,ISL,1971,3164935.2
Iceland,ISL,1972,3170089.5
Iceland,ISL,1973,3412639.2
Iceland,ISL,1974,3369450.8
Iceland,ISL,1975,3205138
Iceland,ISL,1976,3250682
Iceland,ISL,1977,3406151.8
Iceland,ISL,1978,3405612.8
Iceland,ISL,1979,3424860.8
Iceland,ISL,1980,3220625.2
Iceland,ISL,1981,3130219.5
Iceland,ISL,1982,2932245.8
Iceland,ISL,1983,2886586
Iceland,ISL,1984,3153831.2
Iceland,ISL,1985,2971331.5
Iceland,ISL,1986,3111657
Iceland,ISL,1987,3144378.8
Iceland,ISL,1988,3136510.5
Iceland,ISL,1989,3220120.8
Iceland,ISL,1990,3488596
Iceland,ISL,1991,3351039.2
Iceland,ISL,1992,3470308
Iceland,ISL,1993,3627622.2
Iceland,ISL,1994,3597611
Iceland,ISL,1995,3677837.8
Iceland,ISL,1996,3764827.5
Iceland,ISL,1997,3807930.8
Iceland,ISL,1998,3816870.8
Iceland,ISL,1999,4032189.2
Iceland,ISL,2000,4081766.2
Iceland,ISL,2001,3991440.5
Iceland,ISL,2002,4119287.2
Iceland,ISL,2003,4103456.5
Iceland,ISL,2004,4235154.5
Iceland,ISL,2005,4179507.5
Iceland,ISL,2006,4345196
Iceland,ISL,2007,4674316.5
Iceland,ISL,2008,5014876.5
Iceland,ISL,2009,4860591.5
Iceland,ISL,2010,5635962
Iceland,ISL,2011,4709543
Iceland,ISL,2012,4721600.5
Iceland,ISL,2013,4676802.5
Iceland,ISL,2014,4674524.5
Iceland,ISL,2015,4808067.5
Iceland,ISL,2016,4777199
Iceland,ISL,2017,4966423
Iceland,ISL,2018,5011956
Iceland,ISL,2019,4874751.5
Iceland,ISL,2020,4608655.5
Iceland,ISL,2021,4781658.5
Iceland,ISL,2022,4900211
Iceland,ISL,2023,5007952
India,IND,1850,348631900
India,IND,1851,321196830
India,IND,1852,308019970
India,IND,1853,301571680
India,IND,1854,298258660
India,IND,1855,294612160
India,IND,1856,294386750
India,IND,1857,291145470
India,IND,1858,291176480
India,IND,1859,289092400
India,IND,1860,290149920
India,IND,1861,290155600
India,IND,1862,289921280
India,IND,1863,290641600
India,IND,1864,290141250
India,IND,1865,292029280
India,IND,1866,292595330
India,IND,1867,291820220
India,IND,1868,292799580
India,IND,1869,293283230
India,IND,1870,295061020
India,IND,1871,296074800
India,IND,1872,297484300
India,IND,1873,299633120
India,IND,1874,301230750
India,IND,1875,303893800
India,IND,1876,306508580
India,IND,1877,307592350
India,IND,1878,312357120
India,IND,1879,313430850
India,IND,1880,315900380
India,IND,1881,319782820
India,IND,1882,323543740
India,IND,1883,326559400
India,IND,1884,329279360
India,IND,1885,332027230
India,IND,1886,334671420
India,IND,1887,338476400
India,IND,1888,342476350
India,IND,1889,344942980
India,IND,1890,349263070
India,IND,1891,350616800
India,IND,1892,352332770
India,IND,1893,352550460
India,IND,1894,353417440
India,IND,1895,356557020
India,IND,1896,358025400
India,IND,1897,360263600
India,IND,1898,362066430
India,IND,1899,364375140
India,IND,1900,368109380
India,IND,1901,367502370
India,IND,1902,366981660
India,IND,1903,367865730
India,IND,1904,369427940
India,IND,1905,369412740
India,IND,1906,369858340
India,IND,1907,371727940
India,IND,1908,375614620
India,IND,1909,374130100
India,IND,1910,375500000
India,IND,1911,378516320
India,IND,1912,383513150
India,IND,1913,389297400
India,IND,1914,390188200
India,IND,1915,392416770
India,IND,1916,394301470
India,IND,1917,399711940
India,IND,1918,404508030
India,IND,1919,410289280
India,IND,1920,464457250
India,IND,1921,496971680
India,IND,1922,515494880
India,IND,1923,527205920
India,IND,1924,540542800
India,IND,1925,549458700
India,IND,1926,556948500
India,IND,1927,566427000
India,IND,1928,570298200
India,IND,1929,580564900
India,IND,1930,589279600
India,IND,1931,591398900
India,IND,1932,594828800
India,IND,1933,602348860
India,IND,1934,612866900
India,IND,1935,620801340
India,IND,1936,628106700
India,IND,1937,640827700
India,IND,1938,655500400
India,IND,1939,662789400
India,IND,1940,673418600
India,IND,1941,679798200
India,IND,1942,688791040
India,IND,1943,688748700
India,IND,1944,699839170
India,IND,1945,712660300
India,IND,1946,718907000
India,IND,1947,721667840
India,IND,1948,729002560
India,IND,1949,740474240
India,IND,1950,801464300
India,IND,1951,830313540
India,IND,1952,854397800
India,IND,1953,872663700
India,IND,1954,896220700
India,IND,1955,918969900
India,IND,1956,937437600
India,IND,1957,961343100
India,IND,1958,979663200
India,IND,1959,1000723900
India,IND,1960,904515400
India,IND,1961,997549800
India,IND,1962,900850500
India,IND,1963,891464450
India,IND,1964,889610400
India,IND,1965,890636540
India,IND,1966,944037300
India,IND,1967,954923000
India,IND,1968,918912700
India,IND,1969,943191740
India,IND,1970,906323260
India,IND,1971,945288450
India,IND,1972,1023197300
India,IND,1973,1018056100
India,IND,1974,1018494600
India,IND,1975,1029855800
India,IND,1976,1020939200
India,IND,1977,1132754700
India,IND,1978,1092955900
India,IND,1979,1084080900
India,IND,1980,1117710800
India,IND,1981,1173044600
India,IND,1982,1161753700
India,IND,1983,1287434500
India,IND,1984,1259211900
India,IND,1985,1292169500
India,IND,1986,1361593500
India,IND,1987,1359243900
India,IND,1988,1468340100
India,IND,1989,1514054800
India,IND,1990,1528087200
India,IND,1991,1570433000
India,IND,1992,1636726400
India,IND,1993,1648045000
India,IND,1994,1685871400
India,IND,1995,1725007200
India,IND,1996,1820730400
India,IND,1997,1847005700
India,IND,1998,1871339800
India,IND,1999,1959661400
India,IND,2000,2015876700
India,IND,2001,2017086600
India,IND,2002,2019948400
India,IND,2003,2085137200
India,IND,2004,2162883800
India,IND,2005,2243356400
India,IND,2006,2363338000
India,IND,2007,2515728400
India,IND,2008,2661096000
India,IND,2009,2767514000
India,IND,2010,2871955700
India,IND,2011,2968743000
India,IND,2012,3151704000
India,IND,2013,3137216800
India,IND,2014,3246826000
India,IND,2015,3325531100
India,IND,2016,3419054600
India,IND,2017,3486593500
India,IND,2018,3682077200
India,IND,2019,3692700400
India,IND,2020,3515708700
India,IND,2021,3781195800
India,IND,2022,3953228500
India,IND,2023,4196448800
Indonesia,IDN,1850,96917464
Indonesia,IDN,1851,143240770
Indonesia,IDN,1852,151931250
Indonesia,IDN,1853,168279400
Indonesia,IDN,1854,191823410
Indonesia,IDN,1855,185995410
Indonesia,IDN,1856,198001730
Indonesia,IDN,1857,188623700
Indonesia,IDN,1858,203007950
Indonesia,IDN,1859,212838420
Indonesia,IDN,1860,218537920
Indonesia,IDN,1861,208686910
Indonesia,IDN,1862,217464930
Indonesia,IDN,1863,214593810
Indonesia,IDN,1864,195168340
Indonesia,IDN,1865,198859890
Indonesia,IDN,1866,209969680
Indonesia,IDN,1867,207945570
Indonesia,IDN,1868,207710450
Indonesia,IDN,1869,216623090
Indonesia,IDN,1870,194498240
Indonesia,IDN,1871,201262750
Indonesia,IDN,1872,197805120
Indonesia,IDN,1873,209503630
Indonesia,IDN,1874,208138620
Indonesia,IDN,1875,205501070
Indonesia,IDN,1876,196519980
Indonesia,IDN,1877,199807070
Indonesia,IDN,1878,197981940
Indonesia,IDN,1879,206387470
Indonesia,IDN,1880,192926910
Indonesia,IDN,1881,197986610
Indonesia,IDN,1882,193876270
Indonesia,IDN,1883,191740850
Indonesia,IDN,1884,189088910
Indonesia,IDN,1885,186034600
Indonesia,IDN,1886,194994450
Indonesia,IDN,1887,199835460
Indonesia,IDN,1888,190397730
Indonesia,IDN,1889,200258030
Indonesia,IDN,1890,252759600
Indonesia,IDN,1891,289758140
Indonesia,IDN,1892,305003200
Indonesia,IDN,1893,311524260
Indonesia,IDN,1894,336842700
Indonesia,IDN,1895,330948260
Indonesia,IDN,1896,327187740
Indonesia,IDN,1897,347237700
Indonesia,IDN,1898,347359700
Indonesia,IDN,1899,359658100
Indonesia,IDN,1900,313842370
Indonesia,IDN,1901,348557100
Indonesia,IDN,1902,338538000
Indonesia,IDN,1903,347907040
Indonesia,IDN,1904,355009760
Indonesia,IDN,1905,349498180
Indonesia,IDN,1906,355763620
Indonesia,IDN,1907,355776540
Indonesia,IDN,1908,350224420
Indonesia,IDN,1909,370702600
Indonesia,IDN,1910,350862240
Indonesia,IDN,1911,369493020
Indonesia,IDN,1912,355791970
Indonesia,IDN,1913,348838820
Indonesia,IDN,1914,368913570
Indonesia,IDN,1915,370607360
Indonesia,IDN,1916,360184060
Indonesia,IDN,1917,368389570
Indonesia,IDN,1918,364775360
Indonesia,IDN,1919,359458020
Indonesia,IDN,1920,356459040
Indonesia,IDN,1921,372402620
Indonesia,IDN,1922,359078800
Indonesia,IDN,1923,378301440
Indonesia,IDN,1924,379423940
Indonesia,IDN,1925,364639200
Indonesia,IDN,1926,375766980
Indonesia,IDN,1927,377741200
Indonesia,IDN,1928,380894820
Indonesia,IDN,1929,390423870
Indonesia,IDN,1930,395563840
Indonesia,IDN,1931,388245980
Indonesia,IDN,1932,406395600
Indonesia,IDN,1933,410425470
Indonesia,IDN,1934,407744130
Indonesia,IDN,1935,397016400
Indonesia,IDN,1936,413220300
Indonesia,IDN,1937,431419740
Indonesia,IDN,1938,427739940
Indonesia,IDN,1939,440205730
Indonesia,IDN,1940,435510200
Indonesia,IDN,1941,444439000
Indonesia,IDN,1942,424925470
Indonesia,IDN,1943,446502720
Indonesia,IDN,1944,421524000
Indonesia,IDN,1945,420917630
Indonesia,IDN,1946,441379230
Indonesia,IDN,1947,439110140
Indonesia,IDN,1948,455048960
Indonesia,IDN,1949,483733760
Indonesia,IDN,1950,482140770
Indonesia,IDN,1951,470430980
Indonesia,IDN,1952,488726900
Indonesia,IDN,1953,490705820
Indonesia,IDN,1954,510453300
Indonesia,IDN,1955,536672930
Indonesia,IDN,1956,538244400
Indonesia,IDN,1957,553005800
Indonesia,IDN,1958,569153300
Indonesia,IDN,1959,574730500
Indonesia,IDN,1960,534854720
Indonesia,IDN,1961,526687520
Indonesia,IDN,1962,531231140
Indonesia,IDN,1963,531929180
Indonesia,IDN,1964,529066700
Indonesia,IDN,1965,521221950
Indonesia,IDN,1966,520134750
Indonesia,IDN,1967,517306750
Indonesia,IDN,1968,522193280
Indonesia,IDN,1969,528344600
Indonesia,IDN,1970,522094080
Indonesia,IDN,1971,529514340
Indonesia,IDN,1972,538114800
Indonesia,IDN,1973,556268300
Indonesia,IDN,1974,545221400
Indonesia,IDN,1975,551381950
Indonesia,IDN,1976,571038660
Indonesia,IDN,1977,594667700
Indonesia,IDN,1978,614503940
Indonesia,IDN,1979,610862500
Indonesia,IDN,1980,621127000
Indonesia,IDN,1981,639082800
Indonesia,IDN,1982,648386600
Indonesia,IDN,1983,668421060
Indonesia,IDN,1984,1204747900
Indonesia,IDN,1985,1223050900
Indonesia,IDN,1986,1421251500
Indonesia,IDN,1987,1278161500
Indonesia,IDN,1988,1153719800
Indonesia,IDN,1989,1209924900
Indonesia,IDN,1990,1073236400
Indonesia,IDN,1991,1109819800
Indonesia,IDN,1992,1336139600
Indonesia,IDN,1993,1257567600
Indonesia,IDN,1994,1473803600
Indonesia,IDN,1995,1426571600
Indonesia,IDN,1996,1498428200
Indonesia,IDN,1997,3300688600
Indonesia,IDN,1998,1644331600
Indonesia,IDN,1999,1696185100
Indonesia,IDN,2000,1386973000
Indonesia,IDN,2001,1373519600
Indonesia,IDN,2002,1588074400
Indonesia,IDN,2003,1289581000
Indonesia,IDN,2004,1384788200
Indonesia,IDN,2005,1316794500
Indonesia,IDN,2006,1893063000
Indonesia,IDN,2007,1285662800
Indonesia,IDN,2008,1322040700
Indonesia,IDN,2009,1705499000
Indonesia,IDN,2010,1562408100
Indonesia,IDN,2011,1772318200
Indonesia,IDN,2012,1848377500
Indonesia,IDN,2013,1803486300
Indonesia,IDN,2014,2082551000
Indonesia,IDN,2015,2499634000
Indonesia,IDN,2016,1734725900
Indonesia,IDN,2017,1714376600
Indonesia,IDN,2018,1782689800
Indonesia,IDN,2019,2103967900
Indonesia,IDN,2020,1682395000
Indonesia,IDN,2021,1648609900
Indonesia,IDN,2022,1817063400
Indonesia,IDN,2023,1921864000
Iran,IRN,1850,10874947
Iran,IRN,1851,10909126
Iran,IRN,1852,10945680
Iran,IRN,1853,10983750
Iran,IRN,1854,11021931
Iran,IRN,1855,11059748
Iran,IRN,1856,11097028
Iran,IRN,1857,11133569
Iran,IRN,1858,11168902
Iran,IRN,1859,11203091
Iran,IRN,1860,11228451
Iran,IRN,1861,11257149
Iran,IRN,1862,11287526
Iran,IRN,1863,11319334
Iran,IRN,1864,11350989
Iran,IRN,1865,11382920
Iran,IRN,1866,11414635
Iran,IRN,1867,11446149
Iran,IRN,1868,11477553
Iran,IRN,1869,11508848
Iran,IRN,1870,13069176
Iran,IRN,1871,14078563
Iran,IRN,1872,14858929
Iran,IRN,1873,15486967
Iran,IRN,1874,16046582
Iran,IRN,1875,16554148
Iran,IRN,1876,17018964
Iran,IRN,1877,17445806
Iran,IRN,1878,17837208
Iran,IRN,1879,18194432
Iran,IRN,1880,18474232
Iran,IRN,1881,18739718
Iran,IRN,1882,18991480
Iran,IRN,1883,19229746
Iran,IRN,1884,19455012
Iran,IRN,1885,19620844
Iran,IRN,1886,19781600
Iran,IRN,1887,19937534
Iran,IRN,1888,20089468
Iran,IRN,1889,20237834
Iran,IRN,1890,19923112
Iran,IRN,1891,19766784
Iran,IRN,1892,19686360
Iran,IRN,1893,19656370
Iran,IRN,1894,19646144
Iran,IRN,1895,19651664
Iran,IRN,1896,19667544
Iran,IRN,1897,19691202
Iran,IRN,1898,19721242
Iran,IRN,1899,19756864
Iran,IRN,1900,19752530
Iran,IRN,1901,19697414
Iran,IRN,1902,19709536
Iran,IRN,1903,19711680
Iran,IRN,1904,19720016
Iran,IRN,1905,19721820
Iran,IRN,1906,19763824
Iran,IRN,1907,19779446
Iran,IRN,1908,19786494
Iran,IRN,1909,19793530
Iran,IRN,1910,19787414
Iran,IRN,1911,20060178
Iran,IRN,1912,20215812
Iran,IRN,1913,20940098
Iran,IRN,1914,21360244
Iran,IRN,1915,21678422
Iran,IRN,1916,22424864
Iran,IRN,1917,23277132
Iran,IRN,1918,24095298
Iran,IRN,1919,25065450
Iran,IRN,1920,26076850
Iran,IRN,1921,27926344
Iran,IRN,1922,29967026
Iran,IRN,1923,32488756
Iran,IRN,1924,34541230
Iran,IRN,1925,35321604
Iran,IRN,1926,36370300
Iran,IRN,1927,38135150
Iran,IRN,1928,39294076
Iran,IRN,1929,38781756
Iran,IRN,1930,40427520
Iran,IRN,1931,39993036
Iran,IRN,1932,42269720
Iran,IRN,1933,44393504
Iran,IRN,1934,45969024
Iran,IRN,1935,45933388
Iran,IRN,1936,48383692
Iran,IRN,1937,54774836
Iran,IRN,1938,55124852
Iran,IRN,1939,53722400
Iran,IRN,1940,51094340
Iran,IRN,1941,45120704
Iran,IRN,1942,54222716
Iran,IRN,1943,55617880
Iran,IRN,1944,67230184
Iran,IRN,1945,79194730
Iran,IRN,1946,87157610
Iran,IRN,1947,91017130
Iran,IRN,1948,106129816
Iran,IRN,1949,36958810
Iran,IRN,1950,43537276
Iran,IRN,1951,44493450
Iran,IRN,1952,44872756
Iran,IRN,1953,47238150
Iran,IRN,1954,46930624
Iran,IRN,1955,63918100
Iran,IRN,1956,83009960
Iran,IRN,1957,90157870
Iran,IRN,1958,99371470
Iran,IRN,1959,99854950
Iran,IRN,1960,133311940
Iran,IRN,1961,123402430
Iran,IRN,1962,122714400
Iran,IRN,1963,127698000
Iran,IRN,1964,140935660
Iran,IRN,1965,149211490
Iran,IRN,1966,165318930
Iran,IRN,1967,173077800
Iran,IRN,1968,208959920
Iran,IRN,1969,206728140
Iran,IRN,1970,242530340
Iran,IRN,1971,262803800
Iran,IRN,1972,286906530
Iran,IRN,1973,314972060
Iran,IRN,1974,324740930
Iran,IRN,1975,299773950
Iran,IRN,1976,326743170
Iran,IRN,1977,322570800
Iran,IRN,1978,334275970
Iran,IRN,1979,265989920
Iran,IRN,1980,196313760
Iran,IRN,1981,193369700
Iran,IRN,1982,236619230
Iran,IRN,1983,257808600
Iran,IRN,1984,257188200
Iran,IRN,1985,272897900
Iran,IRN,1986,259632400
Iran,IRN,1987,278831300
Iran,IRN,1988,285980380
Iran,IRN,1989,313499840
Iran,IRN,1990,374156540
Iran,IRN,1991,409064300
Iran,IRN,1992,412055900
Iran,IRN,1993,415751800
Iran,IRN,1994,443155330
Iran,IRN,1995,434020580
Iran,IRN,1996,457007700
Iran,IRN,1997,440264860
Iran,IRN,1998,446165060
Iran,IRN,1999,539332160
Iran,IRN,2000,538873600
Iran,IRN,2001,553658200
Iran,IRN,2002,564234200
Iran,IRN,2003,607136200
Iran,IRN,2004,651388540
Iran,IRN,2005,685560260
Iran,IRN,2006,707444000
Iran,IRN,2007,719594500
Iran,IRN,2008,730007700
Iran,IRN,2009,745328960
Iran,IRN,2010,769612860
Iran,IRN,2011,782951800
Iran,IRN,2012,793604350
Iran,IRN,2013,807000200
Iran,IRN,2014,842388740
Iran,IRN,2015,846103900
Iran,IRN,2016,880736600
Iran,IRN,2017,941944770
Iran,IRN,2018,968632640
Iran,IRN,2019,979720600
Iran,IRN,2020,989057300
Iran,IRN,2021,1025982400
Iran,IRN,2022,1054493950
Iran,IRN,2023,1065222340
Iraq,IRQ,1850,1437942.2
Iraq,IRQ,1851,1452850.6
Iraq,IRQ,1852,1467151.2
Iraq,IRQ,1853,1480923.8
Iraq,IRQ,1854,1494219.9
Iraq,IRQ,1855,1507174.5
Iraq,IRQ,1856,1519739.4
Iraq,IRQ,1857,1531828.6
Iraq,IRQ,1858,1543421.2
Iraq,IRQ,1859,1554477.6
Iraq,IRQ,1860,1745804.4
Iraq,IRQ,1861,1852614.5
Iraq,IRQ,1862,1927711.5
Iraq,IRQ,1863,1983612.4
Iraq,IRQ,1864,2031011.6
Iraq,IRQ,1865,2072689.2
Iraq,IRQ,1866,2110592.2
Iraq,IRQ,1867,2145750.8
Iraq,IRQ,1868,2178764.5
Iraq,IRQ,1869,2210069
Iraq,IRQ,1870,2281593.8
Iraq,IRQ,1871,2336067.8
Iraq,IRQ,1872,2386785
Iraq,IRQ,1873,2435378.8
Iraq,IRQ,1874,2483849.8
Iraq,IRQ,1875,2528573.8
Iraq,IRQ,1876,2572506.2
Iraq,IRQ,1877,2614759.2
Iraq,IRQ,1878,2654292.5
Iraq,IRQ,1879,2690074
Iraq,IRQ,1880,2762447.8
Iraq,IRQ,1881,2812261.5
Iraq,IRQ,1882,2854505.5
Iraq,IRQ,1883,2892089.8
Iraq,IRQ,1884,2927071.2
Iraq,IRQ,1885,2959547.5
Iraq,IRQ,1886,2990781.8
Iraq,IRQ,1887,3021115.8
Iraq,IRQ,1888,3050866.8
Iraq,IRQ,1889,3080205.5
Iraq,IRQ,1890,3157764.2
Iraq,IRQ,1891,3203048.2
Iraq,IRQ,1892,3242677
Iraq,IRQ,1893,3279416.8
Iraq,IRQ,1894,3314485.8
Iraq,IRQ,1895,3347380
Iraq,IRQ,1896,3379494.8
Iraq,IRQ,1897,3411019
Iraq,IRQ,1898,3442053.5
Iraq,IRQ,1899,3472662
Iraq,IRQ,1900,3561303.5
Iraq,IRQ,1901,3627556.2
Iraq,IRQ,1902,3685692
Iraq,IRQ,1903,3738633.8
Iraq,IRQ,1904,3785393
Iraq,IRQ,1905,3831137.2
Iraq,IRQ,1906,3874919
Iraq,IRQ,1907,3918842.2
Iraq,IRQ,1908,3960591
Iraq,IRQ,1909,3999517.2
Iraq,IRQ,1910,3951212.8
Iraq,IRQ,1911,3964861
Iraq,IRQ,1912,3980356.2
Iraq,IRQ,1913,4005228.5
Iraq,IRQ,1914,4028678.8
Iraq,IRQ,1915,4053419.2
Iraq,IRQ,1916,4080313.8
Iraq,IRQ,1917,4107804.2
Iraq,IRQ,1918,4137220.5
Iraq,IRQ,1919,4165760.8
Iraq,IRQ,1920,4107066.8
Iraq,IRQ,1921,4069485.2
Iraq,IRQ,1922,4046950.5
Iraq,IRQ,1923,4043185.2
Iraq,IRQ,1924,4047229
Iraq,IRQ,1925,4060101.5
Iraq,IRQ,1926,4077380.8
Iraq,IRQ,1927,4456999
Iraq,IRQ,1928,4866799
Iraq,IRQ,1929,5095685
Iraq,IRQ,1930,6983123.5
Iraq,IRQ,1931,7978602.5
Iraq,IRQ,1932,8677665
Iraq,IRQ,1933,9098164
Iraq,IRQ,1934,15985686
Iraq,IRQ,1935,23706380
Iraq,IRQ,1936,24205314
Iraq,IRQ,1937,25658562
Iraq,IRQ,1938,25087464
Iraq,IRQ,1939,41464980
Iraq,IRQ,1940,29577058
Iraq,IRQ,1941,22100516
Iraq,IRQ,1942,30349150
Iraq,IRQ,1943,38263440
Iraq,IRQ,1944,43141580
Iraq,IRQ,1945,49008836
Iraq,IRQ,1946,52009340
Iraq,IRQ,1947,54619356
Iraq,IRQ,1948,28013550
Iraq,IRQ,1949,30044382
Iraq,IRQ,1950,31655530
Iraq,IRQ,1951,33016644
Iraq,IRQ,1952,33089364
Iraq,IRQ,1953,34184348
Iraq,IRQ,1954,35249548
Iraq,IRQ,1955,36761680
Iraq,IRQ,1956,39574224
Iraq,IRQ,1957,38667400
Iraq,IRQ,1958,43112684
Iraq,IRQ,1959,47567100
Iraq,IRQ,1960,54085532
Iraq,IRQ,1961,56197656
Iraq,IRQ,1962,59290304
Iraq,IRQ,1963,62586124
Iraq,IRQ,1964,61854164
Iraq,IRQ,1965,74774536
Iraq,IRQ,1966,120794904
Iraq,IRQ,1967,70721590
Iraq,IRQ,1968,87166936
Iraq,IRQ,1969,98423680
Iraq,IRQ,1970,102810360
Iraq,IRQ,1971,111156170
Iraq,IRQ,1972,101660460
Iraq,IRQ,1973,125187750
Iraq,IRQ,1974,121716800
Iraq,IRQ,1975,134354770
Iraq,IRQ,1976,156273820
Iraq,IRQ,1977,150131100
Iraq,IRQ,1978,157689310
Iraq,IRQ,1979,202566260
Iraq,IRQ,1980,163371100
Iraq,IRQ,1981,87310290
Iraq,IRQ,1982,86420504
Iraq,IRQ,1983,93963160
Iraq,IRQ,1984,103914664
Iraq,IRQ,1985,117817800
Iraq,IRQ,1986,131546270
Iraq,IRQ,1987,154120980
Iraq,IRQ,1988,192240580
Iraq,IRQ,1989,206427700
Iraq,IRQ,1990,156530180
Iraq,IRQ,1991,73821224
Iraq,IRQ,1992,98881384
Iraq,IRQ,1993,100679970
Iraq,IRQ,1994,114577220
Iraq,IRQ,1995,118991990
Iraq,IRQ,1996,109327256
Iraq,IRQ,1997,128314140
Iraq,IRQ,1998,139092850
Iraq,IRQ,1999,149704660
Iraq,IRQ,2000,156381820
Iraq,IRQ,2001,176533920
Iraq,IRQ,2002,168337820
Iraq,IRQ,2003,168921070
Iraq,IRQ,2004,193707230
Iraq,IRQ,2005,193114750
Iraq,IRQ,2006,180227140
Iraq,IRQ,2007,131022970
Iraq,IRQ,2008,166560220
Iraq,IRQ,2009,194782770
Iraq,IRQ,2010,215194880
Iraq,IRQ,2011,230699300
Iraq,IRQ,2012,257845230
Iraq,IRQ,2013,270504030
Iraq,IRQ,2014,267127550
Iraq,IRQ,2015,280386560
Iraq,IRQ,2016,319764740
Iraq,IRQ,2017,336608220
Iraq,IRQ,2018,357237700
Iraq,IRQ,2019,370257470
Iraq,IRQ,2020,319798370
Iraq,IRQ,2021,316996540
Iraq,IRQ,2022,343264320
Iraq,IRQ,2023,338302000
Ireland,IRL,1850,44415576
Ireland,IRL,1851,43044496
Ireland,IRL,1852,41597704
Ireland,IRL,1853,40901150
Ireland,IRL,1854,40510590
Ireland,IRL,1855,39613196
Ireland,IRL,1856,38654090
Ireland,IRL,1857,37963256
Ireland,IRL,1858,37372604
Ireland,IRL,1859,36437576
Ireland,IRL,1860,36266016
Ireland,IRL,1861,35811570
Ireland,IRL,1862,35579532
Ireland,IRL,1863,35463430
Ireland,IRL,1864,35278290
Ireland,IRL,1865,34655184
Ireland,IRL,1866,34411052
Ireland,IRL,1867,34254616
Ireland,IRL,1868,34111588
Ireland,IRL,1869,33568264
Ireland,IRL,1870,34082348
Ireland,IRL,1871,34495716
Ireland,IRL,1872,34403124
Ireland,IRL,1873,34637236
Ireland,IRL,1874,35077050
Ireland,IRL,1875,35134776
Ireland,IRL,1876,35169376
Ireland,IRL,1877,35334170
Ireland,IRL,1878,35477584
Ireland,IRL,1879,35412096
Ireland,IRL,1880,35937890
Ireland,IRL,1881,35555064
Ireland,IRL,1882,34883660
Ireland,IRL,1883,34605520
Ireland,IRL,1884,34268030
Ireland,IRL,1885,33643396
Ireland,IRL,1886,33145998
Ireland,IRL,1887,32673790
Ireland,IRL,1888,32100334
Ireland,IRL,1889,31380214
Ireland,IRL,1890,30766898
Ireland,IRL,1891,30570338
Ireland,IRL,1892,30098100
Ireland,IRL,1893,29836244
Ireland,IRL,1894,29746902
Ireland,IRL,1895,29416028
Ireland,IRL,1896,29104512
Ireland,IRL,1897,28872138
Ireland,IRL,1898,28690442
Ireland,IRL,1899,28410772
Ireland,IRL,1900,28538348
Ireland,IRL,1901,28429756
Ireland,IRL,1902,28521076
Ireland,IRL,1903,28377638
Ireland,IRL,1904,28348380
Ireland,IRL,1905,28429328
Ireland,IRL,1906,28352806
Ireland,IRL,1907,28290014
Ireland,IRL,1908,28216724
Ireland,IRL,1909,28247832
Ireland,IRL,1910,28679662
Ireland,IRL,1911,29138138
Ireland,IRL,1912,29495202
Ireland,IRL,1913,30038522
Ireland,IRL,1914,30505080
Ireland,IRL,1915,30919880
Ireland,IRL,1916,30921086
Ireland,IRL,1917,31348960
Ireland,IRL,1918,31657358
Ireland,IRL,1919,32215898
Ireland,IRL,1920,30223904
Ireland,IRL,1921,27848988
Ireland,IRL,1922,25335752
Ireland,IRL,1923,23393640
Ireland,IRL,1924,28413072
Ireland,IRL,1925,26111148
Ireland,IRL,1926,26737526
Ireland,IRL,1927,23439928
Ireland,IRL,1928,21434534
Ireland,IRL,1929,23747392
Ireland,IRL,1930,22964952
Ireland,IRL,1931,24045450
Ireland,IRL,1932,21289584
Ireland,IRL,1933,25080130
Ireland,IRL,1934,25546820
Ireland,IRL,1935,26256350
Ireland,IRL,1936,27233988
Ireland,IRL,1937,27745932
Ireland,IRL,1938,27729246
Ireland,IRL,1939,30067910
Ireland,IRL,1940,29925880
Ireland,IRL,1941,27059554
Ireland,IRL,1942,25617792
Ireland,IRL,1943,26447482
Ireland,IRL,1944,26588892
Ireland,IRL,1945,27230854
Ireland,IRL,1946,29103740
Ireland,IRL,1947,30008054
Ireland,IRL,1948,30523692
Ireland,IRL,1949,31246764
Ireland,IRL,1950,32858928
Ireland,IRL,1951,33809130
Ireland,IRL,1952,33467476
Ireland,IRL,1953,32752214
Ireland,IRL,1954,31406258
Ireland,IRL,1955,34631108
Ireland,IRL,1956,33529696
Ireland,IRL,1957,32146538
Ireland,IRL,1958,30563358
Ireland,IRL,1959,35342380
Ireland,IRL,1960,32618558
Ireland,IRL,1961,37676470
Ireland,IRL,1962,36957864
Ireland,IRL,1963,38379132
Ireland,IRL,1964,39909224
Ireland,IRL,1965,41193130
Ireland,IRL,1966,43020750
Ireland,IRL,1967,43910296
Ireland,IRL,1968,46012880
Ireland,IRL,1969,46845180
Ireland,IRL,1970,47551028
Ireland,IRL,1971,52000296
Ireland,IRL,1972,50500660
Ireland,IRL,1973,51640564
Ireland,IRL,1974,52304016
Ireland,IRL,1975,51997736
Ireland,IRL,1976,53706436
Ireland,IRL,1977,53779950
Ireland,IRL,1978,53922000
Ireland,IRL,1979,58267250
Ireland,IRL,1980,54898908
Ireland,IRL,1981,53513230
Ireland,IRL,1982,53720308
Ireland,IRL,1983,55503504
Ireland,IRL,1984,54140028
Ireland,IRL,1985,55111084
Ireland,IRL,1986,55268950
Ireland,IRL,1987,55472696
Ireland,IRL,1988,53790370
Ireland,IRL,1989,53495836
Ireland,IRL,1990,56405372
Ireland,IRL,1991,56992640
Ireland,IRL,1992,57129144
Ireland,IRL,1993,57610004
Ireland,IRL,1994,59107076
Ireland,IRL,1995,60191084
Ireland,IRL,1996,62749840
Ireland,IRL,1997,64459840
Ireland,IRL,1998,67688250
Ireland,IRL,1999,74253544
Ireland,IRL,2000,77347770
Ireland,IRL,2001,80728680
Ireland,IRL,2002,78160280
Ireland,IRL,2003,77178810
Ireland,IRL,2004,76022220
Ireland,IRL,2005,76533760
Ireland,IRL,2006,75119120
Ireland,IRL,2007,82321680
Ireland,IRL,2008,76233440
Ireland,IRL,2009,69033790
Ireland,IRL,2010,67067516
Ireland,IRL,2011,62544876
Ireland,IRL,2012,62669760
Ireland,IRL,2013,61009284
Ireland,IRL,2014,60249564
Ireland,IRL,2015,63314196
Ireland,IRL,2016,66962984
Ireland,IRL,2017,66253320
Ireland,IRL,2018,63811620
Ireland,IRL,2019,61721756
Ireland,IRL,2020,58418984
Ireland,IRL,2021,61183028
Ireland,IRL,2022,59881956
Ireland,IRL,2023,57659532
Israel,ISR,1850,489787.1
Israel,ISR,1851,492001.03
Israel,ISR,1852,494153.22
Israel,ISR,1853,496231.1
Israel,ISR,1854,498258.88
Israel,ISR,1855,500169.1
Israel,ISR,1856,502013.4
Israel,ISR,1857,503751.78
Israel,ISR,1858,505371.78
Israel,ISR,1859,506879.2
Israel,ISR,1860,501941.12
Israel,ISR,1861,498050.56
Israel,ISR,1862,495229.7
Israel,ISR,1863,493007.1
Israel,ISR,1864,491058
Israel,ISR,1865,489295.75
Israel,ISR,1866,487706.97
Israel,ISR,1867,486250.8
Israel,ISR,1868,484932.25
Israel,ISR,1869,483719.56
Israel,ISR,1870,484880.22
Israel,ISR,1871,486059.22
Israel,ISR,1872,488134.78
Israel,ISR,1873,490861.38
Israel,ISR,1874,494076
Israel,ISR,1875,497652.38
Israel,ISR,1876,501262.44
Israel,ISR,1877,504651.75
Israel,ISR,1878,507574.66
Israel,ISR,1879,509795
Israel,ISR,1880,510252
Israel,ISR,1881,510114.12
Israel,ISR,1882,509831.66
Israel,ISR,1883,509376.56
Israel,ISR,1884,508904.03
Israel,ISR,1885,508413.56
Israel,ISR,1886,507950.44
Israel,ISR,1887,507532.5
Israel,ISR,1888,507195.8
Israel,ISR,1889,506921.53
Israel,ISR,1890,506594.25
Israel,ISR,1891,505565.44
Israel,ISR,1892,505002.3
Israel,ISR,1893,504703.4
Israel,ISR,1894,504476.38
Israel,ISR,1895,504367.16
Israel,ISR,1896,504293.28
Israel,ISR,1897,504218.12
Israel,ISR,1898,504196.78
Israel,ISR,1899,504192.62
Israel,ISR,1900,499836.3
Israel,ISR,1901,493364.7
Israel,ISR,1902,488046.16
Israel,ISR,1903,483647.5
Israel,ISR,1904,478808.62
Israel,ISR,1905,474477.9
Israel,ISR,1906,470376.25
Israel,ISR,1907,466920.7
Israel,ISR,1908,463264.16
Israel,ISR,1909,459374.9
Israel,ISR,1910,527585.1
Israel,ISR,1911,562985.56
Israel,ISR,1912,585172.8
Israel,ISR,1913,595992.75
Israel,ISR,1914,604252.9
Israel,ISR,1915,611276.94
Israel,ISR,1916,616749
Israel,ISR,1917,622350.2
Israel,ISR,1918,626830.1
Israel,ISR,1919,631018.06
Israel,ISR,1920,633059.1
Israel,ISR,1921,637539
Israel,ISR,1922,643151.75
Israel,ISR,1923,650035.94
Israel,ISR,1924,657011.06
Israel,ISR,1925,664637.06
Israel,ISR,1926,671486.2
Israel,ISR,1927,678466.44
Israel,ISR,1928,685212.56
Israel,ISR,1929,691396
Israel,ISR,1930,778059.5
Israel,ISR,1931,805085.2
Israel,ISR,1932,838352
Israel,ISR,1933,870353.1
Israel,ISR,1934,888750.2
Israel,ISR,1935,926805.2
Israel,ISR,1936,929628.25
Israel,ISR,1937,950683.94
Israel,ISR,1938,932766.2
Israel,ISR,1939,956471.9
Israel,ISR,1940,965036.75
Israel,ISR,1941,961687.56
Israel,ISR,1942,1033745.94
Israel,ISR,1943,1036119.7
Israel,ISR,1944,1069576.5
Israel,ISR,1945,1106640.4
Israel,ISR,1946,1217022
Israel,ISR,1947,1300766.4
Israel,ISR,1948,1266447.8
Israel,ISR,1949,1353311
Israel,ISR,1950,4841298.5
Israel,ISR,1951,8075498.5
Israel,ISR,1952,10432801
Israel,ISR,1953,12076517
Israel,ISR,1954,13418662
Israel,ISR,1955,15519056
Israel,ISR,1956,16215121
Israel,ISR,1957,18120064
Israel,ISR,1958,20238808
Israel,ISR,1959,21358972
Israel,ISR,1960,25528384
Israel,ISR,1961,28789074
Israel,ISR,1962,33762476
Israel,ISR,1963,36244010
Israel,ISR,1964,41532556
Israel,ISR,1965,60797890
Israel,ISR,1966,66180656
Israel,ISR,1967,69035064
Israel,ISR,1968,72242840
Israel,ISR,1969,79710550
Israel,ISR,1970,74163630
Israel,ISR,1971,74148550
Israel,ISR,1972,78021020
Israel,ISR,1973,80259944
Israel,ISR,1974,63005116
Israel,ISR,1975,84488550
Israel,ISR,1976,24992014
Israel,ISR,1977,25314896
Israel,ISR,1978,26654708
Israel,ISR,1979,26572144
Israel,ISR,1980,26918022
Israel,ISR,1981,26918358
Israel,ISR,1982,29579296
Israel,ISR,1983,29847438
Israel,ISR,1984,29729876
Israel,ISR,1985,31050564
Israel,ISR,1986,32801696
Israel,ISR,1987,33556932
Israel,ISR,1988,36166948
Israel,ISR,1989,37949130
Israel,ISR,1990,42586384
Israel,ISR,1991,44559964
Israel,ISR,1992,50264050
Israel,ISR,1993,52441290
Israel,ISR,1994,56049330
Israel,ISR,1995,58380670
Israel,ISR,1996,60701736
Israel,ISR,1997,63804624
Israel,ISR,1998,65039416
Israel,ISR,1999,63994892
Israel,ISR,2000,68774340
Israel,ISR,2001,72578056
Israel,ISR,2002,68912740
Israel,ISR,2003,71873240
Israel,ISR,2004,68659140
Israel,ISR,2005,66409628
Israel,ISR,2006,72730490
Israel,ISR,2007,73754710
Israel,ISR,2008,79002450
Israel,ISR,2009,74472330
Israel,ISR,2010,79505704
Israel,ISR,2011,80780184
Israel,ISR,2012,86387380
Israel,ISR,2013,76411250
Israel,ISR,2014,73837350
Israel,ISR,2015,77176136
Israel,ISR,2016,77982216
Israel,ISR,2017,75075110
Israel,ISR,2018,76153670
Israel,ISR,2019,74870680
Israel,ISR,2020,76889576
Israel,ISR,2021,78507420
Israel,ISR,2022,81421120
Israel,ISR,2023,81208930
Italy,ITA,1850,27369666
Italy,ITA,1851,28654734
Italy,ITA,1852,29629462
Italy,ITA,1853,29238006
Italy,ITA,1854,28122600
Italy,ITA,1855,29319140
Italy,ITA,1856,30251402
Italy,ITA,1857,30030610
Italy,ITA,1858,30328330
Italy,ITA,1859,29574828
Italy,ITA,1860,27153604
Italy,ITA,1861,27770478
Italy,ITA,1862,28328104
Italy,ITA,1863,26368874
Italy,ITA,1864,25772288
Italy,ITA,1865,25362800
Italy,ITA,1866,25012266
Italy,ITA,1867,25513802
Italy,ITA,1868,25845194
Italy,ITA,1869,25418526
Italy,ITA,1870,25871174
Italy,ITA,1871,27389098
Italy,ITA,1872,29442982
Italy,ITA,1873,29290766
Italy,ITA,1874,28845692
Italy,ITA,1875,30356030
Italy,ITA,1876,32567532
Italy,ITA,1877,32323936
Italy,ITA,1878,32831250
Italy,ITA,1879,32949066
Italy,ITA,1880,33458906
Italy,ITA,1881,35936040
Italy,ITA,1882,37388236
Italy,ITA,1883,37067340
Italy,ITA,1884,37541870
Italy,ITA,1885,39422504
Italy,ITA,1886,39494184
Italy,ITA,1887,42773508
Italy,ITA,1888,44503710
Italy,ITA,1889,44882824
Italy,ITA,1890,43716370
Italy,ITA,1891,44484436
Italy,ITA,1892,45819772
Italy,ITA,1893,45338096
Italy,ITA,1894,46666170
Italy,ITA,1895,47458676
Italy,ITA,1896,48181496
Italy,ITA,1897,48588532
Italy,ITA,1898,49627504
Italy,ITA,1899,49960852
Italy,ITA,1900,49990420
Italy,ITA,1901,49597890
Italy,ITA,1902,53324644
Italy,ITA,1903,55105360
Italy,ITA,1904,55687864
Italy,ITA,1905,55907970
Italy,ITA,1906,61067756
Italy,ITA,1907,63796670
Italy,ITA,1908,63569964
Italy,ITA,1909,66171452
Italy,ITA,1910,66451810
Italy,ITA,1911,67748640
Italy,ITA,1912,71708776
Italy,ITA,1913,75576120
Italy,ITA,1914,72013190
Italy,ITA,1915,68402530
Italy,ITA,1916,69720290
Italy,ITA,1917,62888540
Italy,ITA,1918,67894740
Italy,ITA,1919,69430650
Italy,ITA,1920,65872784
Italy,ITA,1921,70379630
Italy,ITA,1922,79768390
Italy,ITA,1923,77548630
Italy,ITA,1924,81617130
Italy,ITA,1925,79239350
Italy,ITA,1926,81672216
Italy,ITA,1927,86422260
Italy,ITA,1928,83968360
Italy,ITA,1929,90167416
Italy,ITA,1930,84028030
Italy,ITA,1931,80399784
Italy,ITA,1932,72734240
Italy,ITA,1933,74711976
Italy,ITA,1934,81971496
Italy,ITA,1935,91142300
Italy,ITA,1936,76651730
Italy,ITA,1937,89241470
Italy,ITA,1938,93919690
Italy,ITA,1939,93937080
Italy,ITA,1940,95514190
Italy,ITA,1941,89730440
Italy,ITA,1942,93197900
Italy,ITA,1943,60674184
Italy,ITA,1944,60175788
Italy,ITA,1945,62570640
Italy,ITA,1946,82165470
Italy,ITA,1947,96259970
Italy,ITA,1948,94069280
Italy,ITA,1949,103533100
Italy,ITA,1950,102186340
Italy,ITA,1951,104849290
Italy,ITA,1952,108847370
Italy,ITA,1953,112642584
Italy,ITA,1954,119560700
Italy,ITA,1955,130037400
Italy,ITA,1956,139214420
Italy,ITA,1957,143242600
Italy,ITA,1958,144565380
Italy,ITA,1959,142544800
Italy,ITA,1960,162494290
Italy,ITA,1961,184501360
Italy,ITA,1962,207420800
Italy,ITA,1963,224507100
Italy,ITA,1964,238340260
Italy,ITA,1965,255477710
Italy,ITA,1966,283953250
Italy,ITA,1967,309700100
Italy,ITA,1968,324976160
Italy,ITA,1969,355415200
Italy,ITA,1970,356398460
Italy,ITA,1971,380082500
Italy,ITA,1972,395874340
Italy,ITA,1973,425284130
Italy,ITA,1974,426385400
Italy,ITA,1975,406902880
Italy,ITA,1976,433335100
Italy,ITA,1977,422146370
Italy,ITA,1978,440920400
Italy,ITA,1979,454236200
Italy,ITA,1980,453893820
Italy,ITA,1981,441754270
Italy,ITA,1982,431242020
Italy,ITA,1983,419808060
Italy,ITA,1984,428357440
Italy,ITA,1985,434673570
Italy,ITA,1986,428782620
Italy,ITA,1987,451388220
Italy,ITA,1988,452688160
Italy,ITA,1989,470891680
Italy,ITA,1990,501580800
Italy,ITA,1991,496823740
Italy,ITA,1992,492028450
Italy,ITA,1993,482679970
Italy,ITA,1994,475894980
Italy,ITA,1995,504650180
Italy,ITA,1996,498563870
Italy,ITA,1997,514545470
Italy,ITA,1998,536732480
Italy,ITA,1999,534765700
Italy,ITA,2000,537012500
Italy,ITA,2001,528676500
Italy,ITA,2002,533686720
Italy,ITA,2003,552595840
Italy,ITA,2004,554146560
Italy,ITA,2005,551274500
Italy,ITA,2006,537847600
Italy,ITA,2007,543441000
Italy,ITA,2008,523057730
Italy,ITA,2009,472106880
Italy,ITA,2010,477711170
Italy,ITA,2011,467720600
Italy,ITA,2012,438869980
Italy,ITA,2013,406346270
Italy,ITA,2014,383495140
Italy,ITA,2015,397890080
Italy,ITA,2016,396290850
Italy,ITA,2017,392250500
Italy,ITA,2018,403987620
Italy,ITA,2019,391391500
Italy,ITA,2020,351234020
Italy,ITA,2021,384791700
Italy,ITA,2022,389478270
Italy,ITA,2023,361999170
Jamaica,JAM,1850,928781.8
Jamaica,JAM,1851,465493.2
Jamaica,JAM,1852,637168.25
Jamaica,JAM,1853,769014.25
Jamaica,JAM,1854,753221.4
Jamaica,JAM,1855,796153.06
Jamaica,JAM,1856,786129.4
Jamaica,JAM,1857,855416.75
Jamaica,JAM,1858,821539.94
Jamaica,JAM,1859,742483.2
Jamaica,JAM,1860,1065915.2
Jamaica,JAM,1861,912555
Jamaica,JAM,1862,992165.8
Jamaica,JAM,1863,834425.94
Jamaica,JAM,1864,1230909.9
Jamaica,JAM,1865,1160643
Jamaica,JAM,1866,1471118.8
Jamaica,JAM,1867,1185808.2
Jamaica,JAM,1868,1026401.8
Jamaica,JAM,1869,1463947.4
Jamaica,JAM,1870,1382861.2
Jamaica,JAM,1871,1201383.8
Jamaica,JAM,1872,1058134.9
Jamaica,JAM,1873,1311030.5
Jamaica,JAM,1874,1359497
Jamaica,JAM,1875,1391264
Jamaica,JAM,1876,1434011.1
Jamaica,JAM,1877,1529689.4
Jamaica,JAM,1878,1543190.8
Jamaica,JAM,1879,1474569.2
Jamaica,JAM,1880,1439956.5
Jamaica,JAM,1881,1492353.8
Jamaica,JAM,1882,1664506.1
Jamaica,JAM,1883,1549116.5
Jamaica,JAM,1884,1600926.6
Jamaica,JAM,1885,1664530.1
Jamaica,JAM,1886,1131372.2
Jamaica,JAM,1887,1593757.1
Jamaica,JAM,1888,1676031
Jamaica,JAM,1889,1645935.4
Jamaica,JAM,1890,1360368.6
Jamaica,JAM,1891,942590.56
Jamaica,JAM,1892,984478.75
Jamaica,JAM,1893,1007514.25
Jamaica,JAM,1894,866957.75
Jamaica,JAM,1895,717167
Jamaica,JAM,1896,594235.5
Jamaica,JAM,1897,434413.12
Jamaica,JAM,1898,576120.25
Jamaica,JAM,1899,323529.2
Jamaica,JAM,1900,1008769.9
Jamaica,JAM,1901,1040154.6
Jamaica,JAM,1902,1160210.5
Jamaica,JAM,1903,1449756.9
Jamaica,JAM,1904,1264447.6
Jamaica,JAM,1905,1518820.8
Jamaica,JAM,1906,1777484.1
Jamaica,JAM,1907,1735386.4
Jamaica,JAM,1908,1800758.8
Jamaica,JAM,1909,2001986.4
Jamaica,JAM,1910,1794093
Jamaica,JAM,1911,1981024.6
Jamaica,JAM,1912,2149306
Jamaica,JAM,1913,2079784.2
Jamaica,JAM,1914,2361096.8
Jamaica,JAM,1915,2345524.2
Jamaica,JAM,1916,2408877
Jamaica,JAM,1917,2531470
Jamaica,JAM,1918,2464281.5
Jamaica,JAM,1919,2493234
Jamaica,JAM,1920,3272183.8
Jamaica,JAM,1921,3205200.5
Jamaica,JAM,1922,3333018.5
Jamaica,JAM,1923,3362890.5
Jamaica,JAM,1924,3638396.8
Jamaica,JAM,1925,3314771
Jamaica,JAM,1926,3434979.8
Jamaica,JAM,1927,3468968.5
Jamaica,JAM,1928,3473003.2
Jamaica,JAM,1929,3471765
Jamaica,JAM,1930,3866269.5
Jamaica,JAM,1931,4023870.2
Jamaica,JAM,1932,4139140.5
Jamaica,JAM,1933,4273676
Jamaica,JAM,1934,4352738
Jamaica,JAM,1935,4147451.8
Jamaica,JAM,1936,4453885
Jamaica,JAM,1937,4596449
Jamaica,JAM,1938,4664829
Jamaica,JAM,1939,4899832
Jamaica,JAM,1940,5099662
Jamaica,JAM,1941,5307643.5
Jamaica,JAM,1942,5764240
Jamaica,JAM,1943,5752962.5
Jamaica,JAM,1944,5944256.5
Jamaica,JAM,1945,6330641
Jamaica,JAM,1946,6795181
Jamaica,JAM,1947,7337813
Jamaica,JAM,1948,7910855
Jamaica,JAM,1949,8302917
Jamaica,JAM,1950,8297243
Jamaica,JAM,1951,8655597
Jamaica,JAM,1952,9036009
Jamaica,JAM,1953,9177839
Jamaica,JAM,1954,9884643
Jamaica,JAM,1955,9958969
Jamaica,JAM,1956,10018506
Jamaica,JAM,1957,10130146
Jamaica,JAM,1958,9563717
Jamaica,JAM,1959,9791536
Jamaica,JAM,1960,7879687
Jamaica,JAM,1961,7607039
Jamaica,JAM,1962,7003501.5
Jamaica,JAM,1963,6570352.5
Jamaica,JAM,1964,7122050.5
Jamaica,JAM,1965,5778882.5
Jamaica,JAM,1966,6029354.5
Jamaica,JAM,1967,6056350
Jamaica,JAM,1968,6128030
Jamaica,JAM,1969,6506428.5
Jamaica,JAM,1970,6598541.5
Jamaica,JAM,1971,7407294
Jamaica,JAM,1972,7886427
Jamaica,JAM,1973,9859394
Jamaica,JAM,1974,9201768
Jamaica,JAM,1975,9753415
Jamaica,JAM,1976,8882903
Jamaica,JAM,1977,9168664
Jamaica,JAM,1978,10566124
Jamaica,JAM,1979,10154911
Jamaica,JAM,1980,10150311
Jamaica,JAM,1981,8888390
Jamaica,JAM,1982,7502111.5
Jamaica,JAM,1983,7946150
Jamaica,JAM,1984,6708409
Jamaica,JAM,1985,6717046.5
Jamaica,JAM,1986,6387495
Jamaica,JAM,1987,7325001.5
Jamaica,JAM,1988,6525340
Jamaica,JAM,1989,8675263
Jamaica,JAM,1990,10438644
Jamaica,JAM,1991,11411857
Jamaica,JAM,1992,15112995
Jamaica,JAM,1993,12396623
Jamaica,JAM,1994,12369614
Jamaica,JAM,1995,12321100
Jamaica,JAM,1996,13705580
Jamaica,JAM,1997,12829351
Jamaica,JAM,1998,12812962
Jamaica,JAM,1999,22321334
Jamaica,JAM,2000,15973798
Jamaica,JAM,2001,14917030
Jamaica,JAM,2002,15015901
Jamaica,JAM,2003,14387607
Jamaica,JAM,2004,14614380
Jamaica,JAM,2005,13416324
Jamaica,JAM,2006,19103470
Jamaica,JAM,2007,19076778
Jamaica,JAM,2008,17939756
Jamaica,JAM,2009,10691400
Jamaica,JAM,2010,9785014
Jamaica,JAM,2011,11060822
Jamaica,JAM,2012,9981121
Jamaica,JAM,2013,10391445
Jamaica,JAM,2014,9241667
Jamaica,JAM,2015,9083435
Jamaica,JAM,2016,9371344
Jamaica,JAM,2017,9277051
Jamaica,JAM,2018,8842741
Jamaica,JAM,2019,10224846
Jamaica,JAM,2020,7610360
Jamaica,JAM,2021,8108007.5
Jamaica,JAM,2022,7880913
Jamaica,JAM,2023,8368693
Japan,JPN,1850,24931890
Japan,JPN,1851,21793620
Japan,JPN,1852,20873018
Japan,JPN,1853,20722852
Japan,JPN,1854,21604656
Japan,JPN,1855,23465410
Japan,JPN,1856,22117444
Japan,JPN,1857,24089634
Japan,JPN,1858,23703016
Japan,JPN,1859,25728066
Japan,JPN,1860,21679988
Japan,JPN,1861,24055712
Japan,JPN,1862,23613966
Japan,JPN,1863,22699592
Japan,JPN,1864,24390134
Japan,JPN,1865,24744092
Japan,JPN,1866,23866700
Japan,JPN,1867,25562316
Japan,JPN,1868,25232508
Japan,JPN,1869,27020698
Japan,JPN,1870,24130400
Japan,JPN,1871,26735822
Japan,JPN,1872,24820714
Japan,JPN,1873,26829798
Japan,JPN,1874,27676226
Japan,JPN,1875,29509880
Japan,JPN,1876,32394212
Japan,JPN,1877,29988546
Japan,JPN,1878,31619856
Japan,JPN,1879,30249764
Japan,JPN,1880,32392930
Japan,JPN,1881,33034826
Japan,JPN,1882,33129806
Japan,JPN,1883,35685616
Japan,JPN,1884,35274090
Japan,JPN,1885,36450400
Japan,JPN,1886,40027570
Japan,JPN,1887,38341190
Japan,JPN,1888,40188570
Japan,JPN,1889,41057860
Japan,JPN,1890,43483010
Japan,JPN,1891,45737444
Japan,JPN,1892,45989812
Japan,JPN,1893,45916200
Japan,JPN,1894,49811264
Japan,JPN,1895,50816396
Japan,JPN,1896,56897344
Japan,JPN,1897,60336456
Japan,JPN,1898,63323910
Japan,JPN,1899,67186216
Japan,JPN,1900,64595930
Japan,JPN,1901,71828800
Japan,JPN,1902,72371370
Japan,JPN,1903,72252940
Japan,JPN,1904,81685064
Japan,JPN,1905,82632344
Japan,JPN,1906,82367864
Japan,JPN,1907,87288504
Japan,JPN,1908,93233800
Japan,JPN,1909,96157620
Japan,JPN,1910,96861336
Japan,JPN,1911,101470720
Japan,JPN,1912,107671256
Japan,JPN,1913,111764250
Japan,JPN,1914,116410010
Japan,JPN,1915,112101416
Japan,JPN,1916,121983160
Japan,JPN,1917,130892744
Japan,JPN,1918,137561700
Japan,JPN,1919,142389950
Japan,JPN,1920,139205490
Japan,JPN,1921,133438620
Japan,JPN,1922,142388290
Japan,JPN,1923,151931870
Japan,JPN,1924,155169980
Japan,JPN,1925,156844530
Japan,JPN,1926,158192450
Japan,JPN,1927,168067260
Japan,JPN,1928,171067620
Japan,JPN,1929,175390720
Japan,JPN,1930,165152180
Japan,JPN,1931,156223800
Japan,JPN,1932,158867490
Japan,JPN,1933,173406290
Japan,JPN,1934,188393060
Japan,JPN,1935,188943980
Japan,JPN,1936,199949500
Japan,JPN,1937,211920700
Japan,JPN,1938,226227860
Japan,JPN,1939,217549760
Japan,JPN,1940,246754290
Japan,JPN,1941,247544660
Japan,JPN,1942,243895220
Japan,JPN,1943,252811200
Japan,JPN,1944,238405980
Japan,JPN,1945,170652880
Japan,JPN,1946,150633620
Japan,JPN,1947,168263800
Japan,JPN,1948,191320820
Japan,JPN,1949,201886820
Japan,JPN,1950,212026740
Japan,JPN,1951,228322370
Japan,JPN,1952,239832830
Japan,JPN,1953,257401780
Japan,JPN,1954,250673490
Japan,JPN,1955,253247500
Japan,JPN,1956,273671900
Japan,JPN,1957,311665120
Japan,JPN,1958,301614820
Japan,JPN,1959,322789220
Japan,JPN,1960,354767550
Japan,JPN,1961,410487580
Japan,JPN,1962,413610780
Japan,JPN,1963,448536350
Japan,JPN,1964,480543780
Japan,JPN,1965,506786180
Japan,JPN,1966,539758800
Japan,JPN,1967,615875260
Japan,JPN,1968,685694400
Japan,JPN,1969,783315650
Japan,JPN,1970,899604160
Japan,JPN,1971,918078600
Japan,JPN,1972,969623740
Japan,JPN,1973,1023076100
Japan,JPN,1974,1019895400
Japan,JPN,1975,968405950
Japan,JPN,1976,1003182140
Japan,JPN,1977,1029143100
Japan,JPN,1978,995688300
Japan,JPN,1979,1041690240
Japan,JPN,1980,1030420350
Japan,JPN,1981,1009877800
Japan,JPN,1982,982215000
Japan,JPN,1983,961868860
Japan,JPN,1984,1026089100
Japan,JPN,1985,997635400
Japan,JPN,1986,996396300
Japan,JPN,1987,982405060
Japan,JPN,1988,1062438400
Japan,JPN,1989,1095163100
Japan,JPN,1990,1230842900
Japan,JPN,1991,1244158500
Japan,JPN,1992,1253120000
Japan,JPN,1993,1242707500
Japan,JPN,1994,1304645900
Japan,JPN,1995,1308562300
Japan,JPN,1996,1322666800
Japan,JPN,1997,1313218000
Japan,JPN,1998,1271016600
Japan,JPN,1999,1297507500
Japan,JPN,2000,1324315900
Japan,JPN,2001,1298718500
Japan,JPN,2002,1321265900
Japan,JPN,2003,1328098000
Japan,JPN,2004,1318803000
Japan,JPN,2005,1328494000
Japan,JPN,2006,1312630700
Japan,JPN,2007,1342968300
Japan,JPN,2008,1272124800
Japan,JPN,2009,1197258600
Japan,JPN,2010,1250038100
Japan,JPN,2011,1301283700
Japan,JPN,2012,1343007700
Japan,JPN,2013,1354838900
Japan,JPN,2014,1304437400
Japan,JPN,2015,1263848000
Japan,JPN,2016,1241284000
Japan,JPN,2017,1228455800
Japan,JPN,2018,1185511200
Japan,JPN,2019,1146364700
Japan,JPN,2020,1082978300
Japan,JPN,2021,1105843600
Japan,JPN,2022,1075799700
Japan,JPN,2023,1031619600
Jordan,JOR,1850,134867.7
Jordan,JOR,1851,135297.25
Jordan,JOR,1852,135732.97
Jordan,JOR,1853,136213.14
Jordan,JOR,1854,136657.03
Jordan,JOR,1855,137057.12
Jordan,JOR,1856,137433.39
Jordan,JOR,1857,137750.86
Jordan,JOR,1858,138020.34
Jordan,JOR,1859,138234.36
Jordan,JOR,1860,137093.84
Jordan,JOR,1861,136625.03
Jordan,JOR,1862,136391.95
Jordan,JOR,1863,136379.27
Jordan,JOR,1864,136397.58
Jordan,JOR,1865,136440.7
Jordan,JOR,1866,136484.11
Jordan,JOR,1867,136558.28
Jordan,JOR,1868,136638.72
Jordan,JOR,1869,136755.84
Jordan,JOR,1870,165125.44
Jordan,JOR,1871,181324.94
Jordan,JOR,1872,192978.8
Jordan,JOR,1873,201189.08
Jordan,JOR,1874,208734.14
Jordan,JOR,1875,215827.56
Jordan,JOR,1876,222499.67
Jordan,JOR,1877,228725.88
Jordan,JOR,1878,234399.14
Jordan,JOR,1879,239449.06
Jordan,JOR,1880,246379.19
Jordan,JOR,1881,249593.72
Jordan,JOR,1882,252214.75
Jordan,JOR,1883,254395.88
Jordan,JOR,1884,256318.16
Jordan,JOR,1885,257759.61
Jordan,JOR,1886,259066.2
Jordan,JOR,1887,260272.4
Jordan,JOR,1888,261394.44
Jordan,JOR,1889,262503.44
Jordan,JOR,1890,263462.75
Jordan,JOR,1891,263663.97
Jordan,JOR,1892,264133
Jordan,JOR,1893,264815.16
Jordan,JOR,1894,265500
Jordan,JOR,1895,266151.12
Jordan,JOR,1896,266787.1
Jordan,JOR,1897,267417.28
Jordan,JOR,1898,268041.97
Jordan,JOR,1899,268633.88
Jordan,JOR,1900,275834.22
Jordan,JOR,1901,278260.8
Jordan,JOR,1902,279634.34
Jordan,JOR,1903,280820.6
Jordan,JOR,1904,280688.34
Jordan,JOR,1905,280790.4
Jordan,JOR,1906,280783.3
Jordan,JOR,1907,281047.38
Jordan,JOR,1908,280900.22
Jordan,JOR,1909,280383.25
Jordan,JOR,1910,278264.5
Jordan,JOR,1911,276929.94
Jordan,JOR,1912,276522.6
Jordan,JOR,1913,276167
Jordan,JOR,1914,275610.7
Jordan,JOR,1915,275159.84
Jordan,JOR,1916,274534.44
Jordan,JOR,1917,274645.3
Jordan,JOR,1918,274250.56
Jordan,JOR,1919,274224.4
Jordan,JOR,1920,275367.7
Jordan,JOR,1921,280101.4
Jordan,JOR,1922,284237.5
Jordan,JOR,1923,288410.1
Jordan,JOR,1924,292685.3
Jordan,JOR,1925,297541.66
Jordan,JOR,1926,302110.9
Jordan,JOR,1927,306532.62
Jordan,JOR,1928,311019.5
Jordan,JOR,1929,315262.22
Jordan,JOR,1930,349051.12
Jordan,JOR,1931,368699.62
Jordan,JOR,1932,382884.6
Jordan,JOR,1933,392130.7
Jordan,JOR,1934,399353.34
Jordan,JOR,1935,406496.97
Jordan,JOR,1936,416573
Jordan,JOR,1937,426329.16
Jordan,JOR,1938,435758.78
Jordan,JOR,1939,445102.62
Jordan,JOR,1940,439417.25
Jordan,JOR,1941,444463.62
Jordan,JOR,1942,455533.9
Jordan,JOR,1943,471002.78
Jordan,JOR,1944,487834.34
Jordan,JOR,1945,509822.97
Jordan,JOR,1946,531735.7
Jordan,JOR,1947,553315.56
Jordan,JOR,1948,574800.5
Jordan,JOR,1949,594404
Jordan,JOR,1950,1199736.5
Jordan,JOR,1951,1253584
Jordan,JOR,1952,1328053.4
Jordan,JOR,1953,1353237.2
Jordan,JOR,1954,1459896.2
Jordan,JOR,1955,1693033.9
Jordan,JOR,1956,1884189.9
Jordan,JOR,1957,1992729.4
Jordan,JOR,1958,2065807.9
Jordan,JOR,1959,2148056
Jordan,JOR,1960,2379721.5
Jordan,JOR,1961,2265545.8
Jordan,JOR,1962,2346358
Jordan,JOR,1963,2548551.5
Jordan,JOR,1964,2548380.8
Jordan,JOR,1965,2807448.2
Jordan,JOR,1966,3054673.2
Jordan,JOR,1967,2660818.5
Jordan,JOR,1968,2826297.2
Jordan,JOR,1969,3303715.2
Jordan,JOR,1970,2910315.2
Jordan,JOR,1971,3176374.5
Jordan,JOR,1972,3433863.2
Jordan,JOR,1973,3880287.5
Jordan,JOR,1974,3788657.2
Jordan,JOR,1975,4099389.2
Jordan,JOR,1976,4472292.5
Jordan,JOR,1977,4795262.5
Jordan,JOR,1978,5344260.5
Jordan,JOR,1979,5568685
Jordan,JOR,1980,6312420.5
Jordan,JOR,1981,7795478
Jordan,JOR,1982,8445658
Jordan,JOR,1983,8260443
Jordan,JOR,1984,11175651
Jordan,JOR,1985,11087123
Jordan,JOR,1986,12235118
Jordan,JOR,1987,12598562
Jordan,JOR,1988,11755127
Jordan,JOR,1989,10304021
Jordan,JOR,1990,12163463
Jordan,JOR,1991,14559057
Jordan,JOR,1992,15743266
Jordan,JOR,1993,15575355
Jordan,JOR,1994,17453166
Jordan,JOR,1995,16766020
Jordan,JOR,1996,17461088
Jordan,JOR,1997,17652814
Jordan,JOR,1998,17936084
Jordan,JOR,1999,18044552
Jordan,JOR,2000,18838758
Jordan,JOR,2001,19467872
Jordan,JOR,2002,20404626
Jordan,JOR,2003,21662822
Jordan,JOR,2004,23037606
Jordan,JOR,2005,25141432
Jordan,JOR,2006,24876464
Jordan,JOR,2007,26389886
Jordan,JOR,2008,26838504
Jordan,JOR,2009,26861052
Jordan,JOR,2010,26675354
Jordan,JOR,2011,28390110
Jordan,JOR,2012,31001886
Jordan,JOR,2013,31174428
Jordan,JOR,2014,33440950
Jordan,JOR,2015,33340286
Jordan,JOR,2016,32273452
Jordan,JOR,2017,33701188
Jordan,JOR,2018,33222630
Jordan,JOR,2019,32614430
Jordan,JOR,2020,28821466
Jordan,JOR,2021,28618038
Jordan,JOR,2022,28346004
Jordan,JOR,2023,29364456
Kazakhstan,KAZ,1850,29608076
Kazakhstan,KAZ,1851,29825414
Kazakhstan,KAZ,1852,29892156
Kazakhstan,KAZ,1853,30038120
Kazakhstan,KAZ,1854,30085960
Kazakhstan,KAZ,1855,30250602
Kazakhstan,KAZ,1856,30316096
Kazakhstan,KAZ,1857,30393636
Kazakhstan,KAZ,1858,30477300
Kazakhstan,KAZ,1859,30570856
Kazakhstan,KAZ,1860,30614994
Kazakhstan,KAZ,1861,30818626
Kazakhstan,KAZ,1862,30993502
Kazakhstan,KAZ,1863,31055478
Kazakhstan,KAZ,1864,31216690
Kazakhstan,KAZ,1865,31282120
Kazakhstan,KAZ,1866,31516522
Kazakhstan,KAZ,1867,31619216
Kazakhstan,KAZ,1868,31704784
Kazakhstan,KAZ,1869,31885022
Kazakhstan,KAZ,1870,32172402
Kazakhstan,KAZ,1871,32510004
Kazakhstan,KAZ,1872,32719034
Kazakhstan,KAZ,1873,32995880
Kazakhstan,KAZ,1874,33272966
Kazakhstan,KAZ,1875,33672596
Kazakhstan,KAZ,1876,34070476
Kazakhstan,KAZ,1877,34380056
Kazakhstan,KAZ,1878,34823650
Kazakhstan,KAZ,1879,35119804
Kazakhstan,KAZ,1880,35607664
Kazakhstan,KAZ,1881,35795970
Kazakhstan,KAZ,1882,36188484
Kazakhstan,KAZ,1883,36570440
Kazakhstan,KAZ,1884,36792828
Kazakhstan,KAZ,1885,37128572
Kazakhstan,KAZ,1886,37450884
Kazakhstan,KAZ,1887,37744690
Kazakhstan,KAZ,1888,38006504
Kazakhstan,KAZ,1889,38404550
Kazakhstan,KAZ,1890,38928510
Kazakhstan,KAZ,1891,39560276
Kazakhstan,KAZ,1892,40055580
Kazakhstan,KAZ,1893,40917596
Kazakhstan,KAZ,1894,41359750
Kazakhstan,KAZ,1895,42199492
Kazakhstan,KAZ,1896,42658060
Kazakhstan,KAZ,1897,43619770
Kazakhstan,KAZ,1898,44520628
Kazakhstan,KAZ,1899,45637650
Kazakhstan,KAZ,1900,47031796
Kazakhstan,KAZ,1901,47853840
Kazakhstan,KAZ,1902,48027140
Kazakhstan,KAZ,1903,48012980
Kazakhstan,KAZ,1904,49503650
Kazakhstan,KAZ,1905,49021612
Kazakhstan,KAZ,1906,50708092
Kazakhstan,KAZ,1907,51293052
Kazakhstan,KAZ,1908,51707970
Kazakhstan,KAZ,1909,53482596
Kazakhstan,KAZ,1910,52797428
Kazakhstan,KAZ,1911,53049708
Kazakhstan,KAZ,1912,54946852
Kazakhstan,KAZ,1913,56780410
Kazakhstan,KAZ,1914,56275756
Kazakhstan,KAZ,1915,56396388
Kazakhstan,KAZ,1916,56634836
Kazakhstan,KAZ,1917,56953530
Kazakhstan,KAZ,1918,51573464
Kazakhstan,KAZ,1919,51383340
Kazakhstan,KAZ,1920,52255050
Kazakhstan,KAZ,1921,53708908
Kazakhstan,KAZ,1922,55178830
Kazakhstan,KAZ,1923,56204140
Kazakhstan,KAZ,1924,57253732
Kazakhstan,KAZ,1925,58538612
Kazakhstan,KAZ,1926,60599170
Kazakhstan,KAZ,1927,62906252
Kazakhstan,KAZ,1928,63986732
Kazakhstan,KAZ,1929,65426080
Kazakhstan,KAZ,1930,64912316
Kazakhstan,KAZ,1931,63703190
Kazakhstan,KAZ,1932,63712204
Kazakhstan,KAZ,1933,62113520
Kazakhstan,KAZ,1934,63255400
Kazakhstan,KAZ,1935,64014748
Kazakhstan,KAZ,1936,65667892
Kazakhstan,KAZ,1937,63114250
Kazakhstan,KAZ,1938,62632396
Kazakhstan,KAZ,1939,60203340
Kazakhstan,KAZ,1940,84319300
Kazakhstan,KAZ,1941,89799100
Kazakhstan,KAZ,1942,80663550
Kazakhstan,KAZ,1943,90929350
Kazakhstan,KAZ,1944,104524400
Kazakhstan,KAZ,1945,111877330
Kazakhstan,KAZ,1946,122480580
Kazakhstan,KAZ,1947,136041020
Kazakhstan,KAZ,1948,144439780
Kazakhstan,KAZ,1949,154513570
Kazakhstan,KAZ,1950,178135310
Kazakhstan,KAZ,1951,200909010
Kazakhstan,KAZ,1952,219910290
Kazakhstan,KAZ,1953,245145630
Kazakhstan,KAZ,1954,274078940
Kazakhstan,KAZ,1955,315912100
Kazakhstan,KAZ,1956,350880800
Kazakhstan,KAZ,1957,390071330
Kazakhstan,KAZ,1958,423993860
Kazakhstan,KAZ,1959,452384000
Kazakhstan,KAZ,1960,443976900
Kazakhstan,KAZ,1961,448225400
Kazakhstan,KAZ,1962,438040770
Kazakhstan,KAZ,1963,427629800
Kazakhstan,KAZ,1964,415612600
Kazakhstan,KAZ,1965,409446240
Kazakhstan,KAZ,1966,403987840
Kazakhstan,KAZ,1967,398591870
Kazakhstan,KAZ,1968,390184670
Kazakhstan,KAZ,1969,383146020
Kazakhstan,KAZ,1970,401408930
Kazakhstan,KAZ,1971,404910560
Kazakhstan,KAZ,1972,397110820
Kazakhstan,KAZ,1973,401883230
Kazakhstan,KAZ,1974,397884640
Kazakhstan,KAZ,1975,405029600
Kazakhstan,KAZ,1976,403248930
Kazakhstan,KAZ,1977,403934340
Kazakhstan,KAZ,1978,403967680
Kazakhstan,KAZ,1979,400270620
Kazakhstan,KAZ,1980,405410000
Kazakhstan,KAZ,1981,395661980
Kazakhstan,KAZ,1982,394035330
Kazakhstan,KAZ,1983,393001000
Kazakhstan,KAZ,1984,393532960
Kazakhstan,KAZ,1985,403328900
Kazakhstan,KAZ,1986,405904060
Kazakhstan,KAZ,1987,398273150
Kazakhstan,KAZ,1988,410707900
Kazakhstan,KAZ,1989,399371840
Kazakhstan,KAZ,1990,401481020
Kazakhstan,KAZ,1991,391127140
Kazakhstan,KAZ,1992,359743300
Kazakhstan,KAZ,1993,314746530
Kazakhstan,KAZ,1994,271046270
Kazakhstan,KAZ,1995,217279380
Kazakhstan,KAZ,1996,199233980
Kazakhstan,KAZ,1997,184455600
Kazakhstan,KAZ,1998,180659180
Kazakhstan,KAZ,1999,120149280
Kazakhstan,KAZ,2000,146771800
Kazakhstan,KAZ,2001,132100990
Kazakhstan,KAZ,2002,172431870
Kazakhstan,KAZ,2003,194386160
Kazakhstan,KAZ,2004,214691940
Kazakhstan,KAZ,2005,233773260
Kazakhstan,KAZ,2006,261422080
Kazakhstan,KAZ,2007,276018000
Kazakhstan,KAZ,2008,307049760
Kazakhstan,KAZ,2009,313550600
Kazakhstan,KAZ,2010,383551520
Kazakhstan,KAZ,2011,343885060
Kazakhstan,KAZ,2012,350963900
Kazakhstan,KAZ,2013,353408500
Kazakhstan,KAZ,2014,377428830
Kazakhstan,KAZ,2015,369324380
Kazakhstan,KAZ,2016,365513400
Kazakhstan,KAZ,2017,393249500
Kazakhstan,KAZ,2018,398598850
Kazakhstan,KAZ,2019,368733980
Kazakhstan,KAZ,2020,346582560
Kazakhstan,KAZ,2021,342873920
Kazakhstan,KAZ,2022,342387000
Kazakhstan,KAZ,2023,339958800
Kenya,KEN,1850,4430054.5
Kenya,KEN,1851,4203853.5
Kenya,KEN,1852,4165947.5
Kenya,KEN,1853,4192965.8
Kenya,KEN,1854,4173832
Kenya,KEN,1855,4159637.5
Kenya,KEN,1856,4157597.2
Kenya,KEN,1857,4147813.2
Kenya,KEN,1858,4154199.5
Kenya,KEN,1859,4155895.2
Kenya,KEN,1860,4172574
Kenya,KEN,1861,4201415
Kenya,KEN,1862,4217678
Kenya,KEN,1863,4221362.5
Kenya,KEN,1864,4236952
Kenya,KEN,1865,4250311
Kenya,KEN,1866,4271212
Kenya,KEN,1867,4294569.5
Kenya,KEN,1868,4303501
Kenya,KEN,1869,4297831
Kenya,KEN,1870,4382294
Kenya,KEN,1871,4434034
Kenya,KEN,1872,4470762.5
Kenya,KEN,1873,4515429
Kenya,KEN,1874,4567046
Kenya,KEN,1875,4830552
Kenya,KEN,1876,4688667
Kenya,KEN,1877,4700931.5
Kenya,KEN,1878,4721823.5
Kenya,KEN,1879,4758987.5
Kenya,KEN,1880,4819680.5
Kenya,KEN,1881,4874599
Kenya,KEN,1882,4924416
Kenya,KEN,1883,4964356
Kenya,KEN,1884,4966642.5
Kenya,KEN,1885,4998433.5
Kenya,KEN,1886,5021695
Kenya,KEN,1887,5033757
Kenya,KEN,1888,5046040.5
Kenya,KEN,1889,5068609
Kenya,KEN,1890,5230361
Kenya,KEN,1891,5289064.5
Kenya,KEN,1892,5322035.5
Kenya,KEN,1893,5369033
Kenya,KEN,1894,5401428.5
Kenya,KEN,1895,5419766
Kenya,KEN,1896,5460882
Kenya,KEN,1897,5494202
Kenya,KEN,1898,5524568.5
Kenya,KEN,1899,5545080
Kenya,KEN,1900,5787875.5
Kenya,KEN,1901,5864637
Kenya,KEN,1902,5983393.5
Kenya,KEN,1903,6066971.5
Kenya,KEN,1904,6081722
Kenya,KEN,1905,6180013
Kenya,KEN,1906,6213116
Kenya,KEN,1907,6230866.5
Kenya,KEN,1908,6348840.5
Kenya,KEN,1909,6392937.5
Kenya,KEN,1910,6891441
Kenya,KEN,1911,7010026.5
Kenya,KEN,1912,7333808
Kenya,KEN,1913,7528750
Kenya,KEN,1914,7718868.5
Kenya,KEN,1915,7873287
Kenya,KEN,1916,7990428.5
Kenya,KEN,1917,8143449.5
Kenya,KEN,1918,8290322
Kenya,KEN,1919,8374040.5
Kenya,KEN,1920,8921050
Kenya,KEN,1921,9292878
Kenya,KEN,1922,9717178
Kenya,KEN,1923,10117743
Kenya,KEN,1924,10292811
Kenya,KEN,1925,10657089
Kenya,KEN,1926,11182096
Kenya,KEN,1927,11218804
Kenya,KEN,1928,11725177
Kenya,KEN,1929,11955001
Kenya,KEN,1930,13261509
Kenya,KEN,1931,13733614
Kenya,KEN,1932,14182575
Kenya,KEN,1933,14571118
Kenya,KEN,1934,15038909
Kenya,KEN,1935,15446321
Kenya,KEN,1936,15868400
Kenya,KEN,1937,16189721
Kenya,KEN,1938,16265625
Kenya,KEN,1939,16430992
Kenya,KEN,1940,21217234
Kenya,KEN,1941,24963680
Kenya,KEN,1942,26630574
Kenya,KEN,1943,28624456
Kenya,KEN,1944,30047334
Kenya,KEN,1945,31403582
Kenya,KEN,1946,33165284
Kenya,KEN,1947,35084532
Kenya,KEN,1948,36360464
Kenya,KEN,1949,37200020
Kenya,KEN,1950,35989948
Kenya,KEN,1951,37780764
Kenya,KEN,1952,38467284
Kenya,KEN,1953,39300756
Kenya,KEN,1954,39556150
Kenya,KEN,1955,41156350
Kenya,KEN,1956,41803730
Kenya,KEN,1957,42826164
Kenya,KEN,1958,44000016
Kenya,KEN,1959,44968070
Kenya,KEN,1960,58933932
Kenya,KEN,1961,49225916
Kenya,KEN,1962,43093520
Kenya,KEN,1963,38416172
Kenya,KEN,1964,37118244
Kenya,KEN,1965,35676576
Kenya,KEN,1966,35762350
Kenya,KEN,1967,35565652
Kenya,KEN,1968,35611464
Kenya,KEN,1969,35583796
Kenya,KEN,1970,36321810
Kenya,KEN,1971,37056780
Kenya,KEN,1972,37646508
Kenya,KEN,1973,40260136
Kenya,KEN,1974,54931860
Kenya,KEN,1975,50640776
Kenya,KEN,1976,48603970
Kenya,KEN,1977,49454708
Kenya,KEN,1978,49897120
Kenya,KEN,1979,51766316
Kenya,KEN,1980,52705036
Kenya,KEN,1981,58597772
Kenya,KEN,1982,61450548
Kenya,KEN,1983,69441760
Kenya,KEN,1984,104101700
Kenya,KEN,1985,94465630
Kenya,KEN,1986,96467860
Kenya,KEN,1987,108347384
Kenya,KEN,1988,123248820
Kenya,KEN,1989,109072590
Kenya,KEN,1990,104281840
Kenya,KEN,1991,96277896
Kenya,KEN,1992,86609660
Kenya,KEN,1993,82709540
Kenya,KEN,1994,71680330
Kenya,KEN,1995,60227460
Kenya,KEN,1996,59348850
Kenya,KEN,1997,55935980
Kenya,KEN,1998,65880976
Kenya,KEN,1999,63068104
Kenya,KEN,2000,63860620
Kenya,KEN,2001,62954524
Kenya,KEN,2002,63226390
Kenya,KEN,2003,67220400
Kenya,KEN,2004,70177540
Kenya,KEN,2005,73153330
Kenya,KEN,2006,74092744
Kenya,KEN,2007,93911830
Kenya,KEN,2008,98257576
Kenya,KEN,2009,100043920
Kenya,KEN,2010,106585280
Kenya,KEN,2011,103655790
Kenya,KEN,2012,98870730
Kenya,KEN,2013,96119570
Kenya,KEN,2014,94172580
Kenya,KEN,2015,94816620
Kenya,KEN,2016,97657290
Kenya,KEN,2017,93842210
Kenya,KEN,2018,95232480
Kenya,KEN,2019,103484210
Kenya,KEN,2020,112087700
Kenya,KEN,2021,105994820
Kenya,KEN,2022,106962510
Kenya,KEN,2023,112316770
Kiribati,KIR,1850,2670.9194
Kiribati,KIR,1851,2690.7556
Kiribati,KIR,1852,2710.5295
Kiribati,KIR,1853,2730.1726
Kiribati,KIR,1854,2749.617
Kiribati,KIR,1855,2768.7942
Kiribati,KIR,1856,2787.6362
Kiribati,KIR,1857,2806.0754
Kiribati,KIR,1858,2824.044
Kiribati,KIR,1859,2841.4736
Kiribati,KIR,1860,2858.2969
Kiribati,KIR,1861,2869.91
Kiribati,KIR,1862,2881.4639
Kiribati,KIR,1863,2892.988
Kiribati,KIR,1864,2904.5117
Kiribati,KIR,1865,2916.0645
Kiribati,KIR,1866,2927.6755
Kiribati,KIR,1867,2939.3743
Kiribati,KIR,1868,2951.1904
Kiribati,KIR,1869,2963.1538
Kiribati,KIR,1870,2975.2937
Kiribati,KIR,1871,2991.3284
Kiribati,KIR,1872,3013.5603
Kiribati,KIR,1873,3040.59
Kiribati,KIR,1874,3070.993
Kiribati,KIR,1875,3103.3442
Kiribati,KIR,1876,3136.2195
Kiribati,KIR,1877,3168.1943
Kiribati,KIR,1878,3197.8442
Kiribati,KIR,1879,3223.7454
Kiribati,KIR,1880,3244.473
Kiribati,KIR,1881,3257.7363
Kiribati,KIR,1882,3275.61
Kiribati,KIR,1883,3293.041
Kiribati,KIR,1884,3310.1863
Kiribati,KIR,1885,3327.2046
Kiribati,KIR,1886,3344.2537
Kiribati,KIR,1887,3361.4922
Kiribati,KIR,1888,3379.0793
Kiribati,KIR,1889,3397.1743
Kiribati,KIR,1890,3453.9036
Kiribati,KIR,1891,3448.402
Kiribati,KIR,1892,3445.1902
Kiribati,KIR,1893,3444.1611
Kiribati,KIR,1894,3445.2227
Kiribati,KIR,1895,3448.2812
Kiribati,KIR,1896,3453.771
Kiribati,KIR,1897,3461.076
Kiribati,KIR,1898,3470.1033
Kiribati,KIR,1899,3480.7607
Kiribati,KIR,1900,3492.9553
Kiribati,KIR,1901,3530.837
Kiribati,KIR,1902,3576.9702
Kiribati,KIR,1903,3627.3237
Kiribati,KIR,1904,3680.7805
Kiribati,KIR,1905,3736.2227
Kiribati,KIR,1906,3792.533
Kiribati,KIR,1907,3848.5938
Kiribati,KIR,1908,3903.2874
Kiribati,KIR,1909,3955.496
Kiribati,KIR,1910,4004.103
Kiribati,KIR,1911,4043.1206
Kiribati,KIR,1912,4081.4272
Kiribati,KIR,1913,4119.182
Kiribati,KIR,1914,4156.53
Kiribati,KIR,1915,4193.614
Kiribati,KIR,1916,4230.578
Kiribati,KIR,1917,4267.568
Kiribati,KIR,1918,4304.726
Kiribati,KIR,1919,4342.1963
Kiribati,KIR,1920,4380.123
Kiribati,KIR,1921,4418.8853
Kiribati,KIR,1922,4455.0293
Kiribati,KIR,1923,4493.695
Kiribati,KIR,1924,4532.697
Kiribati,KIR,1925,4571.6636
Kiribati,KIR,1926,4605.644
Kiribati,KIR,1927,4643.4146
Kiribati,KIR,1928,4680.034
Kiribati,KIR,1929,4710.5186
Kiribati,KIR,1930,4743.7114
Kiribati,KIR,1931,4780.056
Kiribati,KIR,1932,4809.8184
Kiribati,KIR,1933,4841.8003
Kiribati,KIR,1934,4874.571
Kiribati,KIR,1935,4908.0815
Kiribati,KIR,1936,4967.563
Kiribati,KIR,1937,5028.0283
Kiribati,KIR,1938,5089.4307
Kiribati,KIR,1939,5151.723
Kiribati,KIR,1940,5214.8584
Kiribati,KIR,1941,5338.871
Kiribati,KIR,1942,5481.475
Kiribati,KIR,1943,5639.198
Kiribati,KIR,1944,5807.974
Kiribati,KIR,1945,5962.04
Kiribati,KIR,1946,6122.549
Kiribati,KIR,1947,6264.8335
Kiribati,KIR,1948,6401.8574
Kiribati,KIR,1949,6529.521
Kiribati,KIR,1950,6647.475
Kiribati,KIR,1951,6834.133
Kiribati,KIR,1952,7033.1646
Kiribati,KIR,1953,7243.3945
Kiribati,KIR,1954,7463.7344
Kiribati,KIR,1955,7693.601
Kiribati,KIR,1956,7932.594
Kiribati,KIR,1957,8180.765
Kiribati,KIR,1958,8437.936
Kiribati,KIR,1959,8704.19
Kiribati,KIR,1960,8980.32
Kiribati,KIR,1961,15998.184
Kiribati,KIR,1962,19855.613
Kiribati,KIR,1963,27372.307
Kiribati,KIR,1964,28821.004
Kiribati,KIR,1965,21627.828
Kiribati,KIR,1966,21029.334
Kiribati,KIR,1967,32217.488
Kiribati,KIR,1968,43449.176
Kiribati,KIR,1969,21533.703
Kiribati,KIR,1970,32760.467
Kiribati,KIR,1971,40688.137
Kiribati,KIR,1972,37485.242
Kiribati,KIR,1973,48985.64
Kiribati,KIR,1974,45768.94
Kiribati,KIR,1975,46150.5
Kiribati,KIR,1976,46544.566
Kiribati,KIR,1977,36096.895
Kiribati,KIR,1978,36422.098
Kiribati,KIR,1979,40525.188
Kiribati,KIR,1980,44684.83
Kiribati,KIR,1981,45098.746
Kiribati,KIR,1982,41892.043
Kiribati,KIR,1983,38702.59
Kiribati,KIR,1984,38799.02
Kiribati,KIR,1985,39418.066
Kiribati,KIR,1986,36354.094
Kiribati,KIR,1987,40672.62
Kiribati,KIR,1988,41251.535
Kiribati,KIR,1989,41801.688
Kiribati,KIR,1990,42494.855
Kiribati,KIR,1991,42604.21
Kiribati,KIR,1992,46466.91
Kiribati,KIR,1993,50303.22
Kiribati,KIR,1994,50406.51
Kiribati,KIR,1995,50805.043
Kiribati,KIR,1996,51408.785
Kiribati,KIR,1997,51779.26
Kiribati,KIR,1998,52282.63
Kiribati,KIR,1999,52619.91
Kiribati,KIR,2000,61658.516
Kiribati,KIR,2001,62062.15
Kiribati,KIR,2002,63538.477
Kiribati,KIR,2003,67459.67
Kiribati,KIR,2004,67812.55
Kiribati,KIR,2005,75997.95
Kiribati,KIR,2006,76592.72
Kiribati,KIR,2007,77173.42
Kiribati,KIR,2008,77921
Kiribati,KIR,2009,78109.914
Kiribati,KIR,2010,89856.055
Kiribati,KIR,2011,86557.195
Kiribati,KIR,2012,83741.95
Kiribati,KIR,2013,84368.59
Kiribati,KIR,2014,92421.87
Kiribati,KIR,2015,89685.1
Kiribati,KIR,2016,90640.74
Kiribati,KIR,2017,102481.72
Kiribati,KIR,2018,102902.34
Kiribati,KIR,2019,103746.36
Kiribati,KIR,2020,104051.57
Kiribati,KIR,2021,104755.586
Kiribati,KIR,2022,107024.805
Kiribati,KIR,2023,109056.17
Kuwait,KWT,1850,60591.914
Kuwait,KWT,1851,61188.652
Kuwait,KWT,1852,61788.906
Kuwait,KWT,1853,62362.023
Kuwait,KWT,1854,62913.99
Kuwait,KWT,1855,63450.785
Kuwait,KWT,1856,63950.906
Kuwait,KWT,1857,64429.52
Kuwait,KWT,1858,64874.266
Kuwait,KWT,1859,65291.14
Kuwait,KWT,1860,65695.29
Kuwait,KWT,1861,65917.36
Kuwait,KWT,1862,66134.43
Kuwait,KWT,1863,66347.734
Kuwait,KWT,1864,66558.555
Kuwait,KWT,1865,66768.14
Kuwait,KWT,1866,66959.44
Kuwait,KWT,1867,67161.17
Kuwait,KWT,1868,67356.3
Kuwait,KWT,1869,67555.21
Kuwait,KWT,1870,67768.36
Kuwait,KWT,1871,68140.59
Kuwait,KWT,1872,68792.19
Kuwait,KWT,1873,69658.41
Kuwait,KWT,1874,70665.35
Kuwait,KWT,1875,71757.45
Kuwait,KWT,1876,72869.98
Kuwait,KWT,1877,73938.18
Kuwait,KWT,1878,74897.32
Kuwait,KWT,1879,75673.53
Kuwait,KWT,1880,76174.56
Kuwait,KWT,1881,76537.13
Kuwait,KWT,1882,76856.32
Kuwait,KWT,1883,77157.28
Kuwait,KWT,1884,77428.56
Kuwait,KWT,1885,77695.34
Kuwait,KWT,1886,77955.305
Kuwait,KWT,1887,78215.305
Kuwait,KWT,1888,78473.04
Kuwait,KWT,1889,78753.69
Kuwait,KWT,1890,79225.92
Kuwait,KWT,1891,79535.086
Kuwait,KWT,1892,79839.43
Kuwait,KWT,1893,80158.95
Kuwait,KWT,1894,80477.016
Kuwait,KWT,1895,80822.76
Kuwait,KWT,1896,81161.2
Kuwait,KWT,1897,81521.52
Kuwait,KWT,1898,81896.21
Kuwait,KWT,1899,82277.77
Kuwait,KWT,1900,82649.58
Kuwait,KWT,1901,82641.86
Kuwait,KWT,1902,82789.78
Kuwait,KWT,1903,82974.44
Kuwait,KWT,1904,83159.37
Kuwait,KWT,1905,83372.23
Kuwait,KWT,1906,83613.19
Kuwait,KWT,1907,83882.43
Kuwait,KWT,1908,84042.72
Kuwait,KWT,1909,84323.25
Kuwait,KWT,1910,84513.51
Kuwait,KWT,1911,84991.164
Kuwait,KWT,1912,85299.56
Kuwait,KWT,1913,85733.27
Kuwait,KWT,1914,86110.56
Kuwait,KWT,1915,86506.16
Kuwait,KWT,1916,86894.04
Kuwait,KWT,1917,87303.14
Kuwait,KWT,1918,87744.09
Kuwait,KWT,1919,88172.53
Kuwait,KWT,1920,88782.29
Kuwait,KWT,1921,89588.77
Kuwait,KWT,1922,90448.375
Kuwait,KWT,1923,91465.12
Kuwait,KWT,1924,92413.266
Kuwait,KWT,1925,93415.17
Kuwait,KWT,1926,94409.97
Kuwait,KWT,1927,95382.62
Kuwait,KWT,1928,96373
Kuwait,KWT,1929,97311.125
Kuwait,KWT,1930,98081.17
Kuwait,KWT,1931,98977.164
Kuwait,KWT,1932,100032.92
Kuwait,KWT,1933,101254.27
Kuwait,KWT,1934,102592.09
Kuwait,KWT,1935,103997.24
Kuwait,KWT,1936,106012.305
Kuwait,KWT,1937,108068.86
Kuwait,KWT,1938,110181.88
Kuwait,KWT,1939,112375.55
Kuwait,KWT,1940,114550.24
Kuwait,KWT,1941,118493.805
Kuwait,KWT,1942,123518.7
Kuwait,KWT,1943,129595.71
Kuwait,KWT,1944,136146.02
Kuwait,KWT,1945,146912.86
Kuwait,KWT,1946,3199179.5
Kuwait,KWT,1947,8098243.5
Kuwait,KWT,1948,2298729.2
Kuwait,KWT,1949,3643965
Kuwait,KWT,1950,3593889
Kuwait,KWT,1951,3965623.2
Kuwait,KWT,1952,4495356
Kuwait,KWT,1953,7904856
Kuwait,KWT,1954,12758782
Kuwait,KWT,1955,16810708
Kuwait,KWT,1956,9662551
Kuwait,KWT,1957,20208880
Kuwait,KWT,1958,33903384
Kuwait,KWT,1959,35110196
Kuwait,KWT,1960,39627650
Kuwait,KWT,1961,42332530
Kuwait,KWT,1962,47181016
Kuwait,KWT,1963,50476276
Kuwait,KWT,1964,59355924
Kuwait,KWT,1965,70021496
Kuwait,KWT,1966,70357336
Kuwait,KWT,1967,61271830
Kuwait,KWT,1968,59631204
Kuwait,KWT,1969,63936972
Kuwait,KWT,1970,59673870
Kuwait,KWT,1971,62008980
Kuwait,KWT,1972,65234956
Kuwait,KWT,1973,59303732
Kuwait,KWT,1974,49519384
Kuwait,KWT,1975,42216828
Kuwait,KWT,1976,44644324
Kuwait,KWT,1977,41826260
Kuwait,KWT,1978,47852564
Kuwait,KWT,1979,49791200
Kuwait,KWT,1980,47642850
Kuwait,KWT,1981,42068884
Kuwait,KWT,1982,34553260
Kuwait,KWT,1983,38004732
Kuwait,KWT,1984,46147410
Kuwait,KWT,1985,45889180
Kuwait,KWT,1986,55559284
Kuwait,KWT,1987,53208400
Kuwait,KWT,1988,55721720
Kuwait,KWT,1989,62459812
Kuwait,KWT,1990,55030920
Kuwait,KWT,1991,499457860
Kuwait,KWT,1992,47274196
Kuwait,KWT,1993,76772024
Kuwait,KWT,1994,86757624
Kuwait,KWT,1995,83866810
Kuwait,KWT,1996,80422200
Kuwait,KWT,1997,87905656
Kuwait,KWT,1998,80666060
Kuwait,KWT,1999,81411864
Kuwait,KWT,2000,84703870
Kuwait,KWT,2001,87180456
Kuwait,KWT,2002,88449200
Kuwait,KWT,2003,96809660
Kuwait,KWT,2004,100031700
Kuwait,KWT,2005,111253260
Kuwait,KWT,2006,113250170
Kuwait,KWT,2007,112018400
Kuwait,KWT,2008,118379920
Kuwait,KWT,2009,120138370
Kuwait,KWT,2010,122524936
Kuwait,KWT,2011,123018080
Kuwait,KWT,2012,140203700
Kuwait,KWT,2013,122516424
Kuwait,KWT,2014,114193570
Kuwait,KWT,2015,133264080
Kuwait,KWT,2016,149897020
Kuwait,KWT,2017,142298200
Kuwait,KWT,2018,145786050
Kuwait,KWT,2019,147871780
Kuwait,KWT,2020,134313550
Kuwait,KWT,2021,133860960
Kuwait,KWT,2022,139424020
Kuwait,KWT,2023,140344240
Kyrgyzstan,KGZ,1850,2741023.5
Kyrgyzstan,KGZ,1851,2739866.2
Kyrgyzstan,KGZ,1852,2742405.8
Kyrgyzstan,KGZ,1853,2748958
Kyrgyzstan,KGZ,1854,2757191
Kyrgyzstan,KGZ,1855,2767702.5
Kyrgyzstan,KGZ,1856,2774859
Kyrgyzstan,KGZ,1857,2784430
Kyrgyzstan,KGZ,1858,2797022.8
Kyrgyzstan,KGZ,1859,2806690.8
Kyrgyzstan,KGZ,1860,2826278.2
Kyrgyzstan,KGZ,1861,2840263
Kyrgyzstan,KGZ,1862,2850484.8
Kyrgyzstan,KGZ,1863,2862300.8
Kyrgyzstan,KGZ,1864,2874617
Kyrgyzstan,KGZ,1865,2886060.5
Kyrgyzstan,KGZ,1866,2909654
Kyrgyzstan,KGZ,1867,2923989.5
Kyrgyzstan,KGZ,1868,2932367.5
Kyrgyzstan,KGZ,1869,2949713.8
Kyrgyzstan,KGZ,1870,2966785
Kyrgyzstan,KGZ,1871,2982835.8
Kyrgyzstan,KGZ,1872,2996748.2
Kyrgyzstan,KGZ,1873,3014431
Kyrgyzstan,KGZ,1874,3044385.8
Kyrgyzstan,KGZ,1875,3074881.8
Kyrgyzstan,KGZ,1876,3111361
Kyrgyzstan,KGZ,1877,3138262.5
Kyrgyzstan,KGZ,1878,3179795.5
Kyrgyzstan,KGZ,1879,3204189.5
Kyrgyzstan,KGZ,1880,3243938.2
Kyrgyzstan,KGZ,1881,3297115
Kyrgyzstan,KGZ,1882,3317831.2
Kyrgyzstan,KGZ,1883,3349724.8
Kyrgyzstan,KGZ,1884,3369717.5
Kyrgyzstan,KGZ,1885,3397539.8
Kyrgyzstan,KGZ,1886,3419151
Kyrgyzstan,KGZ,1887,3444044
Kyrgyzstan,KGZ,1888,3467513.2
Kyrgyzstan,KGZ,1889,3496338
Kyrgyzstan,KGZ,1890,3540241.5
Kyrgyzstan,KGZ,1891,3556288.8
Kyrgyzstan,KGZ,1892,3569540.5
Kyrgyzstan,KGZ,1893,3613011.5
Kyrgyzstan,KGZ,1894,3632009.8
Kyrgyzstan,KGZ,1895,3680573.8
Kyrgyzstan,KGZ,1896,3701703.2
Kyrgyzstan,KGZ,1897,3759957
Kyrgyzstan,KGZ,1898,3814376
Kyrgyzstan,KGZ,1899,3887296.5
Kyrgyzstan,KGZ,1900,3965452.2
Kyrgyzstan,KGZ,1901,3972405.8
Kyrgyzstan,KGZ,1902,3990007.2
Kyrgyzstan,KGZ,1903,3950306.2
Kyrgyzstan,KGZ,1904,4046628
Kyrgyzstan,KGZ,1905,3994937
Kyrgyzstan,KGZ,1906,4104272
Kyrgyzstan,KGZ,1907,4155992
Kyrgyzstan,KGZ,1908,4204791
Kyrgyzstan,KGZ,1909,4296338
Kyrgyzstan,KGZ,1910,4301065.5
Kyrgyzstan,KGZ,1911,4359920
Kyrgyzstan,KGZ,1912,4517218
Kyrgyzstan,KGZ,1913,4621172.5
Kyrgyzstan,KGZ,1914,4625356
Kyrgyzstan,KGZ,1915,4642675.5
Kyrgyzstan,KGZ,1916,4675486.5
Kyrgyzstan,KGZ,1917,4725775
Kyrgyzstan,KGZ,1918,4350707
Kyrgyzstan,KGZ,1919,4361086.5
Kyrgyzstan,KGZ,1920,4347560.5
Kyrgyzstan,KGZ,1921,4443202
Kyrgyzstan,KGZ,1922,4580474
Kyrgyzstan,KGZ,1923,4606606.5
Kyrgyzstan,KGZ,1924,4707541
Kyrgyzstan,KGZ,1925,4767496
Kyrgyzstan,KGZ,1926,4936013.5
Kyrgyzstan,KGZ,1927,5083384
Kyrgyzstan,KGZ,1928,5136573
Kyrgyzstan,KGZ,1929,5206884
Kyrgyzstan,KGZ,1930,5473491.5
Kyrgyzstan,KGZ,1931,5682237.5
Kyrgyzstan,KGZ,1932,5871073.5
Kyrgyzstan,KGZ,1933,6050923
Kyrgyzstan,KGZ,1934,6313201
Kyrgyzstan,KGZ,1935,6572017.5
Kyrgyzstan,KGZ,1936,6909476.5
Kyrgyzstan,KGZ,1937,6950745
Kyrgyzstan,KGZ,1938,7152981.5
Kyrgyzstan,KGZ,1939,7214655
Kyrgyzstan,KGZ,1940,7815047
Kyrgyzstan,KGZ,1941,7545678.5
Kyrgyzstan,KGZ,1942,6386830.5
Kyrgyzstan,KGZ,1943,6524609
Kyrgyzstan,KGZ,1944,7251575
Kyrgyzstan,KGZ,1945,7439984.5
Kyrgyzstan,KGZ,1946,7841138
Kyrgyzstan,KGZ,1947,8481576
Kyrgyzstan,KGZ,1948,8758873
Kyrgyzstan,KGZ,1949,9253313
Kyrgyzstan,KGZ,1950,10550067
Kyrgyzstan,KGZ,1951,11572005
Kyrgyzstan,KGZ,1952,12545153
Kyrgyzstan,KGZ,1953,13478076
Kyrgyzstan,KGZ,1954,14590235
Kyrgyzstan,KGZ,1955,16247087
Kyrgyzstan,KGZ,1956,17646350
Kyrgyzstan,KGZ,1957,19102058
Kyrgyzstan,KGZ,1958,20626418
Kyrgyzstan,KGZ,1959,22047666
Kyrgyzstan,KGZ,1960,20610020
Kyrgyzstan,KGZ,1961,22001024
Kyrgyzstan,KGZ,1962,21228992
Kyrgyzstan,KGZ,1963,21401242
Kyrgyzstan,KGZ,1964,21385426
Kyrgyzstan,KGZ,1965,21769936
Kyrgyzstan,KGZ,1966,22335348
Kyrgyzstan,KGZ,1967,22684616
Kyrgyzstan,KGZ,1968,22896474
Kyrgyzstan,KGZ,1969,23008052
Kyrgyzstan,KGZ,1970,24661636
Kyrgyzstan,KGZ,1971,25113154
Kyrgyzstan,KGZ,1972,25474292
Kyrgyzstan,KGZ,1973,26342038
Kyrgyzstan,KGZ,1974,26715006
Kyrgyzstan,KGZ,1975,27730102
Kyrgyzstan,KGZ,1976,28317376
Kyrgyzstan,KGZ,1977,28849584
Kyrgyzstan,KGZ,1978,29499948
Kyrgyzstan,KGZ,1979,29673468
Kyrgyzstan,KGZ,1980,31150242
Kyrgyzstan,KGZ,1981,30403896
Kyrgyzstan,KGZ,1982,30695752
Kyrgyzstan,KGZ,1983,31066966
Kyrgyzstan,KGZ,1984,31167186
Kyrgyzstan,KGZ,1985,32907574
Kyrgyzstan,KGZ,1986,32976576
Kyrgyzstan,KGZ,1987,32344132
Kyrgyzstan,KGZ,1988,32312842
Kyrgyzstan,KGZ,1989,31499484
Kyrgyzstan,KGZ,1990,30159960
Kyrgyzstan,KGZ,1991,26601402
Kyrgyzstan,KGZ,1992,21937796
Kyrgyzstan,KGZ,1993,19096972
Kyrgyzstan,KGZ,1994,17394612
Kyrgyzstan,KGZ,1995,14518468
Kyrgyzstan,KGZ,1996,14651390
Kyrgyzstan,KGZ,1997,15173103
Kyrgyzstan,KGZ,1998,15899323
Kyrgyzstan,KGZ,1999,13877052
Kyrgyzstan,KGZ,2000,13707272
Kyrgyzstan,KGZ,2001,12722818
Kyrgyzstan,KGZ,2002,13831976
Kyrgyzstan,KGZ,2003,14016142
Kyrgyzstan,KGZ,2004,13749553
Kyrgyzstan,KGZ,2005,13431370
Kyrgyzstan,KGZ,2006,13044915
Kyrgyzstan,KGZ,2007,14180702
Kyrgyzstan,KGZ,2008,15138237
Kyrgyzstan,KGZ,2009,14658475
Kyrgyzstan,KGZ,2010,14786582
Kyrgyzstan,KGZ,2011,16467096
Kyrgyzstan,KGZ,2012,18664936
Kyrgyzstan,KGZ,2013,19072716
Kyrgyzstan,KGZ,2014,20114714
Kyrgyzstan,KGZ,2015,20268746
Kyrgyzstan,KGZ,2016,19856010
Kyrgyzstan,KGZ,2017,19499818
Kyrgyzstan,KGZ,2018,21530776
Kyrgyzstan,KGZ,2019,19550200
Kyrgyzstan,KGZ,2020,18795530
Kyrgyzstan,KGZ,2021,20840798
Kyrgyzstan,KGZ,2022,20751522
Kyrgyzstan,KGZ,2023,20876172
Laos,LAO,1850,4430719
Laos,LAO,1851,3958162.2
Laos,LAO,1852,3665294.8
Laos,LAO,1853,3414588
Laos,LAO,1854,4478970.5
Laos,LAO,1855,3471762.2
Laos,LAO,1856,3396948.2
Laos,LAO,1857,3110489.8
Laos,LAO,1858,3544298.5
Laos,LAO,1859,3296748
Laos,LAO,1860,3164392
Laos,LAO,1861,3383170.5
Laos,LAO,1862,3140625
Laos,LAO,1863,3190507.5
Laos,LAO,1864,3113263.2
Laos,LAO,1865,3417956.2
Laos,LAO,1866,3290898.5
Laos,LAO,1867,3278835.8
Laos,LAO,1868,3273739.5
Laos,LAO,1869,3198256.8
Laos,LAO,1870,3808364
Laos,LAO,1871,4109605.2
Laos,LAO,1872,4288627
Laos,LAO,1873,4084637
Laos,LAO,1874,3946442
Laos,LAO,1875,4008586.2
Laos,LAO,1876,4221769.5
Laos,LAO,1877,4142866.2
Laos,LAO,1878,5020250.5
Laos,LAO,1879,4528311.5
Laos,LAO,1880,4751098.5
Laos,LAO,1881,5303174
Laos,LAO,1882,5863857.5
Laos,LAO,1883,5877134
Laos,LAO,1884,6343677
Laos,LAO,1885,8043068.5
Laos,LAO,1886,7613399.5
Laos,LAO,1887,6895440.5
Laos,LAO,1888,7150200.5
Laos,LAO,1889,6907998.5
Laos,LAO,1890,7417111.5
Laos,LAO,1891,7445477
Laos,LAO,1892,6903528
Laos,LAO,1893,6655427
Laos,LAO,1894,7153019
Laos,LAO,1895,7049251.5
Laos,LAO,1896,7637935.5
Laos,LAO,1897,7438314
Laos,LAO,1898,8302116.5
Laos,LAO,1899,7895639.5
Laos,LAO,1900,7019137
Laos,LAO,1901,6304761
Laos,LAO,1902,5922639.5
Laos,LAO,1903,5903913
Laos,LAO,1904,5948549.5
Laos,LAO,1905,6138882
Laos,LAO,1906,5588993
Laos,LAO,1907,5750709
Laos,LAO,1908,5632948.5
Laos,LAO,1909,5937508
Laos,LAO,1910,6080211.5
Laos,LAO,1911,6215300
Laos,LAO,1912,6490766.5
Laos,LAO,1913,7214499
Laos,LAO,1914,7100195.5
Laos,LAO,1915,7441520
Laos,LAO,1916,7062475
Laos,LAO,1917,6913338
Laos,LAO,1918,7192076.5
Laos,LAO,1919,7283358
Laos,LAO,1920,7747061.5
Laos,LAO,1921,8804690
Laos,LAO,1922,10244818
Laos,LAO,1923,10493151
Laos,LAO,1924,10567267
Laos,LAO,1925,10752179
Laos,LAO,1926,11848000
Laos,LAO,1927,11933994
Laos,LAO,1928,11623936
Laos,LAO,1929,12080500
Laos,LAO,1930,14210825
Laos,LAO,1931,15601976
Laos,LAO,1932,16167323
Laos,LAO,1933,16365270
Laos,LAO,1934,16447910
Laos,LAO,1935,18174862
Laos,LAO,1936,18237344
Laos,LAO,1937,16760710
Laos,LAO,1938,17533290
Laos,LAO,1939,17448992
Laos,LAO,1940,15713544
Laos,LAO,1941,15632502
Laos,LAO,1942,15776385
Laos,LAO,1943,16634512
Laos,LAO,1944,15724581
Laos,LAO,1945,16543932
Laos,LAO,1946,16385868
Laos,LAO,1947,15615167
Laos,LAO,1948,15863489
Laos,LAO,1949,14739230
Laos,LAO,1950,17192976
Laos,LAO,1951,17671450
Laos,LAO,1952,17793230
Laos,LAO,1953,19522732
Laos,LAO,1954,20733506
Laos,LAO,1955,23617536
Laos,LAO,1956,25741674
Laos,LAO,1957,25444152
Laos,LAO,1958,26490772
Laos,LAO,1959,51056636
Laos,LAO,1960,33846628
Laos,LAO,1961,25480580
Laos,LAO,1962,21342944
Laos,LAO,1963,19863444
Laos,LAO,1964,20108602
Laos,LAO,1965,20612552
Laos,LAO,1966,20396062
Laos,LAO,1967,20935100
Laos,LAO,1968,18968842
Laos,LAO,1969,18911204
Laos,LAO,1970,18945532
Laos,LAO,1971,22244582
Laos,LAO,1972,23672270
Laos,LAO,1973,24994516
Laos,LAO,1974,24802112
Laos,LAO,1975,24035254
Laos,LAO,1976,22408060
Laos,LAO,1977,23328366
Laos,LAO,1978,22885506
Laos,LAO,1979,21399038
Laos,LAO,1980,21753806
Laos,LAO,1981,22576636
Laos,LAO,1982,21806140
Laos,LAO,1983,22251864
Laos,LAO,1984,22713046
Laos,LAO,1985,22491690
Laos,LAO,1986,22981862
Laos,LAO,1987,23472092
Laos,LAO,1988,22892562
Laos,LAO,1989,23454732
Laos,LAO,1990,25299662
Laos,LAO,1991,24573724
Laos,LAO,1992,24679114
Laos,LAO,1993,26433580
Laos,LAO,1994,27611594
Laos,LAO,1995,27357634
Laos,LAO,1996,32578876
Laos,LAO,1997,30139210
Laos,LAO,1998,30407244
Laos,LAO,1999,33962984
Laos,LAO,2000,42071944
Laos,LAO,2001,42308664
Laos,LAO,2002,44104570
Laos,LAO,2003,46536704
Laos,LAO,2004,51092044
Laos,LAO,2005,53303924
Laos,LAO,2006,50397304
Laos,LAO,2007,56736964
Laos,LAO,2008,59539684
Laos,LAO,2009,67243896
Laos,LAO,2010,68076310
Laos,LAO,2011,63387776
Laos,LAO,2012,59660550
Laos,LAO,2013,55615210
Laos,LAO,2014,58403970
Laos,LAO,2015,56873296
Laos,LAO,2016,59713800
Laos,LAO,2017,58868184
Laos,LAO,2018,55312420
Laos,LAO,2019,49530748
Laos,LAO,2020,49516336
Laos,LAO,2021,49984316
Laos,LAO,2022,47968640
Laos,LAO,2023,53208250
Latvia,LVA,1850,9375545
Latvia,LVA,1851,9323111
Latvia,LVA,1852,9275017
Latvia,LVA,1853,9337999
Latvia,LVA,1854,9427707
Latvia,LVA,1855,9412660
Latvia,LVA,1856,9458445
Latvia,LVA,1857,9508031
Latvia,LVA,1858,9623099
Latvia,LVA,1859,9633055
Latvia,LVA,1860,9069548
Latvia,LVA,1861,9065632
Latvia,LVA,1862,9130246
Latvia,LVA,1863,9106812
Latvia,LVA,1864,9180198
Latvia,LVA,1865,9102088
Latvia,LVA,1866,9182721
Latvia,LVA,1867,9211134
Latvia,LVA,1868,9118891
Latvia,LVA,1869,9167301
Latvia,LVA,1870,9258900
Latvia,LVA,1871,9261704
Latvia,LVA,1872,9121735
Latvia,LVA,1873,9085849
Latvia,LVA,1874,9237553
Latvia,LVA,1875,9371279
Latvia,LVA,1876,9375049
Latvia,LVA,1877,9292296
Latvia,LVA,1878,9416671
Latvia,LVA,1879,9480854
Latvia,LVA,1880,9593720
Latvia,LVA,1881,9576664
Latvia,LVA,1882,9673212
Latvia,LVA,1883,9612771
Latvia,LVA,1884,9730939
Latvia,LVA,1885,9792474
Latvia,LVA,1886,9663929
Latvia,LVA,1887,9874530
Latvia,LVA,1888,9769537
Latvia,LVA,1889,9813199
Latvia,LVA,1890,10170388
Latvia,LVA,1891,10050951
Latvia,LVA,1892,9673649
Latvia,LVA,1893,9803895
Latvia,LVA,1894,10189578
Latvia,LVA,1895,10100308
Latvia,LVA,1896,10088312
Latvia,LVA,1897,10079840
Latvia,LVA,1898,10130201
Latvia,LVA,1899,10279610
Latvia,LVA,1900,10324540
Latvia,LVA,1901,10542925
Latvia,LVA,1902,10526144
Latvia,LVA,1903,10387919
Latvia,LVA,1904,10511084
Latvia,LVA,1905,10589796
Latvia,LVA,1906,10705747
Latvia,LVA,1907,10688642
Latvia,LVA,1908,10747499
Latvia,LVA,1909,10721334
Latvia,LVA,1910,10135176
Latvia,LVA,1911,10291773
Latvia,LVA,1912,9747797
Latvia,LVA,1913,10000919
Latvia,LVA,1914,9959446
Latvia,LVA,1915,9867037
Latvia,LVA,1916,9564987
Latvia,LVA,1917,9739184
Latvia,LVA,1918,9557948
Latvia,LVA,1919,8947021
Latvia,LVA,1920,8603298
Latvia,LVA,1921,8992502
Latvia,LVA,1922,8937622
Latvia,LVA,1923,9340232
Latvia,LVA,1924,9113119
Latvia,LVA,1925,9008738
Latvia,LVA,1926,9158266
Latvia,LVA,1927,9176311
Latvia,LVA,1928,9462087
Latvia,LVA,1929,9211941
Latvia,LVA,1930,9466750
Latvia,LVA,1931,9532798
Latvia,LVA,1932,9635975
Latvia,LVA,1933,9757019
Latvia,LVA,1934,9973573
Latvia,LVA,1935,10087822
Latvia,LVA,1936,10368305
Latvia,LVA,1937,10285988
Latvia,LVA,1938,10439108
Latvia,LVA,1939,10307683
Latvia,LVA,1940,10548514
Latvia,LVA,1941,9690802
Latvia,LVA,1942,8429224
Latvia,LVA,1943,8256584.5
Latvia,LVA,1944,8835715
Latvia,LVA,1945,8798376
Latvia,LVA,1946,8884187
Latvia,LVA,1947,9310766
Latvia,LVA,1948,9345111
Latvia,LVA,1949,9768988
Latvia,LVA,1950,10263304
Latvia,LVA,1951,10993219
Latvia,LVA,1952,11828475
Latvia,LVA,1953,12578466
Latvia,LVA,1954,13612355
Latvia,LVA,1955,15044418
Latvia,LVA,1956,16293687
Latvia,LVA,1957,17458218
Latvia,LVA,1958,18577586
Latvia,LVA,1959,19505338
Latvia,LVA,1960,19332292
Latvia,LVA,1961,21453554
Latvia,LVA,1962,20335562
Latvia,LVA,1963,21049862
Latvia,LVA,1964,21413192
Latvia,LVA,1965,21962084
Latvia,LVA,1966,22553136
Latvia,LVA,1967,23163804
Latvia,LVA,1968,23523170
Latvia,LVA,1969,23709300
Latvia,LVA,1970,24915900
Latvia,LVA,1971,25355874
Latvia,LVA,1972,26016492
Latvia,LVA,1973,27213754
Latvia,LVA,1974,27862524
Latvia,LVA,1975,28471816
Latvia,LVA,1976,29118220
Latvia,LVA,1977,30071072
Latvia,LVA,1978,30556770
Latvia,LVA,1979,30808310
Latvia,LVA,1980,32492378
Latvia,LVA,1981,31627598
Latvia,LVA,1982,32112598
Latvia,LVA,1983,32506190
Latvia,LVA,1984,32743428
Latvia,LVA,1985,34814692
Latvia,LVA,1986,32471564
Latvia,LVA,1987,28257148
Latvia,LVA,1988,27267606
Latvia,LVA,1989,26366746
Latvia,LVA,1990,27337480
Latvia,LVA,1991,25822016
Latvia,LVA,1992,22716568
Latvia,LVA,1993,22225522
Latvia,LVA,1994,10575114
Latvia,LVA,1995,10262985
Latvia,LVA,1996,9140277
Latvia,LVA,1997,8153508.5
Latvia,LVA,1998,6648340
Latvia,LVA,1999,6760095
Latvia,LVA,2000,4953418
Latvia,LVA,2001,6138203
Latvia,LVA,2002,6347923.5
Latvia,LVA,2003,9553725
Latvia,LVA,2004,14132582
Latvia,LVA,2005,16402261
Latvia,LVA,2006,13919369
Latvia,LVA,2007,13690187
Latvia,LVA,2008,13086200
Latvia,LVA,2009,11949667
Latvia,LVA,2010,13286207
Latvia,LVA,2011,13414463
Latvia,LVA,2012,14025070
Latvia,LVA,2013,13203080
Latvia,LVA,2014,13775338
Latvia,LVA,2015,15552152
Latvia,LVA,2016,14281468
Latvia,LVA,2017,14560276
Latvia,LVA,2018,15808571
Latvia,LVA,2019,15208214
Latvia,LVA,2020,14494318
Latvia,LVA,2021,14837026
Latvia,LVA,2022,14356233
Latvia,LVA,2023,14305500
Least developed countries (Jones et al.),,1850,338244770
Least developed countries (Jones et al.),,1851,350504930
Least developed countries (Jones et al.),,1852,368025660
Least developed countries (Jones et al.),,1853,358911520
Least developed countries (Jones et al.),,1854,372707260
Least developed countries (Jones et al.),,1855,377100800
Least developed countries (Jones et al.),,1856,381014660
Least developed countries (Jones et al.),,1857,374293020
Least developed countries (Jones et al.),,1858,379665950
Least developed countries (Jones et al.),,1859,398121380
Least developed countries (Jones et al.),,1860,334395620
Least developed countries (Jones et al.),,1861,316792640
Least developed countries (Jones et al.),,1862,310963620
Least developed countries (Jones et al.),,1863,310002200
Least developed countries (Jones et al.),,1864,304481600
Least developed countries (Jones et al.),,1865,303144830
Least developed countries (Jones et al.),,1866,297964800
Least developed countries (Jones et al.),,1867,295980800
Least developed countries (Jones et al.),,1868,293781340
Least developed countries (Jones et al.),,1869,293145120
Least developed countries (Jones et al.),,1870,303653630
Least developed countries (Jones et al.),,1871,304559140
Least developed countries (Jones et al.),,1872,295971840
Least developed countries (Jones et al.),,1873,303840200
Least developed countries (Jones et al.),,1874,306336320
Least developed countries (Jones et al.),,1875,310886200
Least developed countries (Jones et al.),,1876,302056100
Least developed countries (Jones et al.),,1877,303451420
Least developed countries (Jones et al.),,1878,313222460
Least developed countries (Jones et al.),,1879,318612380
Least developed countries (Jones et al.),,1880,322056700
Least developed countries (Jones et al.),,1881,356278750
Least developed countries (Jones et al.),,1882,378814100
Least developed countries (Jones et al.),,1883,371799550
Least developed countries (Jones et al.),,1884,376978940
Least developed countries (Jones et al.),,1885,386650500
Least developed countries (Jones et al.),,1886,389617340
Least developed countries (Jones et al.),,1887,393296350
Least developed countries (Jones et al.),,1888,392725220
Least developed countries (Jones et al.),,1889,400667680
Least developed countries (Jones et al.),,1890,410904860
Least developed countries (Jones et al.),,1891,422224800
Least developed countries (Jones et al.),,1892,422224540
Least developed countries (Jones et al.),,1893,424270050
Least developed countries (Jones et al.),,1894,429158660
Least developed countries (Jones et al.),,1895,427787360
Least developed countries (Jones et al.),,1896,427277300
Least developed countries (Jones et al.),,1897,443758660
Least developed countries (Jones et al.),,1898,438248900
Least developed countries (Jones et al.),,1899,449876700
Least developed countries (Jones et al.),,1900,461801860
Least developed countries (Jones et al.),,1901,473643700
Least developed countries (Jones et al.),,1902,489618750
Least developed countries (Jones et al.),,1903,482435070
Least developed countries (Jones et al.),,1904,489023550
Least developed countries (Jones et al.),,1905,500285250
Least developed countries (Jones et al.),,1906,503672130
Least developed countries (Jones et al.),,1907,503184930
Least developed countries (Jones et al.),,1908,515366200
Least developed countries (Jones et al.),,1909,516882720
Least developed countries (Jones et al.),,1910,536806900
Least developed countries (Jones et al.),,1911,556568000
Least developed countries (Jones et al.),,1912,549452800
Least developed countries (Jones et al.),,1913,559945000
Least developed countries (Jones et al.),,1914,577398400
Least developed countries (Jones et al.),,1915,588612860
Least developed countries (Jones et al.),,1916,582066750
Least developed countries (Jones et al.),,1917,593857540
Least developed countries (Jones et al.),,1918,598135800
Least developed countries (Jones et al.),,1919,606199550
Least developed countries (Jones et al.),,1920,589760900
Least developed countries (Jones et al.),,1921,597708860
Least developed countries (Jones et al.),,1922,599402500
Least developed countries (Jones et al.),,1923,605321800
Least developed countries (Jones et al.),,1924,608416960
Least developed countries (Jones et al.),,1925,627256800
Least developed countries (Jones et al.),,1926,617482700
Least developed countries (Jones et al.),,1927,624883200
Least developed countries (Jones et al.),,1928,627885600
Least developed countries (Jones et al.),,1929,640294700
Least developed countries (Jones et al.),,1930,682563650
Least developed countries (Jones et al.),,1931,716091460
Least developed countries (Jones et al.),,1932,733852400
Least developed countries (Jones et al.),,1933,752453400
Least developed countries (Jones et al.),,1934,743910600
Least developed countries (Jones et al.),,1935,758277100
Least developed countries (Jones et al.),,1936,772018700
Least developed countries (Jones et al.),,1937,777639600
Least developed countries (Jones et al.),,1938,791004860
Least developed countries (Jones et al.),,1939,807928640
Least developed countries (Jones et al.),,1940,929444300
Least developed countries (Jones et al.),,1941,1025386400
Least developed countries (Jones et al.),,1942,1089156900
Least developed countries (Jones et al.),,1943,1136752400
Least developed countries (Jones et al.),,1944,1156991200
Least developed countries (Jones et al.),,1945,1204415000
Least developed countries (Jones et al.),,1946,1232591900
Least developed countries (Jones et al.),,1947,1267842200
Least developed countries (Jones et al.),,1948,1294740200
Least developed countries (Jones et al.),,1949,1321677400
Least developed countries (Jones et al.),,1950,1411414900
Least developed countries (Jones et al.),,1951,1418294800
Least developed countries (Jones et al.),,1952,1430734100
Least developed countries (Jones et al.),,1953,1446456800
Least developed countries (Jones et al.),,1954,1484180700
Least developed countries (Jones et al.),,1955,1515827100
Least developed countries (Jones et al.),,1956,1555162000
Least developed countries (Jones et al.),,1957,1592221000
Least developed countries (Jones et al.),,1958,1627986000
Least developed countries (Jones et al.),,1959,1730833800
Least developed countries (Jones et al.),,1960,1737400300
Least developed countries (Jones et al.),,1961,1519136800
Least developed countries (Jones et al.),,1962,1437542100
Least developed countries (Jones et al.),,1963,1378350700
Least developed countries (Jones et al.),,1964,1337841500
Least developed countries (Jones et al.),,1965,1307132900
Least developed countries (Jones et al.),,1966,1261943400
Least developed countries (Jones et al.),,1967,1279116000
Least developed countries (Jones et al.),,1968,1287969700
Least developed countries (Jones et al.),,1969,1745875500
Least developed countries (Jones et al.),,1970,1582738400
Least developed countries (Jones et al.),,1971,1406250500
Least developed countries (Jones et al.),,1972,1309317400
Least developed countries (Jones et al.),,1973,1281080700
Least developed countries (Jones et al.),,1974,1246308200
Least developed countries (Jones et al.),,1975,1270086800
Least developed countries (Jones et al.),,1976,1241153800
Least developed countries (Jones et al.),,1977,1338273900
Least developed countries (Jones et al.),,1978,1289688400
Least developed countries (Jones et al.),,1979,1298653600
Least developed countries (Jones et al.),,1980,1344744300
Least developed countries (Jones et al.),,1981,1304675500
Least developed countries (Jones et al.),,1982,1328858500
Least developed countries (Jones et al.),,1983,1312277900
Least developed countries (Jones et al.),,1984,1368524800
Least developed countries (Jones et al.),,1985,1381419800
Least developed countries (Jones et al.),,1986,1398231300
Least developed countries (Jones et al.),,1987,1459167000
Least developed countries (Jones et al.),,1988,1427940200
Least developed countries (Jones et al.),,1989,1466291500
Least developed countries (Jones et al.),,1990,1555044900
Least developed countries (Jones et al.),,1991,1568177000
Least developed countries (Jones et al.),,1992,1684283400
Least developed countries (Jones et al.),,1993,1683647600
Least developed countries (Jones et al.),,1994,1804067600
Least developed countries (Jones et al.),,1995,1856965200
Least developed countries (Jones et al.),,1996,1900214100
Least developed countries (Jones et al.),,1997,1937604000
Least developed countries (Jones et al.),,1998,2040431200
Least developed countries (Jones et al.),,1999,2063842600
Least developed countries (Jones et al.),,2000,2113301600
Least developed countries (Jones et al.),,2001,2088579800
Least developed countries (Jones et al.),,2002,2279918000
Least developed countries (Jones et al.),,2003,2388600600
Least developed countries (Jones et al.),,2004,2430572300
Least developed countries (Jones et al.),,2005,2467357200
Least developed countries (Jones et al.),,2006,2515899400
Least developed countries (Jones et al.),,2007,2581012200
Least developed countries (Jones et al.),,2008,2831055400
Least developed countries (Jones et al.),,2009,3035531500
Least developed countries (Jones et al.),,2010,3238457300
Least developed countries (Jones et al.),,2011,3340749600
Least developed countries (Jones et al.),,2012,3314795300
Least developed countries (Jones et al.),,2013,3335324200
Least developed countries (Jones et al.),,2014,3263042000
Least developed countries (Jones et al.),,2015,3160950800
Least developed countries (Jones et al.),,2016,3182980000
Least developed countries (Jones et al.),,2017,3197726000
Least developed countries (Jones et al.),,2018,3051341300
Least developed countries (Jones et al.),,2019,3007563300
Least developed countries (Jones et al.),,2020,2957894000
Least developed countries (Jones et al.),,2021,3000734500
Least developed countries (Jones et al.),,2022,3051080200
Least developed countries (Jones et al.),,2023,3087871000
Lebanon,LBN,1850,200814.77
Lebanon,LBN,1851,202821.98
Lebanon,LBN,1852,204838.44
Lebanon,LBN,1853,206886.14
Lebanon,LBN,1854,208858.92
Lebanon,LBN,1855,210742.12
Lebanon,LBN,1856,212548.64
Lebanon,LBN,1857,214263.84
Lebanon,LBN,1858,215918.92
Lebanon,LBN,1859,217471.78
Lebanon,LBN,1860,217506.33
Lebanon,LBN,1861,218020
Lebanon,LBN,1862,218708.14
Lebanon,LBN,1863,219527.14
Lebanon,LBN,1864,220415.02
Lebanon,LBN,1865,221236.55
Lebanon,LBN,1866,222094.66
Lebanon,LBN,1867,223009.78
Lebanon,LBN,1868,223929.19
Lebanon,LBN,1869,224900.8
Lebanon,LBN,1870,252793.06
Lebanon,LBN,1871,275133.97
Lebanon,LBN,1872,293025.75
Lebanon,LBN,1873,307584.66
Lebanon,LBN,1874,320494.9
Lebanon,LBN,1875,332323.16
Lebanon,LBN,1876,343214.75
Lebanon,LBN,1877,353250.8
Lebanon,LBN,1878,362457.66
Lebanon,LBN,1879,370843.2
Lebanon,LBN,1880,341885.2
Lebanon,LBN,1881,321732.7
Lebanon,LBN,1882,307319.84
Lebanon,LBN,1883,297147.06
Lebanon,LBN,1884,289055.16
Lebanon,LBN,1885,281562.84
Lebanon,LBN,1886,275130.75
Lebanon,LBN,1887,269541.6
Lebanon,LBN,1888,264614.8
Lebanon,LBN,1889,260261.42
Lebanon,LBN,1890,265560.88
Lebanon,LBN,1891,269916.16
Lebanon,LBN,1892,273200.38
Lebanon,LBN,1893,275650.6
Lebanon,LBN,1894,277732.88
Lebanon,LBN,1895,280353.03
Lebanon,LBN,1896,282786.28
Lebanon,LBN,1897,285114
Lebanon,LBN,1898,287344.3
Lebanon,LBN,1899,289457.78
Lebanon,LBN,1900,281221.62
Lebanon,LBN,1901,273139.78
Lebanon,LBN,1902,265561.03
Lebanon,LBN,1903,260886.2
Lebanon,LBN,1904,254600.45
Lebanon,LBN,1905,249993.16
Lebanon,LBN,1906,245480.62
Lebanon,LBN,1907,241805.75
Lebanon,LBN,1908,237934.47
Lebanon,LBN,1909,233821.94
Lebanon,LBN,1910,228873.73
Lebanon,LBN,1911,228163.39
Lebanon,LBN,1912,227412.33
Lebanon,LBN,1913,227575.89
Lebanon,LBN,1914,227759.11
Lebanon,LBN,1915,228541.8
Lebanon,LBN,1916,228653.42
Lebanon,LBN,1917,230212.7
Lebanon,LBN,1918,230978.12
Lebanon,LBN,1919,232564.58
Lebanon,LBN,1920,281983.94
Lebanon,LBN,1921,322549.47
Lebanon,LBN,1922,355434.38
Lebanon,LBN,1923,383214.53
Lebanon,LBN,1924,407311.72
Lebanon,LBN,1925,432097.2
Lebanon,LBN,1926,451857.06
Lebanon,LBN,1927,472547.28
Lebanon,LBN,1928,491238.6
Lebanon,LBN,1929,508784.84
Lebanon,LBN,1930,542482.06
Lebanon,LBN,1931,566988.9
Lebanon,LBN,1932,597010.6
Lebanon,LBN,1933,619242.4
Lebanon,LBN,1934,615705.5
Lebanon,LBN,1935,677555.5
Lebanon,LBN,1936,705025.25
Lebanon,LBN,1937,728969.44
Lebanon,LBN,1938,734908.7
Lebanon,LBN,1939,752467.94
Lebanon,LBN,1940,714786.56
Lebanon,LBN,1941,734129.8
Lebanon,LBN,1942,1079098.9
Lebanon,LBN,1943,790448.5
Lebanon,LBN,1944,834913.3
Lebanon,LBN,1945,885317.94
Lebanon,LBN,1946,923025.75
Lebanon,LBN,1947,967435.1
Lebanon,LBN,1948,1011447.7
Lebanon,LBN,1949,1055976.8
Lebanon,LBN,1950,2512863.5
Lebanon,LBN,1951,2517806.2
Lebanon,LBN,1952,2272964.5
Lebanon,LBN,1953,2343068.2
Lebanon,LBN,1954,2483482.5
Lebanon,LBN,1955,2856738.5
Lebanon,LBN,1956,3135903.8
Lebanon,LBN,1957,3313145.2
Lebanon,LBN,1958,3293701.8
Lebanon,LBN,1959,3687365.5
Lebanon,LBN,1960,3994733.5
Lebanon,LBN,1961,4143055.2
Lebanon,LBN,1962,4308448
Lebanon,LBN,1963,4714361.5
Lebanon,LBN,1964,5160256
Lebanon,LBN,1965,5058588.5
Lebanon,LBN,1966,5599467
Lebanon,LBN,1967,5567692.5
Lebanon,LBN,1968,5686322
Lebanon,LBN,1969,6414721
Lebanon,LBN,1970,5976171.5
Lebanon,LBN,1971,7472775.5
Lebanon,LBN,1972,8028012.5
Lebanon,LBN,1973,9343219
Lebanon,LBN,1974,9058788
Lebanon,LBN,1975,8119743
Lebanon,LBN,1976,7716489
Lebanon,LBN,1977,7053099
Lebanon,LBN,1978,7288532.5
Lebanon,LBN,1979,7515704.5
Lebanon,LBN,1980,7669874
Lebanon,LBN,1981,7690806
Lebanon,LBN,1982,7584434.5
Lebanon,LBN,1983,8814252
Lebanon,LBN,1984,8653351
Lebanon,LBN,1985,9775839
Lebanon,LBN,1986,9496761
Lebanon,LBN,1987,9695215
Lebanon,LBN,1988,9309334
Lebanon,LBN,1989,9897713
Lebanon,LBN,1990,10076742
Lebanon,LBN,1991,10303587
Lebanon,LBN,1992,12091730
Lebanon,LBN,1993,13057403
Lebanon,LBN,1994,13723909
Lebanon,LBN,1995,15400011
Lebanon,LBN,1996,15936140
Lebanon,LBN,1997,18261250
Lebanon,LBN,1998,18857644
Lebanon,LBN,1999,19465482
Lebanon,LBN,2000,18181398
Lebanon,LBN,2001,19473006
Lebanon,LBN,2002,19517704
Lebanon,LBN,2003,21790134
Lebanon,LBN,2004,20866192
Lebanon,LBN,2005,20222304
Lebanon,LBN,2006,18469172
Lebanon,LBN,2007,17401038
Lebanon,LBN,2008,21381556
Lebanon,LBN,2009,24492152
Lebanon,LBN,2010,24375894
Lebanon,LBN,2011,24519800
Lebanon,LBN,2012,26600552
Lebanon,LBN,2013,27229320
Lebanon,LBN,2014,29488534
Lebanon,LBN,2015,31203760
Lebanon,LBN,2016,32217244
Lebanon,LBN,2017,34423916
Lebanon,LBN,2018,31362320
Lebanon,LBN,2019,30900206
Lebanon,LBN,2020,28970894
Lebanon,LBN,2021,25347228
Lebanon,LBN,2022,24851772
Lebanon,LBN,2023,25046318
Lesotho,LSO,1850,188566.52
Lesotho,LSO,1851,193522.75
Lesotho,LSO,1852,196719.2
Lesotho,LSO,1853,201069.4
Lesotho,LSO,1854,204540.5
Lesotho,LSO,1855,207682.73
Lesotho,LSO,1856,210579.17
Lesotho,LSO,1857,212149.62
Lesotho,LSO,1858,214153.44
Lesotho,LSO,1859,216160.77
Lesotho,LSO,1860,223338.48
Lesotho,LSO,1861,229404.55
Lesotho,LSO,1862,234600.52
Lesotho,LSO,1863,238526.8
Lesotho,LSO,1864,242295.17
Lesotho,LSO,1865,245991.56
Lesotho,LSO,1866,249555.27
Lesotho,LSO,1867,250992.88
Lesotho,LSO,1868,253632.94
Lesotho,LSO,1869,259466.6
Lesotho,LSO,1870,274552.06
Lesotho,LSO,1871,287842.94
Lesotho,LSO,1872,300316.2
Lesotho,LSO,1873,310789.84
Lesotho,LSO,1874,319629.97
Lesotho,LSO,1875,329776.53
Lesotho,LSO,1876,339580.38
Lesotho,LSO,1877,348912.9
Lesotho,LSO,1878,357563.12
Lesotho,LSO,1879,365539.8
Lesotho,LSO,1880,378347.8
Lesotho,LSO,1881,387459.22
Lesotho,LSO,1882,394743.75
Lesotho,LSO,1883,400229.1
Lesotho,LSO,1884,407497
Lesotho,LSO,1885,412242.53
Lesotho,LSO,1886,416517.75
Lesotho,LSO,1887,420524.4
Lesotho,LSO,1888,424363.47
Lesotho,LSO,1889,427851.97
Lesotho,LSO,1890,452581.56
Lesotho,LSO,1891,470101.22
Lesotho,LSO,1892,484898.3
Lesotho,LSO,1893,496229.4
Lesotho,LSO,1894,507839.44
Lesotho,LSO,1895,520432.2
Lesotho,LSO,1896,533569
Lesotho,LSO,1897,547671.56
Lesotho,LSO,1898,562784
Lesotho,LSO,1899,578923.1
Lesotho,LSO,1900,620892.6
Lesotho,LSO,1901,663164.1
Lesotho,LSO,1902,694308.3
Lesotho,LSO,1903,704046.2
Lesotho,LSO,1904,742994.44
Lesotho,LSO,1905,789153.4
Lesotho,LSO,1906,818477.5
Lesotho,LSO,1907,865939.1
Lesotho,LSO,1908,864138.6
Lesotho,LSO,1909,931605.8
Lesotho,LSO,1910,962267.56
Lesotho,LSO,1911,1027175.7
Lesotho,LSO,1912,1062371.8
Lesotho,LSO,1913,1114004.4
Lesotho,LSO,1914,1174858.6
Lesotho,LSO,1915,1208535.6
Lesotho,LSO,1916,1226662.5
Lesotho,LSO,1917,1297612.8
Lesotho,LSO,1918,1327233.9
Lesotho,LSO,1919,1324570.1
Lesotho,LSO,1920,1477807.6
Lesotho,LSO,1921,1591417.2
Lesotho,LSO,1922,1662157.9
Lesotho,LSO,1923,1733684
Lesotho,LSO,1924,1816376.9
Lesotho,LSO,1925,1879755
Lesotho,LSO,1926,1905501.2
Lesotho,LSO,1927,1965515.6
Lesotho,LSO,1928,2007231.9
Lesotho,LSO,1929,2094058.5
Lesotho,LSO,1930,2338657.2
Lesotho,LSO,1931,2601348.2
Lesotho,LSO,1932,2742254.5
Lesotho,LSO,1933,2859868
Lesotho,LSO,1934,3048375
Lesotho,LSO,1935,3038987.2
Lesotho,LSO,1936,3147131.2
Lesotho,LSO,1937,3188981
Lesotho,LSO,1938,3301024
Lesotho,LSO,1939,3373601.2
Lesotho,LSO,1940,3010116.8
Lesotho,LSO,1941,2759737
Lesotho,LSO,1942,2771494.8
Lesotho,LSO,1943,2778098.5
Lesotho,LSO,1944,2668966.5
Lesotho,LSO,1945,2659063
Lesotho,LSO,1946,2744575
Lesotho,LSO,1947,2796546.8
Lesotho,LSO,1948,2769918.5
Lesotho,LSO,1949,2794947
Lesotho,LSO,1950,2966026.2
Lesotho,LSO,1951,2982756.2
Lesotho,LSO,1952,3091803.2
Lesotho,LSO,1953,3107915.8
Lesotho,LSO,1954,3085672
Lesotho,LSO,1955,3197512.8
Lesotho,LSO,1956,3220791.8
Lesotho,LSO,1957,3138999.2
Lesotho,LSO,1958,2981592
Lesotho,LSO,1959,3064654.5
Lesotho,LSO,1960,2769961.8
Lesotho,LSO,1961,2642249
Lesotho,LSO,1962,2610703
Lesotho,LSO,1963,2620019.2
Lesotho,LSO,1964,2445436.2
Lesotho,LSO,1965,2621351.2
Lesotho,LSO,1966,2410716.2
Lesotho,LSO,1967,2727084.5
Lesotho,LSO,1968,2476304.8
Lesotho,LSO,1969,2647091.2
Lesotho,LSO,1970,2677626.2
Lesotho,LSO,1971,2528152.5
Lesotho,LSO,1972,2481105.5
Lesotho,LSO,1973,2376079
Lesotho,LSO,1974,2902119.8
Lesotho,LSO,1975,2590544
Lesotho,LSO,1976,2043363.8
Lesotho,LSO,1977,1762620.2
Lesotho,LSO,1978,2194194.2
Lesotho,LSO,1979,2113283.8
Lesotho,LSO,1980,2340561.8
Lesotho,LSO,1981,2376915
Lesotho,LSO,1982,2343238
Lesotho,LSO,1983,2698917.5
Lesotho,LSO,1984,2699791.2
Lesotho,LSO,1985,2696558.2
Lesotho,LSO,1986,3687565.5
Lesotho,LSO,1987,3814646.2
Lesotho,LSO,1988,3319123.2
Lesotho,LSO,1989,3414359
Lesotho,LSO,1990,4401122
Lesotho,LSO,1991,4730738.5
Lesotho,LSO,1992,4561732.5
Lesotho,LSO,1993,4442308.5
Lesotho,LSO,1994,4326276.5
Lesotho,LSO,1995,4429685
Lesotho,LSO,1996,4570884.5
Lesotho,LSO,1997,4613077.5
Lesotho,LSO,1998,4510096
Lesotho,LSO,1999,5321549.5
Lesotho,LSO,2000,5385155
Lesotho,LSO,2001,5272623
Lesotho,LSO,2002,5281421.5
Lesotho,LSO,2003,5900999.5
Lesotho,LSO,2004,6664617.5
Lesotho,LSO,2005,5751582.5
Lesotho,LSO,2006,6124179
Lesotho,LSO,2007,6036878.5
Lesotho,LSO,2008,4971047.5
Lesotho,LSO,2009,4458599
Lesotho,LSO,2010,4284277
Lesotho,LSO,2011,4650997.5
Lesotho,LSO,2012,4431455.5
Lesotho,LSO,2013,4061346.2
Lesotho,LSO,2014,3576422.2
Lesotho,LSO,2015,5979711.5
Lesotho,LSO,2016,6992342.5
Lesotho,LSO,2017,6725334.5
Lesotho,LSO,2018,5625567
Lesotho,LSO,2019,5135379.5
Lesotho,LSO,2020,4379351
Lesotho,LSO,2021,6016820
Lesotho,LSO,2022,6302514.5
Lesotho,LSO,2023,6183699.5
Liberia,LBR,1850,14655536
Liberia,LBR,1851,17261678
Liberia,LBR,1852,19350470
Liberia,LBR,1853,19341574
Liberia,LBR,1854,21286486
Liberia,LBR,1855,23600056
Liberia,LBR,1856,22043056
Liberia,LBR,1857,22600050
Liberia,LBR,1858,22797588
Liberia,LBR,1859,24968454
Liberia,LBR,1860,12217224
Liberia,LBR,1861,8014494.5
Liberia,LBR,1862,5878021.5
Liberia,LBR,1863,5521898
Liberia,LBR,1864,4610714.5
Liberia,LBR,1865,4170540.8
Liberia,LBR,1866,3509904.5
Liberia,LBR,1867,2965461
Liberia,LBR,1868,2649524.5
Liberia,LBR,1869,2490775.2
Liberia,LBR,1870,2152705
Liberia,LBR,1871,2342835.8
Liberia,LBR,1872,2053722
Liberia,LBR,1873,2019110
Liberia,LBR,1874,1769304.6
Liberia,LBR,1875,1730386
Liberia,LBR,1876,1628268.6
Liberia,LBR,1877,1634260.5
Liberia,LBR,1878,1516810
Liberia,LBR,1879,1654927.8
Liberia,LBR,1880,1485393
Liberia,LBR,1881,1420922.4
Liberia,LBR,1882,1419580
Liberia,LBR,1883,1333676.8
Liberia,LBR,1884,1340556.8
Liberia,LBR,1885,1322464.4
Liberia,LBR,1886,1384863.9
Liberia,LBR,1887,1435365.1
Liberia,LBR,1888,1319859.2
Liberia,LBR,1889,1402942
Liberia,LBR,1890,1367942.2
Liberia,LBR,1891,1337272.2
Liberia,LBR,1892,1399467.2
Liberia,LBR,1893,1348363.6
Liberia,LBR,1894,1912769.8
Liberia,LBR,1895,1516739.1
Liberia,LBR,1896,1489660.1
Liberia,LBR,1897,1432174.2
Liberia,LBR,1898,1459189.2
Liberia,LBR,1899,2271365.2
Liberia,LBR,1900,1766644.6
Liberia,LBR,1901,1577307.5
Liberia,LBR,1902,1556525.2
Liberia,LBR,1903,1743559.2
Liberia,LBR,1904,1698794.8
Liberia,LBR,1905,1789044.9
Liberia,LBR,1906,2045381.9
Liberia,LBR,1907,1862422.1
Liberia,LBR,1908,1953043.8
Liberia,LBR,1909,2237986.5
Liberia,LBR,1910,2100911.5
Liberia,LBR,1911,2158708
Liberia,LBR,1912,2231788.2
Liberia,LBR,1913,2201016
Liberia,LBR,1914,2307985.5
Liberia,LBR,1915,2559638.5
Liberia,LBR,1916,2651211.2
Liberia,LBR,1917,2696754
Liberia,LBR,1918,2798143
Liberia,LBR,1919,3150897.2
Liberia,LBR,1920,2726264.2
Liberia,LBR,1921,3262551.2
Liberia,LBR,1922,3287780.5
Liberia,LBR,1923,2996402.2
Liberia,LBR,1924,3334876.8
Liberia,LBR,1925,3851590.5
Liberia,LBR,1926,3286460
Liberia,LBR,1927,3569948.5
Liberia,LBR,1928,4020692
Liberia,LBR,1929,3610602
Liberia,LBR,1930,4744877
Liberia,LBR,1931,5400792.5
Liberia,LBR,1932,4822532
Liberia,LBR,1933,5412311.5
Liberia,LBR,1934,4620623
Liberia,LBR,1935,5436379
Liberia,LBR,1936,5749949
Liberia,LBR,1937,5504930.5
Liberia,LBR,1938,5616219.5
Liberia,LBR,1939,6797037
Liberia,LBR,1940,7298049
Liberia,LBR,1941,10087672
Liberia,LBR,1942,11117309
Liberia,LBR,1943,12647729
Liberia,LBR,1944,11557867
Liberia,LBR,1945,11715837
Liberia,LBR,1946,12786866
Liberia,LBR,1947,13638564
Liberia,LBR,1948,11631280
Liberia,LBR,1949,13284149
Liberia,LBR,1950,10798854
Liberia,LBR,1951,10293459
Liberia,LBR,1952,7900297.5
Liberia,LBR,1953,8484173
Liberia,LBR,1954,7445577
Liberia,LBR,1955,6892933.5
Liberia,LBR,1956,8127419.5
Liberia,LBR,1957,7827723
Liberia,LBR,1958,6791794
Liberia,LBR,1959,5957971.5
Liberia,LBR,1960,4633483.5
Liberia,LBR,1961,4219479.5
Liberia,LBR,1962,4312068.5
Liberia,LBR,1963,3987741.5
Liberia,LBR,1964,3722566.5
Liberia,LBR,1965,3470955.8
Liberia,LBR,1966,3933787.2
Liberia,LBR,1967,3260018.2
Liberia,LBR,1968,4099801.5
Liberia,LBR,1969,4141826
Liberia,LBR,1970,4317947
Liberia,LBR,1971,4491082
Liberia,LBR,1972,4631528.5
Liberia,LBR,1973,4968553.5
Liberia,LBR,1974,4865184.5
Liberia,LBR,1975,4665355.5
Liberia,LBR,1976,5353314.5
Liberia,LBR,1977,5335661.5
Liberia,LBR,1978,5578317
Liberia,LBR,1979,6103630.5
Liberia,LBR,1980,6379715.5
Liberia,LBR,1981,6359039
Liberia,LBR,1982,5236611
Liberia,LBR,1983,5117224
Liberia,LBR,1984,5417612
Liberia,LBR,1985,6253488.5
Liberia,LBR,1986,6901779
Liberia,LBR,1987,7834828.5
Liberia,LBR,1988,7389698
Liberia,LBR,1989,5735043
Liberia,LBR,1990,7707918
Liberia,LBR,1991,9529631
Liberia,LBR,1992,10694380
Liberia,LBR,1993,11683710
Liberia,LBR,1994,12516002
Liberia,LBR,1995,12530360
Liberia,LBR,1996,13374884
Liberia,LBR,1997,14422848
Liberia,LBR,1998,16121012
Liberia,LBR,1999,19898786
Liberia,LBR,2000,20524058
Liberia,LBR,2001,20573162
Liberia,LBR,2002,21000820
Liberia,LBR,2003,23037006
Liberia,LBR,2004,21851312
Liberia,LBR,2005,22120238
Liberia,LBR,2006,22342522
Liberia,LBR,2007,21915142
Liberia,LBR,2008,21944782
Liberia,LBR,2009,23697632
Liberia,LBR,2010,24568592
Liberia,LBR,2011,24518112
Liberia,LBR,2012,25290872
Liberia,LBR,2013,25315120
Liberia,LBR,2014,26221778
Liberia,LBR,2015,24777944
Liberia,LBR,2016,24837276
Liberia,LBR,2017,25947822
Liberia,LBR,2018,23932664
Liberia,LBR,2019,22337264
Liberia,LBR,2020,21467756
Liberia,LBR,2021,22741058
Liberia,LBR,2022,23374644
Liberia,LBR,2023,23770684
Libya,LBY,1850,325607.75
Libya,LBY,1851,327442.53
Libya,LBY,1852,329015.3
Libya,LBY,1853,330481.8
Libya,LBY,1854,331805.53
Libya,LBY,1855,333096.5
Libya,LBY,1856,334253.9
Libya,LBY,1857,334691.72
Libya,LBY,1858,333558.03
Libya,LBY,1859,331952.2
Libya,LBY,1860,320695.88
Libya,LBY,1861,318788.3
Libya,LBY,1862,317123.2
Libya,LBY,1863,315502.53
Libya,LBY,1864,313875.03
Libya,LBY,1865,312070.2
Libya,LBY,1866,310265.75
Libya,LBY,1867,308446.94
Libya,LBY,1868,306608.12
Libya,LBY,1869,304734.7
Libya,LBY,1870,312970.34
Libya,LBY,1871,313424.28
Libya,LBY,1872,314045.72
Libya,LBY,1873,314832.62
Libya,LBY,1874,315828.78
Libya,LBY,1875,317041.44
Libya,LBY,1876,318184.53
Libya,LBY,1877,319091.22
Libya,LBY,1878,319576.28
Libya,LBY,1879,319454.53
Libya,LBY,1880,359257
Libya,LBY,1881,373431.06
Libya,LBY,1882,380600.84
Libya,LBY,1883,382782.9
Libya,LBY,1884,383422.7
Libya,LBY,1885,383034.38
Libya,LBY,1886,381958.25
Libya,LBY,1887,380378.8
Libya,LBY,1888,378425.5
Libya,LBY,1889,376191.28
Libya,LBY,1890,464891.2
Libya,LBY,1891,502009.9
Libya,LBY,1892,523240.84
Libya,LBY,1893,533403
Libya,LBY,1894,540383.75
Libya,LBY,1895,545228.3
Libya,LBY,1896,550602.8
Libya,LBY,1897,558550.94
Libya,LBY,1898,571583.06
Libya,LBY,1899,592255.75
Libya,LBY,1900,533714.7
Libya,LBY,1901,533269.6
Libya,LBY,1902,559926.75
Libya,LBY,1903,605724.2
Libya,LBY,1904,662424.8
Libya,LBY,1905,724393.3
Libya,LBY,1906,790693.25
Libya,LBY,1907,861066.25
Libya,LBY,1908,931085.75
Libya,LBY,1909,1001473.56
Libya,LBY,1910,1019804.9
Libya,LBY,1911,1067812.8
Libya,LBY,1912,1124449
Libya,LBY,1913,1188270.8
Libya,LBY,1914,1252878.2
Libya,LBY,1915,1315293.1
Libya,LBY,1916,1375510.8
Libya,LBY,1917,1436173.9
Libya,LBY,1918,1492743.2
Libya,LBY,1919,1544372
Libya,LBY,1920,1591385
Libya,LBY,1921,1637775.9
Libya,LBY,1922,1675815.2
Libya,LBY,1923,1715343.6
Libya,LBY,1924,1749209.5
Libya,LBY,1925,1782114.4
Libya,LBY,1926,1807868.5
Libya,LBY,1927,1829076
Libya,LBY,1928,1847974.2
Libya,LBY,1929,1863521.8
Libya,LBY,1930,2187912
Libya,LBY,1931,2325502
Libya,LBY,1932,2404697.5
Libya,LBY,1933,2437149
Libya,LBY,1934,2453815.5
Libya,LBY,1935,2458432
Libya,LBY,1936,2465888.5
Libya,LBY,1937,2465252.2
Libya,LBY,1938,2465314.5
Libya,LBY,1939,2453644
Libya,LBY,1940,2485812
Libya,LBY,1941,2497477.2
Libya,LBY,1942,2514385.2
Libya,LBY,1943,2535189.2
Libya,LBY,1944,2562380
Libya,LBY,1945,2585175.5
Libya,LBY,1946,2595075
Libya,LBY,1947,2596027.8
Libya,LBY,1948,2623429.5
Libya,LBY,1949,2610926.2
Libya,LBY,1950,8910061
Libya,LBY,1951,10106822
Libya,LBY,1952,9541112
Libya,LBY,1953,12812963
Libya,LBY,1954,12775532
Libya,LBY,1955,12452277
Libya,LBY,1956,12255425
Libya,LBY,1957,11540499
Libya,LBY,1958,11973635
Libya,LBY,1959,15011073
Libya,LBY,1960,23817406
Libya,LBY,1961,38354104
Libya,LBY,1962,34035990
Libya,LBY,1963,44435736
Libya,LBY,1964,19863860
Libya,LBY,1965,27889520
Libya,LBY,1966,67050090
Libya,LBY,1967,74736550
Libya,LBY,1968,93268760
Libya,LBY,1969,161198560
Libya,LBY,1970,123071656
Libya,LBY,1971,112276650
Libya,LBY,1972,90831510
Libya,LBY,1973,88795710
Libya,LBY,1974,62609388
Libya,LBY,1975,64188880
Libya,LBY,1976,86004216
Libya,LBY,1977,92003280
Libya,LBY,1978,90445670
Libya,LBY,1979,99985940
Libya,LBY,1980,91762370
Libya,LBY,1981,71475830
Libya,LBY,1982,73974984
Libya,LBY,1983,72315010
Libya,LBY,1984,70220664
Libya,LBY,1985,72401240
Libya,LBY,1986,74819250
Libya,LBY,1987,71051060
Libya,LBY,1988,81504936
Libya,LBY,1989,82537880
Libya,LBY,1990,89619190
Libya,LBY,1991,92761220
Libya,LBY,1992,80786456
Libya,LBY,1993,76656570
Libya,LBY,1994,99971430
Libya,LBY,1995,109354410
Libya,LBY,1996,110227720
Libya,LBY,1997,97141680
Libya,LBY,1998,93437970
Libya,LBY,1999,88723420
Libya,LBY,2000,94280410
Libya,LBY,2001,90763150
Libya,LBY,2002,89403500
Libya,LBY,2003,97197230
Libya,LBY,2004,98195600
Libya,LBY,2005,101118180
Libya,LBY,2006,97964290
Libya,LBY,2007,86434090
Libya,LBY,2008,93048590
Libya,LBY,2009,91568940
Libya,LBY,2010,101683770
Libya,LBY,2011,71446776
Libya,LBY,2012,98895240
Libya,LBY,2013,81188200
Libya,LBY,2014,89663090
Libya,LBY,2015,82076960
Libya,LBY,2016,79322100
Libya,LBY,2017,96324050
Libya,LBY,2018,95630140
Libya,LBY,2019,108926540
Libya,LBY,2020,52829332
Libya,LBY,2021,90221540
Libya,LBY,2022,94108280
Libya,LBY,2023,95388500
Liechtenstein,LIE,1850,15724.894
Liechtenstein,LIE,1851,15421.774
Liechtenstein,LIE,1852,15154.956
Liechtenstein,LIE,1853,15437.277
Liechtenstein,LIE,1854,14574.018
Liechtenstein,LIE,1855,14910.018
Liechtenstein,LIE,1856,14678.514
Liechtenstein,LIE,1857,14217.231
Liechtenstein,LIE,1858,14213.054
Liechtenstein,LIE,1859,13062.864
Liechtenstein,LIE,1860,14522.143
Liechtenstein,LIE,1861,13416.41
Liechtenstein,LIE,1862,13640.743
Liechtenstein,LIE,1863,13470.935
Liechtenstein,LIE,1864,13621.514
Liechtenstein,LIE,1865,13112.413
Liechtenstein,LIE,1866,13409.282
Liechtenstein,LIE,1867,13779.372
Liechtenstein,LIE,1868,13590.695
Liechtenstein,LIE,1869,13493.853
Liechtenstein,LIE,1870,13616.945
Liechtenstein,LIE,1871,13362.067
Liechtenstein,LIE,1872,13191.194
Liechtenstein,LIE,1873,13633.103
Liechtenstein,LIE,1874,13009.008
Liechtenstein,LIE,1875,13529.498
Liechtenstein,LIE,1876,13519.443
Liechtenstein,LIE,1877,13315.256
Liechtenstein,LIE,1878,13518.99
Liechtenstein,LIE,1879,12653.38
Liechtenstein,LIE,1880,14425.72
Liechtenstein,LIE,1881,13626.407
Liechtenstein,LIE,1882,13998.525
Liechtenstein,LIE,1883,13966.819
Liechtenstein,LIE,1884,14236.874
Liechtenstein,LIE,1885,13947.915
Liechtenstein,LIE,1886,14363.443
Liechtenstein,LIE,1887,14861.387
Liechtenstein,LIE,1888,14855.772
Liechtenstein,LIE,1889,14933.106
Liechtenstein,LIE,1890,15184.096
Liechtenstein,LIE,1891,15441.306
Liechtenstein,LIE,1892,15748.522
Liechtenstein,LIE,1893,16417.482
Liechtenstein,LIE,1894,16146.77
Liechtenstein,LIE,1895,16914.246
Liechtenstein,LIE,1896,17198.654
Liechtenstein,LIE,1897,17237.457
Liechtenstein,LIE,1898,17707.8
Liechtenstein,LIE,1899,17033.465
Liechtenstein,LIE,1900,18630.432
Liechtenstein,LIE,1901,18084.28
Liechtenstein,LIE,1902,18463.877
Liechtenstein,LIE,1903,18629.74
Liechtenstein,LIE,1904,19206.805
Liechtenstein,LIE,1905,18905.572
Liechtenstein,LIE,1906,19401.31
Liechtenstein,LIE,1907,19385.285
Liechtenstein,LIE,1908,19244.695
Liechtenstein,LIE,1909,19650.096
Liechtenstein,LIE,1910,16307.7295
Liechtenstein,LIE,1911,15778.492
Liechtenstein,LIE,1912,14246.913
Liechtenstein,LIE,1913,13525.557
Liechtenstein,LIE,1914,12588.872
Liechtenstein,LIE,1915,11941.051
Liechtenstein,LIE,1916,10599.102
Liechtenstein,LIE,1917,10123.123
Liechtenstein,LIE,1918,9464.866
Liechtenstein,LIE,1919,8688.525
Liechtenstein,LIE,1920,7922.4126
Liechtenstein,LIE,1921,8192.048
Liechtenstein,LIE,1922,7687.2554
Liechtenstein,LIE,1923,7405.5864
Liechtenstein,LIE,1924,7355.3135
Liechtenstein,LIE,1925,7205.7876
Liechtenstein,LIE,1926,6906.1406
Liechtenstein,LIE,1927,6810.427
Liechtenstein,LIE,1928,6523.6987
Liechtenstein,LIE,1929,6686.097
Liechtenstein,LIE,1930,6197.3745
Liechtenstein,LIE,1931,6267.9595
Liechtenstein,LIE,1932,6263.547
Liechtenstein,LIE,1933,6219.359
Liechtenstein,LIE,1934,5749.264
Liechtenstein,LIE,1935,5831.9785
Liechtenstein,LIE,1936,5623.0796
Liechtenstein,LIE,1937,5494.753
Liechtenstein,LIE,1938,5527.916
Liechtenstein,LIE,1939,5492.0464
Liechtenstein,LIE,1940,5825.3
Liechtenstein,LIE,1941,5721.832
Liechtenstein,LIE,1942,6012.5015
Liechtenstein,LIE,1943,6208.5107
Liechtenstein,LIE,1944,6852.521
Liechtenstein,LIE,1945,7268.488
Liechtenstein,LIE,1946,7859.668
Liechtenstein,LIE,1947,8544.32
Liechtenstein,LIE,1948,9013.439
Liechtenstein,LIE,1949,9767.822
Liechtenstein,LIE,1950,10340.891
Liechtenstein,LIE,1951,11094.078
Liechtenstein,LIE,1952,12163.718
Liechtenstein,LIE,1953,13078.329
Liechtenstein,LIE,1954,14344.854
Liechtenstein,LIE,1955,15449.308
Liechtenstein,LIE,1956,16750.18
Liechtenstein,LIE,1957,17802.05
Liechtenstein,LIE,1958,19356.533
Liechtenstein,LIE,1959,36464.45
Liechtenstein,LIE,1960,35004.55
Liechtenstein,LIE,1961,34922.137
Liechtenstein,LIE,1962,35549.684
Liechtenstein,LIE,1963,37266.63
Liechtenstein,LIE,1964,76192.48
Liechtenstein,LIE,1965,81530.945
Liechtenstein,LIE,1966,80460.39
Liechtenstein,LIE,1967,80714.29
Liechtenstein,LIE,1968,94848.914
Liechtenstein,LIE,1969,108972.43
Liechtenstein,LIE,1970,139028.47
Liechtenstein,LIE,1971,144579.23
Liechtenstein,LIE,1972,135871.48
Liechtenstein,LIE,1973,164517.53
Liechtenstein,LIE,1974,139685.69
Liechtenstein,LIE,1975,168211.23
Liechtenstein,LIE,1976,165899.44
Liechtenstein,LIE,1977,185727.34
Liechtenstein,LIE,1978,186277.77
Liechtenstein,LIE,1979,165752.6
Liechtenstein,LIE,1980,192707.38
Liechtenstein,LIE,1981,182836.69
Liechtenstein,LIE,1982,138383.73
Liechtenstein,LIE,1983,166760.62
Liechtenstein,LIE,1984,173213.53
Liechtenstein,LIE,1985,204897.56
Liechtenstein,LIE,1986,229827.1
Liechtenstein,LIE,1987,169564.7
Liechtenstein,LIE,1988,213580.66
Liechtenstein,LIE,1989,219409.16
Liechtenstein,LIE,1990,230082.7
Liechtenstein,LIE,1991,236127.61
Liechtenstein,LIE,1992,236195.88
Liechtenstein,LIE,1993,243695.72
Liechtenstein,LIE,1994,230208.06
Liechtenstein,LIE,1995,234246.8
Liechtenstein,LIE,1996,238672.7
Liechtenstein,LIE,1997,249154.53
Liechtenstein,LIE,1998,259373.02
Liechtenstein,LIE,1999,255431.31
Liechtenstein,LIE,2000,246623
Liechtenstein,LIE,2001,241148.31
Liechtenstein,LIE,2002,245125.9
Liechtenstein,LIE,2003,253208.53
Liechtenstein,LIE,2004,252625.77
Liechtenstein,LIE,2005,251478.97
Liechtenstein,LIE,2006,252527.73
Liechtenstein,LIE,2007,222716.81
Liechtenstein,LIE,2008,241057.86
Liechtenstein,LIE,2009,223798.98
Liechtenstein,LIE,2010,208237.14
Liechtenstein,LIE,2011,192568.98
Liechtenstein,LIE,2012,200355.73
Liechtenstein,LIE,2013,207340.98
Liechtenstein,LIE,2014,175163.1
Liechtenstein,LIE,2015,173127.84
Liechtenstein,LIE,2016,161058
Liechtenstein,LIE,2017,169008.3
Liechtenstein,LIE,2018,156493.25
Liechtenstein,LIE,2019,162934.52
Liechtenstein,LIE,2020,156306.77
Liechtenstein,LIE,2021,161099.12
Liechtenstein,LIE,2022,168780.28
Liechtenstein,LIE,2023,172903.52
Lithuania,LTU,1850,17114536
Lithuania,LTU,1851,17033924
Lithuania,LTU,1852,17089784
Lithuania,LTU,1853,17076984
Lithuania,LTU,1854,17341072
Lithuania,LTU,1855,17428876
Lithuania,LTU,1856,17336594
Lithuania,LTU,1857,17609478
Lithuania,LTU,1858,17634650
Lithuania,LTU,1859,17916432
Lithuania,LTU,1860,17271328
Lithuania,LTU,1861,17146958
Lithuania,LTU,1862,16992492
Lithuania,LTU,1863,17055624
Lithuania,LTU,1864,17043820
Lithuania,LTU,1865,16845398
Lithuania,LTU,1866,17110372
Lithuania,LTU,1867,17120348
Lithuania,LTU,1868,16938822
Lithuania,LTU,1869,17056986
Lithuania,LTU,1870,17171244
Lithuania,LTU,1871,17031626
Lithuania,LTU,1872,17174050
Lithuania,LTU,1873,17083798
Lithuania,LTU,1874,17258358
Lithuania,LTU,1875,17410652
Lithuania,LTU,1876,17417444
Lithuania,LTU,1877,17631330
Lithuania,LTU,1878,17703756
Lithuania,LTU,1879,17930030
Lithuania,LTU,1880,17894952
Lithuania,LTU,1881,17933040
Lithuania,LTU,1882,17988882
Lithuania,LTU,1883,18078470
Lithuania,LTU,1884,18182786
Lithuania,LTU,1885,18206530
Lithuania,LTU,1886,18206618
Lithuania,LTU,1887,18581674
Lithuania,LTU,1888,18304718
Lithuania,LTU,1889,18501906
Lithuania,LTU,1890,18416418
Lithuania,LTU,1891,18368292
Lithuania,LTU,1892,18672826
Lithuania,LTU,1893,18382584
Lithuania,LTU,1894,18845542
Lithuania,LTU,1895,18682140
Lithuania,LTU,1896,18878900
Lithuania,LTU,1897,19000752
Lithuania,LTU,1898,18996410
Lithuania,LTU,1899,19269214
Lithuania,LTU,1900,19413822
Lithuania,LTU,1901,19478870
Lithuania,LTU,1902,19488430
Lithuania,LTU,1903,19287658
Lithuania,LTU,1904,19322372
Lithuania,LTU,1905,19448042
Lithuania,LTU,1906,19654792
Lithuania,LTU,1907,19836392
Lithuania,LTU,1908,19884222
Lithuania,LTU,1909,20207418
Lithuania,LTU,1910,18486478
Lithuania,LTU,1911,18038258
Lithuania,LTU,1912,17856488
Lithuania,LTU,1913,17834016
Lithuania,LTU,1914,17731948
Lithuania,LTU,1915,17427894
Lithuania,LTU,1916,17139638
Lithuania,LTU,1917,17271124
Lithuania,LTU,1918,16749732
Lithuania,LTU,1919,16310189
Lithuania,LTU,1920,16488669
Lithuania,LTU,1921,16407562
Lithuania,LTU,1922,16294466
Lithuania,LTU,1923,16329778
Lithuania,LTU,1924,16208124
Lithuania,LTU,1925,16326563
Lithuania,LTU,1926,16425483
Lithuania,LTU,1927,16618001
Lithuania,LTU,1928,16782662
Lithuania,LTU,1929,16688415
Lithuania,LTU,1930,18640628
Lithuania,LTU,1931,19411826
Lithuania,LTU,1932,20168468
Lithuania,LTU,1933,20432880
Lithuania,LTU,1934,21588124
Lithuania,LTU,1935,21951694
Lithuania,LTU,1936,22785566
Lithuania,LTU,1937,22934550
Lithuania,LTU,1938,23454214
Lithuania,LTU,1939,23736340
Lithuania,LTU,1940,22029446
Lithuania,LTU,1941,20657430
Lithuania,LTU,1942,17773300
Lithuania,LTU,1943,17192012
Lithuania,LTU,1944,17683798
Lithuania,LTU,1945,17193226
Lithuania,LTU,1946,17214246
Lithuania,LTU,1947,17801996
Lithuania,LTU,1948,17676064
Lithuania,LTU,1949,18216230
Lithuania,LTU,1950,18538966
Lithuania,LTU,1951,19572488
Lithuania,LTU,1952,20188876
Lithuania,LTU,1953,21254226
Lithuania,LTU,1954,21734654
Lithuania,LTU,1955,23573642
Lithuania,LTU,1956,25254586
Lithuania,LTU,1957,26301730
Lithuania,LTU,1958,27035542
Lithuania,LTU,1959,26139940
Lithuania,LTU,1960,26656724
Lithuania,LTU,1961,28296730
Lithuania,LTU,1962,29009348
Lithuania,LTU,1963,30888722
Lithuania,LTU,1964,32248412
Lithuania,LTU,1965,33205346
Lithuania,LTU,1966,34950060
Lithuania,LTU,1967,36467020
Lithuania,LTU,1968,36856876
Lithuania,LTU,1969,37880010
Lithuania,LTU,1970,39041010
Lithuania,LTU,1971,40916980
Lithuania,LTU,1972,42335600
Lithuania,LTU,1973,44071804
Lithuania,LTU,1974,45365176
Lithuania,LTU,1975,47296376
Lithuania,LTU,1976,48692290
Lithuania,LTU,1977,49537200
Lithuania,LTU,1978,51076184
Lithuania,LTU,1979,51585856
Lithuania,LTU,1980,53352510
Lithuania,LTU,1981,52555940
Lithuania,LTU,1982,53374710
Lithuania,LTU,1983,54066676
Lithuania,LTU,1984,54518348
Lithuania,LTU,1985,57760196
Lithuania,LTU,1986,53316604
Lithuania,LTU,1987,53160220
Lithuania,LTU,1988,52894390
Lithuania,LTU,1989,52797588
Lithuania,LTU,1990,50546476
Lithuania,LTU,1991,52128530
Lithuania,LTU,1992,34374236
Lithuania,LTU,1993,25843410
Lithuania,LTU,1994,33079350
Lithuania,LTU,1995,26824476
Lithuania,LTU,1996,27566532
Lithuania,LTU,1997,28838010
Lithuania,LTU,1998,30061076
Lithuania,LTU,1999,26605448
Lithuania,LTU,2000,8793458
Lithuania,LTU,2001,13807602
Lithuania,LTU,2002,12680497
Lithuania,LTU,2003,14950607
Lithuania,LTU,2004,23121204
Lithuania,LTU,2005,20001946
Lithuania,LTU,2006,20290150
Lithuania,LTU,2007,23100722
Lithuania,LTU,2008,25069226
Lithuania,LTU,2009,24034098
Lithuania,LTU,2010,25904114
Lithuania,LTU,2011,27728916
Lithuania,LTU,2012,29015598
Lithuania,LTU,2013,27694628
Lithuania,LTU,2014,25356560
Lithuania,LTU,2015,25367098
Lithuania,LTU,2016,24294306
Lithuania,LTU,2017,24847906
Lithuania,LTU,2018,25779768
Lithuania,LTU,2019,24986168
Lithuania,LTU,2020,24625322
Lithuania,LTU,2021,24828164
Lithuania,LTU,2022,23346400
Lithuania,LTU,2023,22702288
Low-income countries,,1850,171286400
Low-income countries,,1851,173393520
Low-income countries,,1852,182579180
Low-income countries,,1853,169104260
Low-income countries,,1854,177919890
Low-income countries,,1855,181119550
Low-income countries,,1856,181044060
Low-income countries,,1857,178700100
Low-income countries,,1858,177715020
Low-income countries,,1859,194362000
Low-income countries,,1860,165341570
Low-income countries,,1861,159330600
Low-income countries,,1862,160686750
Low-income countries,,1863,162359500
Low-income countries,,1864,156894910
Low-income countries,,1865,155230370
Low-income countries,,1866,151017900
Low-income countries,,1867,150867980
Low-income countries,,1868,149592200
Low-income countries,,1869,149350110
Low-income countries,,1870,158962910
Low-income countries,,1871,159550980
Low-income countries,,1872,150363840
Low-income countries,,1873,153094610
Low-income countries,,1874,156720900
Low-income countries,,1875,161270690
Low-income countries,,1876,151718320
Low-income countries,,1877,153991740
Low-income countries,,1878,158736670
Low-income countries,,1879,164797470
Low-income countries,,1880,154630990
Low-income countries,,1881,163167360
Low-income countries,,1882,173385400
Low-income countries,,1883,165337840
Low-income countries,,1884,163706720
Low-income countries,,1885,165016450
Low-income countries,,1886,168328800
Low-income countries,,1887,166022820
Low-income countries,,1888,168041860
Low-income countries,,1889,170443650
Low-income countries,,1890,177130740
Low-income countries,,1891,175843460
Low-income countries,,1892,172174030
Low-income countries,,1893,177522460
Low-income countries,,1894,175963570
Low-income countries,,1895,177352350
Low-income countries,,1896,175028210
Low-income countries,,1897,181036350
Low-income countries,,1898,182079520
Low-income countries,,1899,186641820
Low-income countries,,1900,194964430
Low-income countries,,1901,192633950
Low-income countries,,1902,197324370
Low-income countries,,1903,191936430
Low-income countries,,1904,198735870
Low-income countries,,1905,202119250
Low-income countries,,1906,204902080
Low-income countries,,1907,202371330
Low-income countries,,1908,209179740
Low-income countries,,1909,213951520
Low-income countries,,1910,226678740
Low-income countries,,1911,245193970
Low-income countries,,1912,240124720
Low-income countries,,1913,243721260
Low-income countries,,1914,255944750
Low-income countries,,1915,267041460
Low-income countries,,1916,268946500
Low-income countries,,1917,279445120
Low-income countries,,1918,276166720
Low-income countries,,1919,284188600
Low-income countries,,1920,280808030
Low-income countries,,1921,304811520
Low-income countries,,1922,311710750
Low-income countries,,1923,319657700
Low-income countries,,1924,320951360
Low-income countries,,1925,340174200
Low-income countries,,1926,332328130
Low-income countries,,1927,337155800
Low-income countries,,1928,336723620
Low-income countries,,1929,348826620
Low-income countries,,1930,380204000
Low-income countries,,1931,406887200
Low-income countries,,1932,419763300
Low-income countries,,1933,436065630
Low-income countries,,1934,422944420
Low-income countries,,1935,437738780
Low-income countries,,1936,448245470
Low-income countries,,1937,454496860
Low-income countries,,1938,459593280
Low-income countries,,1939,476162560
Low-income countries,,1940,551699000
Low-income countries,,1941,616919940
Low-income countries,,1942,657757250
Low-income countries,,1943,688391000
Low-income countries,,1944,698634940
Low-income countries,,1945,711184700
Low-income countries,,1946,728682300
Low-income countries,,1947,753903500
Low-income countries,,1948,774391800
Low-income countries,,1949,782001860
Low-income countries,,1950,834297150
Low-income countries,,1951,825762500
Low-income countries,,1952,821413950
Low-income countries,,1953,827919600
Low-income countries,,1954,852770560
Low-income countries,,1955,872133400
Low-income countries,,1956,894852900
Low-income countries,,1957,918363460
Low-income countries,,1958,939651500
Low-income countries,,1959,941633800
Low-income countries,,1960,1034489860
Low-income countries,,1961,899664600
Low-income countries,,1962,818175040
Low-income countries,,1963,778141950
Low-income countries,,1964,767122560
Low-income countries,,1965,750245600
Low-income countries,,1966,735427100
Low-income countries,,1967,763426000
Low-income countries,,1968,785617700
Low-income countries,,1969,768603400
Low-income countries,,1970,806028540
Low-income countries,,1971,823734700
Low-income countries,,1972,796320800
Low-income countries,,1973,800501440
Low-income countries,,1974,807308540
Low-income countries,,1975,853295500
Low-income countries,,1976,849147400
Low-income countries,,1977,892163300
Low-income countries,,1978,858513540
Low-income countries,,1979,883197440
Low-income countries,,1980,934666300
Low-income countries,,1981,918727200
Low-income countries,,1982,940122100
Low-income countries,,1983,931645950
Low-income countries,,1984,933507300
Low-income countries,,1985,935781400
Low-income countries,,1986,947480000
Low-income countries,,1987,994701060
Low-income countries,,1988,1009611500
Low-income countries,,1989,1084102800
Low-income countries,,1990,1055857300
Low-income countries,,1991,1084210600
Low-income countries,,1992,1175368200
Low-income countries,,1993,1159362000
Low-income countries,,1994,1224231000
Low-income countries,,1995,1244632000
Low-income countries,,1996,1252434600
Low-income countries,,1997,1283946100
Low-income countries,,1998,1329830100
Low-income countries,,1999,1337430400
Low-income countries,,2000,1382698000
Low-income countries,,2001,1341217800
Low-income countries,,2002,1466254100
Low-income countries,,2003,1550694000
Low-income countries,,2004,1541079900
Low-income countries,,2005,1548051100
Low-income countries,,2006,1561478500
Low-income countries,,2007,1550391200
Low-income countries,,2008,1776067800
Low-income countries,,2009,1955739800
Low-income countries,,2010,2094412400
Low-income countries,,2011,2194983200
Low-income countries,,2012,2157858800
Low-income countries,,2013,2155999000
Low-income countries,,2014,2067572900
Low-income countries,,2015,1930890100
Low-income countries,,2016,1949311600
Low-income countries,,2017,1995639300
Low-income countries,,2018,1888135800
Low-income countries,,2019,1854430100
Low-income countries,,2020,1809492500
Low-income countries,,2021,1827109800
Low-income countries,,2022,1881848300
Low-income countries,,2023,1906607400
Lower-middle-income countries,,1850,770067200
Lower-middle-income countries,,1851,792412300
Lower-middle-income countries,,1852,778670140
Lower-middle-income countries,,1853,795099600
Lower-middle-income countries,,1854,789842200
Lower-middle-income countries,,1855,788830400
Lower-middle-income countries,,1856,787675460
Lower-middle-income countries,,1857,801565400
Lower-middle-income countries,,1858,809816800
Lower-middle-income countries,,1859,822447300
Lower-middle-income countries,,1860,725480060
Lower-middle-income countries,,1861,678098500
Lower-middle-income countries,,1862,657745700
Lower-middle-income countries,,1863,669200700
Lower-middle-income countries,,1864,649631940
Lower-middle-income countries,,1865,655957250
Lower-middle-income countries,,1866,653264900
Lower-middle-income countries,,1867,642074430
Lower-middle-income countries,,1868,622490750
Lower-middle-income countries,,1869,652572100
Lower-middle-income countries,,1870,661423300
Lower-middle-income countries,,1871,653429900
Lower-middle-income countries,,1872,670580300
Lower-middle-income countries,,1873,663540400
Lower-middle-income countries,,1874,670809340
Lower-middle-income countries,,1875,667619900
Lower-middle-income countries,,1876,693018750
Lower-middle-income countries,,1877,674597000
Lower-middle-income countries,,1878,689363200
Lower-middle-income countries,,1879,696089400
Lower-middle-income countries,,1880,713889600
Lower-middle-income countries,,1881,752433800
Lower-middle-income countries,,1882,774940200
Lower-middle-income countries,,1883,781997250
Lower-middle-income countries,,1884,805053600
Lower-middle-income countries,,1885,814638850
Lower-middle-income countries,,1886,822786500
Lower-middle-income countries,,1887,839430300
Lower-middle-income countries,,1888,845052860
Lower-middle-income countries,,1889,852255700
Lower-middle-income countries,,1890,929234100
Lower-middle-income countries,,1891,982901300
Lower-middle-income countries,,1892,967123500
Lower-middle-income countries,,1893,989389630
Lower-middle-income countries,,1894,994024100
Lower-middle-income countries,,1895,1004710800
Lower-middle-income countries,,1896,1026785100
Lower-middle-income countries,,1897,1029253100
Lower-middle-income countries,,1898,1032037100
Lower-middle-income countries,,1899,1041681600
Lower-middle-income countries,,1900,990389100
Lower-middle-income countries,,1901,990955840
Lower-middle-income countries,,1902,985500500
Lower-middle-income countries,,1903,995366600
Lower-middle-income countries,,1904,1014155100
Lower-middle-income countries,,1905,1035300860
Lower-middle-income countries,,1906,1025228200
Lower-middle-income countries,,1907,1031167500
Lower-middle-income countries,,1908,1041230300
Lower-middle-income countries,,1909,1039237060
Lower-middle-income countries,,1910,1065201340
Lower-middle-income countries,,1911,1085884900
Lower-middle-income countries,,1912,1109036300
Lower-middle-income countries,,1913,1105315500
Lower-middle-income countries,,1914,1138190200
Lower-middle-income countries,,1915,1174013800
Lower-middle-income countries,,1916,1154541000
Lower-middle-income countries,,1917,1145750800
Lower-middle-income countries,,1918,1174427300
Lower-middle-income countries,,1919,1174810400
Lower-middle-income countries,,1920,1216345000
Lower-middle-income countries,,1921,1240418800
Lower-middle-income countries,,1922,1257308800
Lower-middle-income countries,,1923,1273404800
Lower-middle-income countries,,1924,1294443300
Lower-middle-income countries,,1925,1312052500
Lower-middle-income countries,,1926,1315395600
Lower-middle-income countries,,1927,1344872200
Lower-middle-income countries,,1928,1343733100
Lower-middle-income countries,,1929,1354975000
Lower-middle-income countries,,1930,1417297300
Lower-middle-income countries,,1931,1459162500
Lower-middle-income countries,,1932,1480322300
Lower-middle-income countries,,1933,1513125500
Lower-middle-income countries,,1934,1519312600
Lower-middle-income countries,,1935,1553309000
Lower-middle-income countries,,1936,1553419000
Lower-middle-income countries,,1937,1578220500
Lower-middle-income countries,,1938,1640144000
Lower-middle-income countries,,1939,1641605900
Lower-middle-income countries,,1940,1773345900
Lower-middle-income countries,,1941,1875365500
Lower-middle-income countries,,1942,1921188600
Lower-middle-income countries,,1943,1975170200
Lower-middle-income countries,,1944,2001881300
Lower-middle-income countries,,1945,2055594100
Lower-middle-income countries,,1946,2109557000
Lower-middle-income countries,,1947,2115121500
Lower-middle-income countries,,1948,2182269400
Lower-middle-income countries,,1949,2234669000
Lower-middle-income countries,,1950,2395188200
Lower-middle-income countries,,1951,2508487000
Lower-middle-income countries,,1952,2584593700
Lower-middle-income countries,,1953,2683301000
Lower-middle-income countries,,1954,2799377000
Lower-middle-income countries,,1955,2876028700
Lower-middle-income countries,,1956,2963406000
Lower-middle-income countries,,1957,3058290400
Lower-middle-income countries,,1958,3143729400
Lower-middle-income countries,,1959,3309820700
Lower-middle-income countries,,1960,2925417200
Lower-middle-income countries,,1961,2870631400
Lower-middle-income countries,,1962,2767841500
Lower-middle-income countries,,1963,2789547000
Lower-middle-income countries,,1964,2771056000
Lower-middle-income countries,,1965,2717844700
Lower-middle-income countries,,1966,2801270000
Lower-middle-income countries,,1967,2837137200
Lower-middle-income countries,,1968,2727953200
Lower-middle-income countries,,1969,3248854000
Lower-middle-income countries,,1970,3073798100
Lower-middle-income countries,,1971,3001291800
Lower-middle-income countries,,1972,3062463700
Lower-middle-income countries,,1973,3152439300
Lower-middle-income countries,,1974,3210104600
Lower-middle-income countries,,1975,3249768200
Lower-middle-income countries,,1976,3313249800
Lower-middle-income countries,,1977,3403311900
Lower-middle-income countries,,1978,3319636700
Lower-middle-income countries,,1979,3359784000
Lower-middle-income countries,,1980,3380397000
Lower-middle-income countries,,1981,3406081800
Lower-middle-income countries,,1982,3385846000
Lower-middle-income countries,,1983,3581456000
Lower-middle-income countries,,1984,3714486500
Lower-middle-income countries,,1985,3850932000
Lower-middle-income countries,,1986,3921023200
Lower-middle-income countries,,1987,3998115600
Lower-middle-income countries,,1988,4157342200
Lower-middle-income countries,,1989,4133782000
Lower-middle-income countries,,1990,4230118400
Lower-middle-income countries,,1991,4326227000
Lower-middle-income countries,,1992,4480375000
Lower-middle-income countries,,1993,4521388500
Lower-middle-income countries,,1994,4820740000
Lower-middle-income countries,,1995,4900030500
Lower-middle-income countries,,1996,5132004400
Lower-middle-income countries,,1997,5138956000
Lower-middle-income countries,,1998,5307237400
Lower-middle-income countries,,1999,5377090600
Lower-middle-income countries,,2000,5525447700
Lower-middle-income countries,,2001,5428396500
Lower-middle-income countries,,2002,5450423000
Lower-middle-income countries,,2003,5768681000
Lower-middle-income countries,,2004,5832967000
Lower-middle-income countries,,2005,5987603000
Lower-middle-income countries,,2006,6154609700
Lower-middle-income countries,,2007,6437046000
Lower-middle-income countries,,2008,6661290500
Lower-middle-income countries,,2009,6744769500
Lower-middle-income countries,,2010,6974973000
Lower-middle-income countries,,2011,7105632000
Lower-middle-income countries,,2012,7251706000
Lower-middle-income countries,,2013,7243067400
Lower-middle-income countries,,2014,7584868400
Lower-middle-income countries,,2015,7661484000
Lower-middle-income countries,,2016,7820267500
Lower-middle-income countries,,2017,8031283700
Lower-middle-income countries,,2018,8104382500
Lower-middle-income countries,,2019,8228383000
Lower-middle-income countries,,2020,8014058000
Lower-middle-income countries,,2021,8342734000
Lower-middle-income countries,,2022,8498523600
Lower-middle-income countries,,2023,8809557000
Luxembourg,LUX,1850,601897.5
Luxembourg,LUX,1851,595232.1
Luxembourg,LUX,1852,598208.3
Luxembourg,LUX,1853,608421.9
Luxembourg,LUX,1854,614400.2
Luxembourg,LUX,1855,609479.6
Luxembourg,LUX,1856,613025.94
Luxembourg,LUX,1857,613509.06
Luxembourg,LUX,1858,608112.1
Luxembourg,LUX,1859,596628.8
Luxembourg,LUX,1860,578541.44
Luxembourg,LUX,1861,559511.06
Luxembourg,LUX,1862,542214.3
Luxembourg,LUX,1863,519409.8
Luxembourg,LUX,1864,513322.03
Luxembourg,LUX,1865,490211.88
Luxembourg,LUX,1866,471927.16
Luxembourg,LUX,1867,474236.28
Luxembourg,LUX,1868,455912.8
Luxembourg,LUX,1869,443981.44
Luxembourg,LUX,1870,455088.56
Luxembourg,LUX,1871,448521.12
Luxembourg,LUX,1872,448391.72
Luxembourg,LUX,1873,455496.12
Luxembourg,LUX,1874,459538.3
Luxembourg,LUX,1875,457211.34
Luxembourg,LUX,1876,462803.75
Luxembourg,LUX,1877,464713.28
Luxembourg,LUX,1878,460842.03
Luxembourg,LUX,1879,454166.72
Luxembourg,LUX,1880,470481.62
Luxembourg,LUX,1881,465253.9
Luxembourg,LUX,1882,462423.62
Luxembourg,LUX,1883,457403.97
Luxembourg,LUX,1884,464477.62
Luxembourg,LUX,1885,454600.44
Luxembourg,LUX,1886,451561.56
Luxembourg,LUX,1887,468790.22
Luxembourg,LUX,1888,465511.44
Luxembourg,LUX,1889,465121.84
Luxembourg,LUX,1890,466218.25
Luxembourg,LUX,1891,464550.47
Luxembourg,LUX,1892,466123.4
Luxembourg,LUX,1893,476183.72
Luxembourg,LUX,1894,480613.7
Luxembourg,LUX,1895,476370.06
Luxembourg,LUX,1896,480241.5
Luxembourg,LUX,1897,480054.66
Luxembourg,LUX,1898,476378.62
Luxembourg,LUX,1899,470365.47
Luxembourg,LUX,1900,497022.6
Luxembourg,LUX,1901,490550.9
Luxembourg,LUX,1902,486169.28
Luxembourg,LUX,1903,483816.44
Luxembourg,LUX,1904,482714.97
Luxembourg,LUX,1905,488125.44
Luxembourg,LUX,1906,478198.53
Luxembourg,LUX,1907,477296.94
Luxembourg,LUX,1908,475806.75
Luxembourg,LUX,1909,473822.6
Luxembourg,LUX,1910,451762.28
Luxembourg,LUX,1911,447932.47
Luxembourg,LUX,1912,447244.9
Luxembourg,LUX,1913,430396.56
Luxembourg,LUX,1914,419744.44
Luxembourg,LUX,1915,420825.03
Luxembourg,LUX,1916,408433
Luxembourg,LUX,1917,397768.47
Luxembourg,LUX,1918,398938.28
Luxembourg,LUX,1919,396333.97
Luxembourg,LUX,1920,380273.66
Luxembourg,LUX,1921,380948.1
Luxembourg,LUX,1922,405441.66
Luxembourg,LUX,1923,385059.1
Luxembourg,LUX,1924,378983.94
Luxembourg,LUX,1925,384158.47
Luxembourg,LUX,1926,381875.34
Luxembourg,LUX,1927,384202.8
Luxembourg,LUX,1928,387970.1
Luxembourg,LUX,1929,393016.75
Luxembourg,LUX,1930,389153.4
Luxembourg,LUX,1931,390228.53
Luxembourg,LUX,1932,390690.94
Luxembourg,LUX,1933,392430.78
Luxembourg,LUX,1934,391095.28
Luxembourg,LUX,1935,391870.78
Luxembourg,LUX,1936,391337.66
Luxembourg,LUX,1937,390682.97
Luxembourg,LUX,1938,399741.16
Luxembourg,LUX,1939,398347
Luxembourg,LUX,1940,390766.84
Luxembourg,LUX,1941,382408.66
Luxembourg,LUX,1942,379699.2
Luxembourg,LUX,1943,379194.75
Luxembourg,LUX,1944,392393.28
Luxembourg,LUX,1945,413485.97
Luxembourg,LUX,1946,438740.9
Luxembourg,LUX,1947,447616.16
Luxembourg,LUX,1948,461512.88
Luxembourg,LUX,1949,469115.97
Luxembourg,LUX,1950,7861204.5
Luxembourg,LUX,1951,9453563
Luxembourg,LUX,1952,9864518
Luxembourg,LUX,1953,9111825
Luxembourg,LUX,1954,9259154
Luxembourg,LUX,1955,10374409
Luxembourg,LUX,1956,10869642
Luxembourg,LUX,1957,11346631
Luxembourg,LUX,1958,10604007
Luxembourg,LUX,1959,10943293
Luxembourg,LUX,1960,12068249
Luxembourg,LUX,1961,12151955
Luxembourg,LUX,1962,12167374
Luxembourg,LUX,1963,12077672
Luxembourg,LUX,1964,12902612
Luxembourg,LUX,1965,12831186
Luxembourg,LUX,1966,12264416
Luxembourg,LUX,1967,12022355
Luxembourg,LUX,1968,12952958
Luxembourg,LUX,1969,13904244
Luxembourg,LUX,1970,14465471
Luxembourg,LUX,1971,13938414
Luxembourg,LUX,1972,14240982
Luxembourg,LUX,1973,14956457
Luxembourg,LUX,1974,15239898
Luxembourg,LUX,1975,12653470
Luxembourg,LUX,1976,12654948
Luxembourg,LUX,1977,11752105
Luxembourg,LUX,1978,12699362
Luxembourg,LUX,1979,12881930
Luxembourg,LUX,1980,11784121
Luxembourg,LUX,1981,10215881
Luxembourg,LUX,1982,9628175
Luxembourg,LUX,1983,9118043
Luxembourg,LUX,1984,9764785
Luxembourg,LUX,1985,10007500
Luxembourg,LUX,1986,9881947
Luxembourg,LUX,1987,9608349
Luxembourg,LUX,1988,9892465
Luxembourg,LUX,1989,10662038
Luxembourg,LUX,1990,12673250
Luxembourg,LUX,1991,13625979
Luxembourg,LUX,1992,13306907
Luxembourg,LUX,1993,13777000
Luxembourg,LUX,1994,12654633
Luxembourg,LUX,1995,10186754
Luxembourg,LUX,1996,10268555
Luxembourg,LUX,1997,9583639
Luxembourg,LUX,1998,8699233
Luxembourg,LUX,1999,9341246
Luxembourg,LUX,2000,9712571
Luxembourg,LUX,2001,10179687
Luxembourg,LUX,2002,10995882
Luxembourg,LUX,2003,11447237
Luxembourg,LUX,2004,12813386
Luxembourg,LUX,2005,13049128
Luxembourg,LUX,2006,12944708
Luxembourg,LUX,2007,12333545
Luxembourg,LUX,2008,12149591
Luxembourg,LUX,2009,11606835
Luxembourg,LUX,2010,12226214
Luxembourg,LUX,2011,12097098
Luxembourg,LUX,2012,11837993
Luxembourg,LUX,2013,11332565
Luxembourg,LUX,2014,10795750
Luxembourg,LUX,2015,10277637
Luxembourg,LUX,2016,10068411
Luxembourg,LUX,2017,10241973
Luxembourg,LUX,2018,10516852
Luxembourg,LUX,2019,10737861
Luxembourg,LUX,2020,9012912
Luxembourg,LUX,2021,9355927
Luxembourg,LUX,2022,8188235
Luxembourg,LUX,2023,7889374.5
Macao,MAC,1850,9038.131
Macao,MAC,1851,9173.916
Macao,MAC,1852,9309.694
Macao,MAC,1853,9445.451
Macao,MAC,1854,9581.17
Macao,MAC,1855,9716.835
Macao,MAC,1856,9852.431
Macao,MAC,1857,9987.94
Macao,MAC,1858,10123.349
Macao,MAC,1859,10258.639
Macao,MAC,1860,10393.798
Macao,MAC,1861,10528.719
Macao,MAC,1862,10663.625
Macao,MAC,1863,10798.522
Macao,MAC,1864,10933.422
Macao,MAC,1865,11068.328
Macao,MAC,1866,11203.25
Macao,MAC,1867,11338.192
Macao,MAC,1868,11473.165
Macao,MAC,1869,11608.175
Macao,MAC,1870,11743.228
Macao,MAC,1871,11879.138
Macao,MAC,1872,12016.579
Macao,MAC,1873,12155.198
Macao,MAC,1874,12294.645
Macao,MAC,1875,12434.563
Macao,MAC,1876,12574.602
Macao,MAC,1877,12714.408
Macao,MAC,1878,12853.629
Macao,MAC,1879,12991.913
Macao,MAC,1880,13128.875
Macao,MAC,1881,13264.961
Macao,MAC,1882,13400.869
Macao,MAC,1883,13536.642
Macao,MAC,1884,13672.312
Macao,MAC,1885,13807.918
Macao,MAC,1886,13943.499
Macao,MAC,1887,14079.09
Macao,MAC,1888,14214.732
Macao,MAC,1889,14350.461
Macao,MAC,1890,14493.986
Macao,MAC,1891,14631.722
Macao,MAC,1892,14769.615
Macao,MAC,1893,14907.662
Macao,MAC,1894,15045.855
Macao,MAC,1895,15184.193
Macao,MAC,1896,15322.607
Macao,MAC,1897,15461.156
Macao,MAC,1898,15599.831
Macao,MAC,1899,15738.632
Macao,MAC,1900,15877.533
Macao,MAC,1901,16033.227
Macao,MAC,1902,16189.208
Macao,MAC,1903,16345.435
Macao,MAC,1904,16501.86
Macao,MAC,1905,16658.44
Macao,MAC,1906,16815.129
Macao,MAC,1907,16971.885
Macao,MAC,1908,17128.662
Macao,MAC,1909,17285.418
Macao,MAC,1910,17442.11
Macao,MAC,1911,17598.568
Macao,MAC,1912,17755.303
Macao,MAC,1913,17912.375
Macao,MAC,1914,18069.725
Macao,MAC,1915,18227.287
Macao,MAC,1916,18385.004
Macao,MAC,1917,18542.812
Macao,MAC,1918,18700.654
Macao,MAC,1919,18858.525
Macao,MAC,1920,19016.299
Macao,MAC,1921,19167.848
Macao,MAC,1922,19319.213
Macao,MAC,1923,19470.457
Macao,MAC,1924,19621.646
Macao,MAC,1925,19772.848
Macao,MAC,1926,19924
Macao,MAC,1927,20075.26
Macao,MAC,1928,20226.72
Macao,MAC,1929,20378.45
Macao,MAC,1930,20530.51
Macao,MAC,1931,20926.191
Macao,MAC,1932,21322.42
Macao,MAC,1933,21719.15
Macao,MAC,1934,22114.812
Macao,MAC,1935,22510.842
Macao,MAC,1936,22907.193
Macao,MAC,1937,23303.826
Macao,MAC,1938,23700.918
Macao,MAC,1939,24098.271
Macao,MAC,1940,24495.85
Macao,MAC,1941,25684.672
Macao,MAC,1942,26905.555
Macao,MAC,1943,28156.928
Macao,MAC,1944,29437.225
Macao,MAC,1945,30441.867
Macao,MAC,1946,31443.205
Macao,MAC,1947,32439.205
Macao,MAC,1948,33427.38
Macao,MAC,1949,34403.316
Macao,MAC,1950,35365.65
Macao,MAC,1951,35805.074
Macao,MAC,1952,35950.418
Macao,MAC,1953,35861.418
Macao,MAC,1954,57973.52
Macao,MAC,1955,57495.523
Macao,MAC,1956,60972.484
Macao,MAC,1957,64513.586
Macao,MAC,1958,64549.883
Macao,MAC,1959,72152.414
Macao,MAC,1960,87425.92
Macao,MAC,1961,106902.69
Macao,MAC,1962,134103.95
Macao,MAC,1963,147182.1
Macao,MAC,1964,171101.83
Macao,MAC,1965,176691.17
Macao,MAC,1966,197194.1
Macao,MAC,1967,214019.06
Macao,MAC,1968,219714.69
Macao,MAC,1969,221374
Macao,MAC,1970,262815.78
Macao,MAC,1971,285576.3
Macao,MAC,1972,287101.5
Macao,MAC,1973,280095.66
Macao,MAC,1974,323897.25
Macao,MAC,1975,352320.47
Macao,MAC,1976,307125.9
Macao,MAC,1977,361342.72
Macao,MAC,1978,467479.03
Macao,MAC,1979,468931.8
Macao,MAC,1980,584365
Macao,MAC,1981,592445.75
Macao,MAC,1982,542945.9
Macao,MAC,1983,744671.1
Macao,MAC,1984,669619.3
Macao,MAC,1985,799298.2
Macao,MAC,1986,947116.2
Macao,MAC,1987,1046830.9
Macao,MAC,1988,1041217.25
Macao,MAC,1989,1109093.1
Macao,MAC,1990,982916.25
Macao,MAC,1991,1052656.2
Macao,MAC,1992,1066490.9
Macao,MAC,1993,1193223.5
Macao,MAC,1994,1273620.1
Macao,MAC,1995,1220597.6
Macao,MAC,1996,1398350.8
Macao,MAC,1997,1468333.4
Macao,MAC,1998,1548198.9
Macao,MAC,1999,1531341.2
Macao,MAC,2000,1635536.1
Macao,MAC,2001,1675939.8
Macao,MAC,2002,1507292.9
Macao,MAC,2003,1543534.1
Macao,MAC,2004,1710191.4
Macao,MAC,2005,1810979.5
Macao,MAC,2006,1591870
Macao,MAC,2007,1500471.8
Macao,MAC,2008,1268185.9
Macao,MAC,2009,2031806.2
Macao,MAC,2010,1374522
Macao,MAC,2011,1436512.1
Macao,MAC,2012,1279419
Macao,MAC,2013,1134467.8
Macao,MAC,2014,1442631.5
Macao,MAC,2015,1932024.5
Macao,MAC,2016,1945374.5
Macao,MAC,2017,2095856.4
Macao,MAC,2018,1405788.2
Macao,MAC,2019,1381621.5
Macao,MAC,2020,1195073.4
Macao,MAC,2021,1190732
Macao,MAC,2022,1204090.5
Macao,MAC,2023,1223717
Madagascar,MDG,1850,14154310
Madagascar,MDG,1851,13761222
Madagascar,MDG,1852,13783180
Madagascar,MDG,1853,14525373
Madagascar,MDG,1854,14146635
Madagascar,MDG,1855,13795220
Madagascar,MDG,1856,13418285
Madagascar,MDG,1857,15262740
Madagascar,MDG,1858,13750974
Madagascar,MDG,1859,14892312
Madagascar,MDG,1860,14191916
Madagascar,MDG,1861,15193902
Madagascar,MDG,1862,15210457
Madagascar,MDG,1863,14265202
Madagascar,MDG,1864,14429910
Madagascar,MDG,1865,15180038
Madagascar,MDG,1866,14509060
Madagascar,MDG,1867,14846948
Madagascar,MDG,1868,14727528
Madagascar,MDG,1869,14716871
Madagascar,MDG,1870,15716032
Madagascar,MDG,1871,17132252
Madagascar,MDG,1872,17328522
Madagascar,MDG,1873,15846766
Madagascar,MDG,1874,16358893
Madagascar,MDG,1875,17881654
Madagascar,MDG,1876,16661773
Madagascar,MDG,1877,16936460
Madagascar,MDG,1878,17348684
Madagascar,MDG,1879,17183236
Madagascar,MDG,1880,17025686
Madagascar,MDG,1881,17821858
Madagascar,MDG,1882,18491352
Madagascar,MDG,1883,17914296
Madagascar,MDG,1884,17978768
Madagascar,MDG,1885,17646626
Madagascar,MDG,1886,18110954
Madagascar,MDG,1887,18130460
Madagascar,MDG,1888,18309448
Madagascar,MDG,1889,18931706
Madagascar,MDG,1890,19998020
Madagascar,MDG,1891,20656438
Madagascar,MDG,1892,20404980
Madagascar,MDG,1893,22676486
Madagascar,MDG,1894,20263654
Madagascar,MDG,1895,22893826
Madagascar,MDG,1896,20122774
Madagascar,MDG,1897,21837128
Madagascar,MDG,1898,21175064
Madagascar,MDG,1899,20265966
Madagascar,MDG,1900,22427410
Madagascar,MDG,1901,23300474
Madagascar,MDG,1902,23203466
Madagascar,MDG,1903,24912076
Madagascar,MDG,1904,25283216
Madagascar,MDG,1905,25125266
Madagascar,MDG,1906,24285428
Madagascar,MDG,1907,25089092
Madagascar,MDG,1908,24234014
Madagascar,MDG,1909,25998962
Madagascar,MDG,1910,25742928
Madagascar,MDG,1911,29697616
Madagascar,MDG,1912,27793506
Madagascar,MDG,1913,28497332
Madagascar,MDG,1914,29895612
Madagascar,MDG,1915,30509260
Madagascar,MDG,1916,30350316
Madagascar,MDG,1917,31013506
Madagascar,MDG,1918,31213058
Madagascar,MDG,1919,32543944
Madagascar,MDG,1920,33684756
Madagascar,MDG,1921,36058584
Madagascar,MDG,1922,36976284
Madagascar,MDG,1923,40580260
Madagascar,MDG,1924,40009720
Madagascar,MDG,1925,40508224
Madagascar,MDG,1926,40038720
Madagascar,MDG,1927,39714776
Madagascar,MDG,1928,42107960
Madagascar,MDG,1929,40790980
Madagascar,MDG,1930,47872080
Madagascar,MDG,1931,55052044
Madagascar,MDG,1932,57530540
Madagascar,MDG,1933,60894724
Madagascar,MDG,1934,59417596
Madagascar,MDG,1935,58835550
Madagascar,MDG,1936,61620500
Madagascar,MDG,1937,63595860
Madagascar,MDG,1938,61483836
Madagascar,MDG,1939,63039810
Madagascar,MDG,1940,96194936
Madagascar,MDG,1941,120774750
Madagascar,MDG,1942,130046856
Madagascar,MDG,1943,137168820
Madagascar,MDG,1944,134170960
Madagascar,MDG,1945,142335140
Madagascar,MDG,1946,142070350
Madagascar,MDG,1947,140630960
Madagascar,MDG,1948,143527650
Madagascar,MDG,1949,146063740
Madagascar,MDG,1950,122077130
Madagascar,MDG,1951,111445224
Madagascar,MDG,1952,103015220
Madagascar,MDG,1953,98313860
Madagascar,MDG,1954,101386376
Madagascar,MDG,1955,103479880
Madagascar,MDG,1956,105529690
Madagascar,MDG,1957,109115944
Madagascar,MDG,1958,113006410
Madagascar,MDG,1959,114178776
Madagascar,MDG,1960,116963704
Madagascar,MDG,1961,87784630
Madagascar,MDG,1962,70024140
Madagascar,MDG,1963,64481572
Madagascar,MDG,1964,62535050
Madagascar,MDG,1965,63381610
Madagascar,MDG,1966,62031096
Madagascar,MDG,1967,62047052
Madagascar,MDG,1968,61632656
Madagascar,MDG,1969,58787932
Madagascar,MDG,1970,56690616
Madagascar,MDG,1971,55992756
Madagascar,MDG,1972,57490244
Madagascar,MDG,1973,62286330
Madagascar,MDG,1974,92087976
Madagascar,MDG,1975,103807910
Madagascar,MDG,1976,95796160
Madagascar,MDG,1977,104112616
Madagascar,MDG,1978,89647630
Madagascar,MDG,1979,80102770
Madagascar,MDG,1980,73352080
Madagascar,MDG,1981,69493200
Madagascar,MDG,1982,70787090
Madagascar,MDG,1983,66900310
Madagascar,MDG,1984,66856680
Madagascar,MDG,1985,62506416
Madagascar,MDG,1986,61176104
Madagascar,MDG,1987,63109064
Madagascar,MDG,1988,60269784
Madagascar,MDG,1989,63154508
Madagascar,MDG,1990,63675236
Madagascar,MDG,1991,66458504
Madagascar,MDG,1992,77330120
Madagascar,MDG,1993,76857384
Madagascar,MDG,1994,88439600
Madagascar,MDG,1995,84088580
Madagascar,MDG,1996,105494230
Madagascar,MDG,1997,123462740
Madagascar,MDG,1998,156278690
Madagascar,MDG,1999,146660690
Madagascar,MDG,2000,129014560
Madagascar,MDG,2001,100200590
Madagascar,MDG,2002,88006590
Madagascar,MDG,2003,84510570
Madagascar,MDG,2004,78900216
Madagascar,MDG,2005,77900920
Madagascar,MDG,2006,76113464
Madagascar,MDG,2007,78424690
Madagascar,MDG,2008,74805240
Madagascar,MDG,2009,72601300
Madagascar,MDG,2010,70561700
Madagascar,MDG,2011,66278130
Madagascar,MDG,2012,62334544
Madagascar,MDG,2013,60695110
Madagascar,MDG,2014,57013588
Madagascar,MDG,2015,59014624
Madagascar,MDG,2016,60306268
Madagascar,MDG,2017,59579572
Madagascar,MDG,2018,56140436
Madagascar,MDG,2019,57310660
Madagascar,MDG,2020,56463840
Madagascar,MDG,2021,56742276
Madagascar,MDG,2022,57082964
Madagascar,MDG,2023,57834160
Malawi,MWI,1850,1216188.2
Malawi,MWI,1851,1171759.2
Malawi,MWI,1852,1121543.8
Malawi,MWI,1853,1123899.2
Malawi,MWI,1854,1118487.6
Malawi,MWI,1855,1092703.9
Malawi,MWI,1856,1128630
Malawi,MWI,1857,1091301.4
Malawi,MWI,1858,1080515.2
Malawi,MWI,1859,1080222.4
Malawi,MWI,1860,1067170.4
Malawi,MWI,1861,1082560.1
Malawi,MWI,1862,1266501.6
Malawi,MWI,1863,1129785.6
Malawi,MWI,1864,1116801.1
Malawi,MWI,1865,1106585.5
Malawi,MWI,1866,1112077
Malawi,MWI,1867,1090356.4
Malawi,MWI,1868,1107572.2
Malawi,MWI,1869,1121675.5
Malawi,MWI,1870,1120991.8
Malawi,MWI,1871,1123987.5
Malawi,MWI,1872,1148970.8
Malawi,MWI,1873,1169483.1
Malawi,MWI,1874,1177468
Malawi,MWI,1875,1203954.9
Malawi,MWI,1876,1194436.9
Malawi,MWI,1877,1206937.9
Malawi,MWI,1878,1189690.4
Malawi,MWI,1879,1196037.4
Malawi,MWI,1880,1210255.4
Malawi,MWI,1881,1239323.4
Malawi,MWI,1882,1288640.9
Malawi,MWI,1883,1291426.5
Malawi,MWI,1884,1279817.8
Malawi,MWI,1885,1285118.5
Malawi,MWI,1886,1352217
Malawi,MWI,1887,1358849.6
Malawi,MWI,1888,1345563
Malawi,MWI,1889,1348579.9
Malawi,MWI,1890,1338392.6
Malawi,MWI,1891,1397251.8
Malawi,MWI,1892,1544881
Malawi,MWI,1893,1446849.1
Malawi,MWI,1894,1429948.4
Malawi,MWI,1895,1458116.2
Malawi,MWI,1896,1515514.2
Malawi,MWI,1897,1503655.6
Malawi,MWI,1898,1487796.6
Malawi,MWI,1899,1582730.6
Malawi,MWI,1900,1592929.2
Malawi,MWI,1901,1645059.5
Malawi,MWI,1902,1667564.4
Malawi,MWI,1903,1713400.4
Malawi,MWI,1904,1949257.2
Malawi,MWI,1905,1855027.5
Malawi,MWI,1906,1831914.4
Malawi,MWI,1907,1910379
Malawi,MWI,1908,1926547.2
Malawi,MWI,1909,1931700
Malawi,MWI,1910,2155681.8
Malawi,MWI,1911,2275168.8
Malawi,MWI,1912,2411342
Malawi,MWI,1913,2476669
Malawi,MWI,1914,2603615.2
Malawi,MWI,1915,2649284.5
Malawi,MWI,1916,2864639.2
Malawi,MWI,1917,3101973.2
Malawi,MWI,1918,3099190.5
Malawi,MWI,1919,3068679
Malawi,MWI,1920,3362069
Malawi,MWI,1921,3628042
Malawi,MWI,1922,3808012.5
Malawi,MWI,1923,4121030
Malawi,MWI,1924,4132106.8
Malawi,MWI,1925,4573061.5
Malawi,MWI,1926,4818034.5
Malawi,MWI,1927,4752528.5
Malawi,MWI,1928,4640524.5
Malawi,MWI,1929,4942356.5
Malawi,MWI,1930,5502022
Malawi,MWI,1931,6368241
Malawi,MWI,1932,6896712.5
Malawi,MWI,1933,7162556.5
Malawi,MWI,1934,7145093.5
Malawi,MWI,1935,7698585
Malawi,MWI,1936,7910605.5
Malawi,MWI,1937,7784148.5
Malawi,MWI,1938,8366046
Malawi,MWI,1939,8268875.5
Malawi,MWI,1940,11078215
Malawi,MWI,1941,14131316
Malawi,MWI,1942,15660514
Malawi,MWI,1943,16464851
Malawi,MWI,1944,17642786
Malawi,MWI,1945,17858256
Malawi,MWI,1946,19111728
Malawi,MWI,1947,19254406
Malawi,MWI,1948,20294776
Malawi,MWI,1949,19051888
Malawi,MWI,1950,24172058
Malawi,MWI,1951,20607574
Malawi,MWI,1952,18337484
Malawi,MWI,1953,16906084
Malawi,MWI,1954,16028043
Malawi,MWI,1955,16388864
Malawi,MWI,1956,16595573
Malawi,MWI,1957,15919968
Malawi,MWI,1958,15643452
Malawi,MWI,1959,15106511
Malawi,MWI,1960,17321866
Malawi,MWI,1961,20969546
Malawi,MWI,1962,21743454
Malawi,MWI,1963,22228492
Malawi,MWI,1964,29310912
Malawi,MWI,1965,29272214
Malawi,MWI,1966,23032728
Malawi,MWI,1967,23518268
Malawi,MWI,1968,21549916
Malawi,MWI,1969,17816148
Malawi,MWI,1970,22372200
Malawi,MWI,1971,21624528
Malawi,MWI,1972,20347712
Malawi,MWI,1973,16925172
Malawi,MWI,1974,14387166
Malawi,MWI,1975,12293650
Malawi,MWI,1976,12460255
Malawi,MWI,1977,12932155
Malawi,MWI,1978,11953476
Malawi,MWI,1979,8939154
Malawi,MWI,1980,12475688
Malawi,MWI,1981,14104952
Malawi,MWI,1982,11213461
Malawi,MWI,1983,11306086
Malawi,MWI,1984,11644177
Malawi,MWI,1985,15015384
Malawi,MWI,1986,13920066
Malawi,MWI,1987,13878848
Malawi,MWI,1988,14900194
Malawi,MWI,1989,16643315
Malawi,MWI,1990,18428660
Malawi,MWI,1991,15950076
Malawi,MWI,1992,13227304
Malawi,MWI,1993,10491811
Malawi,MWI,1994,17120718
Malawi,MWI,1995,18866276
Malawi,MWI,1996,19297844
Malawi,MWI,1997,24038820
Malawi,MWI,1998,25780996
Malawi,MWI,1999,24670038
Malawi,MWI,2000,24540990
Malawi,MWI,2001,22507002
Malawi,MWI,2002,25073050
Malawi,MWI,2003,23955110
Malawi,MWI,2004,28467840
Malawi,MWI,2005,27469248
Malawi,MWI,2006,25688212
Malawi,MWI,2007,27900184
Malawi,MWI,2008,27967678
Malawi,MWI,2009,24020032
Malawi,MWI,2010,23831154
Malawi,MWI,2011,22566726
Malawi,MWI,2012,22834394
Malawi,MWI,2013,24278774
Malawi,MWI,2014,24351332
Malawi,MWI,2015,24350984
Malawi,MWI,2016,23819862
Malawi,MWI,2017,24101804
Malawi,MWI,2018,25794058
Malawi,MWI,2019,27211740
Malawi,MWI,2020,27365760
Malawi,MWI,2021,27582610
Malawi,MWI,2022,29112702
Malawi,MWI,2023,29711926
Malaysia,MYS,1850,14452171
Malaysia,MYS,1851,-4974662.5
Malaysia,MYS,1852,18225956
Malaysia,MYS,1853,30903710
Malaysia,MYS,1854,13718640
Malaysia,MYS,1855,24421952
Malaysia,MYS,1856,11418347
Malaysia,MYS,1857,31138278
Malaysia,MYS,1858,-4349311.5
Malaysia,MYS,1859,8286063.5
Malaysia,MYS,1860,26586628
Malaysia,MYS,1861,14585115
Malaysia,MYS,1862,33081644
Malaysia,MYS,1863,26389984
Malaysia,MYS,1864,17458738
Malaysia,MYS,1865,18237536
Malaysia,MYS,1866,8457038
Malaysia,MYS,1867,20737866
Malaysia,MYS,1868,16489497
Malaysia,MYS,1869,18028846
Malaysia,MYS,1870,1095463
Malaysia,MYS,1871,30858822
Malaysia,MYS,1872,30949156
Malaysia,MYS,1873,1935372.8
Malaysia,MYS,1874,17145866
Malaysia,MYS,1875,32129554
Malaysia,MYS,1876,55919344
Malaysia,MYS,1877,-1116444.2
Malaysia,MYS,1878,4455481
Malaysia,MYS,1879,24912748
Malaysia,MYS,1880,15041744
Malaysia,MYS,1881,36708860
Malaysia,MYS,1882,56823776
Malaysia,MYS,1883,45151360
Malaysia,MYS,1884,36561268
Malaysia,MYS,1885,35108356
Malaysia,MYS,1886,31141664
Malaysia,MYS,1887,23594018
Malaysia,MYS,1888,22957896
Malaysia,MYS,1889,40733816
Malaysia,MYS,1890,37044424
Malaysia,MYS,1891,45826650
Malaysia,MYS,1892,31790444
Malaysia,MYS,1893,20703872
Malaysia,MYS,1894,24055264
Malaysia,MYS,1895,14926357
Malaysia,MYS,1896,28506478
Malaysia,MYS,1897,40879264
Malaysia,MYS,1898,15040450
Malaysia,MYS,1899,30557586
Malaysia,MYS,1900,29327316
Malaysia,MYS,1901,24546682
Malaysia,MYS,1902,37752844
Malaysia,MYS,1903,26847310
Malaysia,MYS,1904,16617459
Malaysia,MYS,1905,40793980
Malaysia,MYS,1906,50758544
Malaysia,MYS,1907,49632044
Malaysia,MYS,1908,48556264
Malaysia,MYS,1909,44741308
Malaysia,MYS,1910,27240288
Malaysia,MYS,1911,77855780
Malaysia,MYS,1912,72323500
Malaysia,MYS,1913,58977516
Malaysia,MYS,1914,70865850
Malaysia,MYS,1915,66235492
Malaysia,MYS,1916,60486970
Malaysia,MYS,1917,85098540
Malaysia,MYS,1918,92390936
Malaysia,MYS,1919,61884732
Malaysia,MYS,1920,62166490
Malaysia,MYS,1921,52516028
Malaysia,MYS,1922,26205494
Malaysia,MYS,1923,49399188
Malaysia,MYS,1924,33803416
Malaysia,MYS,1925,35574850
Malaysia,MYS,1926,23214840
Malaysia,MYS,1927,15882959
Malaysia,MYS,1928,26008662
Malaysia,MYS,1929,38383320
Malaysia,MYS,1930,62870692
Malaysia,MYS,1931,51505380
Malaysia,MYS,1932,41864904
Malaysia,MYS,1933,58336744
Malaysia,MYS,1934,64071760
Malaysia,MYS,1935,54591916
Malaysia,MYS,1936,31252212
Malaysia,MYS,1937,66650084
Malaysia,MYS,1938,67571530
Malaysia,MYS,1939,54378412
Malaysia,MYS,1940,70628520
Malaysia,MYS,1941,81477710
Malaysia,MYS,1942,90781580
Malaysia,MYS,1943,72147496
Malaysia,MYS,1944,78035020
Malaysia,MYS,1945,77767416
Malaysia,MYS,1946,73204090
Malaysia,MYS,1947,83451960
Malaysia,MYS,1948,77697144
Malaysia,MYS,1949,79593810
Malaysia,MYS,1950,57111400
Malaysia,MYS,1951,53299944
Malaysia,MYS,1952,53164948
Malaysia,MYS,1953,50066260
Malaysia,MYS,1954,52313516
Malaysia,MYS,1955,49920444
Malaysia,MYS,1956,47721724
Malaysia,MYS,1957,41497736
Malaysia,MYS,1958,43504810
Malaysia,MYS,1959,37330348
Malaysia,MYS,1960,38795692
Malaysia,MYS,1961,57233624
Malaysia,MYS,1962,87412680
Malaysia,MYS,1963,84491250
Malaysia,MYS,1964,114750710
Malaysia,MYS,1965,77617890
Malaysia,MYS,1966,93919080
Malaysia,MYS,1967,122552240
Malaysia,MYS,1968,108037560
Malaysia,MYS,1969,133467280
Malaysia,MYS,1970,119363416
Malaysia,MYS,1971,142753100
Malaysia,MYS,1972,135934800
Malaysia,MYS,1973,122953864
Malaysia,MYS,1974,143008260
Malaysia,MYS,1975,151108670
Malaysia,MYS,1976,179076670
Malaysia,MYS,1977,180842180
Malaysia,MYS,1978,179438180
Malaysia,MYS,1979,171588590
Malaysia,MYS,1980,180374750
Malaysia,MYS,1981,167185440
Malaysia,MYS,1982,179970740
Malaysia,MYS,1983,162610350
Malaysia,MYS,1984,211994750
Malaysia,MYS,1985,279980260
Malaysia,MYS,1986,355054880
Malaysia,MYS,1987,352390200
Malaysia,MYS,1988,376068060
Malaysia,MYS,1989,289921570
Malaysia,MYS,1990,251727040
Malaysia,MYS,1991,235772260
Malaysia,MYS,1992,253293020
Malaysia,MYS,1993,277715940
Malaysia,MYS,1994,260021280
Malaysia,MYS,1995,259387460
Malaysia,MYS,1996,259979220
Malaysia,MYS,1997,262315800
Malaysia,MYS,1998,273402500
Malaysia,MYS,1999,254127680
Malaysia,MYS,2000,237723330
Malaysia,MYS,2001,273839000
Malaysia,MYS,2002,274638200
Malaysia,MYS,2003,304425440
Malaysia,MYS,2004,306924670
Malaysia,MYS,2005,305244300
Malaysia,MYS,2006,315540670
Malaysia,MYS,2007,333424160
Malaysia,MYS,2008,358693540
Malaysia,MYS,2009,384262340
Malaysia,MYS,2010,409808580
Malaysia,MYS,2011,451690750
Malaysia,MYS,2012,456747260
Malaysia,MYS,2013,473273600
Malaysia,MYS,2014,572301440
Malaysia,MYS,2015,469119460
Malaysia,MYS,2016,435535700
Malaysia,MYS,2017,411639360
Malaysia,MYS,2018,412980540
Malaysia,MYS,2019,412758660
Malaysia,MYS,2020,391517020
Malaysia,MYS,2021,399102560
Malaysia,MYS,2022,414271940
Malaysia,MYS,2023,415634240
Maldives,MDV,1850,2222.089
Maldives,MDV,1851,2235.622
Maldives,MDV,1852,2249.1235
Maldives,MDV,1853,2262.5613
Maldives,MDV,1854,2275.9038
Maldives,MDV,1855,2289.1196
Maldives,MDV,1856,2302.177
Maldives,MDV,1857,2315.044
Maldives,MDV,1858,2327.6895
Maldives,MDV,1859,2340.081
Maldives,MDV,1860,2315.548
Maldives,MDV,1861,2340.3064
Maldives,MDV,1862,2365.044
Maldives,MDV,1863,2389.7744
Maldives,MDV,1864,2414.512
Maldives,MDV,1865,2439.2708
Maldives,MDV,1866,2464.0642
Maldives,MDV,1867,2488.907
Maldives,MDV,1868,2513.8127
Maldives,MDV,1869,2538.7957
Maldives,MDV,1870,2527.23
Maldives,MDV,1871,2556.614
Maldives,MDV,1872,2588.8845
Maldives,MDV,1873,2623.3928
Maldives,MDV,1874,2659.4783
Maldives,MDV,1875,2696.4807
Maldives,MDV,1876,2733.7397
Maldives,MDV,1877,2770.595
Maldives,MDV,1878,2806.3867
Maldives,MDV,1879,2840.4546
Maldives,MDV,1880,2908.7786
Maldives,MDV,1881,2939.7227
Maldives,MDV,1882,2972.9155
Maldives,MDV,1883,3005.9321
Maldives,MDV,1884,3038.848
Maldives,MDV,1885,3071.738
Maldives,MDV,1886,3104.6772
Maldives,MDV,1887,3137.7417
Maldives,MDV,1888,3171.0063
Maldives,MDV,1889,3204.5479
Maldives,MDV,1890,3275.5361
Maldives,MDV,1891,3310.2764
Maldives,MDV,1892,3345.054
Maldives,MDV,1893,3379.884
Maldives,MDV,1894,3414.79
Maldives,MDV,1895,3449.7932
Maldives,MDV,1896,3485.2007
Maldives,MDV,1897,3520.7568
Maldives,MDV,1898,3556.4844
Maldives,MDV,1899,3592.4055
Maldives,MDV,1900,3591.903
Maldives,MDV,1901,3619.6216
Maldives,MDV,1902,3649.8538
Maldives,MDV,1903,3680.8777
Maldives,MDV,1904,3712.5886
Maldives,MDV,1905,3744.881
Maldives,MDV,1906,3777.6501
Maldives,MDV,1907,3810.7903
Maldives,MDV,1908,3844.1968
Maldives,MDV,1909,3877.7644
Maldives,MDV,1910,3911.3875
Maldives,MDV,1911,4011.1206
Maldives,MDV,1912,4111.129
Maldives,MDV,1913,4211.433
Maldives,MDV,1914,4312.04
Maldives,MDV,1915,4412.958
Maldives,MDV,1916,4514.194
Maldives,MDV,1917,4615.7544
Maldives,MDV,1918,4717.6475
Maldives,MDV,1919,4819.8813
Maldives,MDV,1920,4885.8223
Maldives,MDV,1921,5019.599
Maldives,MDV,1922,5149.5103
Maldives,MDV,1923,5281.838
Maldives,MDV,1924,5414.458
Maldives,MDV,1925,5547.3276
Maldives,MDV,1926,5674.3457
Maldives,MDV,1927,5807.4155
Maldives,MDV,1928,5940.606
Maldives,MDV,1929,6067.3057
Maldives,MDV,1930,6200.4385
Maldives,MDV,1931,6379.64
Maldives,MDV,1932,6547.5996
Maldives,MDV,1933,6717.5625
Maldives,MDV,1934,6887.6284
Maldives,MDV,1935,7057.9688
Maldives,MDV,1936,7228.7544
Maldives,MDV,1937,7400.1567
Maldives,MDV,1938,7572.348
Maldives,MDV,1939,7745.499
Maldives,MDV,1940,8029.701
Maldives,MDV,1941,8281.348
Maldives,MDV,1942,8583.562
Maldives,MDV,1943,8934.902
Maldives,MDV,1944,9222.886
Maldives,MDV,1945,9568.884
Maldives,MDV,1946,9854.47
Maldives,MDV,1947,10177.165
Maldives,MDV,1948,10424.732
Maldives,MDV,1949,10704.607
Maldives,MDV,1950,10950.504
Maldives,MDV,1951,11117.975
Maldives,MDV,1952,11342.157
Maldives,MDV,1953,11608.479
Maldives,MDV,1954,11943.001
Maldives,MDV,1955,12263.909
Maldives,MDV,1956,12603.879
Maldives,MDV,1957,12961.107
Maldives,MDV,1958,13336.991
Maldives,MDV,1959,13735.912
Maldives,MDV,1960,14088.785
Maldives,MDV,1961,14545.925
Maldives,MDV,1962,16353.188
Maldives,MDV,1963,15569.918
Maldives,MDV,1964,16083.94
Maldives,MDV,1965,16594.395
Maldives,MDV,1966,17091.07
Maldives,MDV,1967,17581.412
Maldives,MDV,1968,18051.844
Maldives,MDV,1969,18624.021
Maldives,MDV,1970,21156.232
Maldives,MDV,1971,26242.094
Maldives,MDV,1972,27520.018
Maldives,MDV,1973,29379.121
Maldives,MDV,1974,30972.041
Maldives,MDV,1975,36373.2
Maldives,MDV,1976,41564.492
Maldives,MDV,1977,46799.082
Maldives,MDV,1978,55793.8
Maldives,MDV,1979,64777.645
Maldives,MDV,1980,81338.47
Maldives,MDV,1981,87105.82
Maldives,MDV,1982,89075.02
Maldives,MDV,1983,95188.33
Maldives,MDV,1984,105837.46
Maldives,MDV,1985,115849.78
Maldives,MDV,1986,132247.8
Maldives,MDV,1987,134081.28
Maldives,MDV,1988,151146.81
Maldives,MDV,1989,181528.92
Maldives,MDV,1990,230692.44
Maldives,MDV,1991,214300.94
Maldives,MDV,1992,293238.62
Maldives,MDV,1993,262210.53
Maldives,MDV,1994,266812.62
Maldives,MDV,1995,322052.34
Maldives,MDV,1996,365328.38
Maldives,MDV,1997,407610.4
Maldives,MDV,1998,381883
Maldives,MDV,1999,505002.25
Maldives,MDV,2000,548553.1
Maldives,MDV,2001,557481
Maldives,MDV,2002,697802.25
Maldives,MDV,2003,611988.8
Maldives,MDV,2004,783292.5
Maldives,MDV,2005,718725.56
Maldives,MDV,2006,872931.4
Maldives,MDV,2007,916707
Maldives,MDV,2008,986284.2
Maldives,MDV,2009,1032143.44
Maldives,MDV,2010,1091822.4
Maldives,MDV,2011,1148724
Maldives,MDV,2012,1289420.5
Maldives,MDV,2013,1278367.9
Maldives,MDV,2014,1521145.4
Maldives,MDV,2015,1475767.1
Maldives,MDV,2016,1642463.1
Maldives,MDV,2017,1726670.5
Maldives,MDV,2018,1964459.1
Maldives,MDV,2019,2230992.5
Maldives,MDV,2020,1909424.2
Maldives,MDV,2021,2209714
Maldives,MDV,2022,2263389.8
Maldives,MDV,2023,2310398.5
Mali,MLI,1850,3645832
Mali,MLI,1851,3740038
Mali,MLI,1852,3782764.8
Mali,MLI,1853,3804967.5
Mali,MLI,1854,3817319.5
Mali,MLI,1855,3825164.8
Mali,MLI,1856,3828405
Mali,MLI,1857,3830193.8
Mali,MLI,1858,3830726.2
Mali,MLI,1859,3829630.2
Mali,MLI,1860,3609477.5
Mali,MLI,1861,3531883.5
Mali,MLI,1862,3494261
Mali,MLI,1863,3474027.2
Mali,MLI,1864,3463444.2
Mali,MLI,1865,3458880.8
Mali,MLI,1866,3458329.2
Mali,MLI,1867,3460515
Mali,MLI,1868,3464868.5
Mali,MLI,1869,3470830
Mali,MLI,1870,3501727.8
Mali,MLI,1871,3525880.8
Mali,MLI,1872,3551429.2
Mali,MLI,1873,3580487
Mali,MLI,1874,3613344.5
Mali,MLI,1875,3648689.5
Mali,MLI,1876,3684805.8
Mali,MLI,1877,3720042.8
Mali,MLI,1878,3752556.5
Mali,MLI,1879,3780522
Mali,MLI,1880,3806941.2
Mali,MLI,1881,3834135.8
Mali,MLI,1882,3854505
Mali,MLI,1883,3870732.2
Mali,MLI,1884,3885518.8
Mali,MLI,1885,3900210
Mali,MLI,1886,3913825.5
Mali,MLI,1887,3927985.5
Mali,MLI,1888,3942552.2
Mali,MLI,1889,3957753.8
Mali,MLI,1890,4027233.8
Mali,MLI,1891,4058886
Mali,MLI,1892,4079589.2
Mali,MLI,1893,4095928.2
Mali,MLI,1894,4111537.5
Mali,MLI,1895,4127277.5
Mali,MLI,1896,4144813.2
Mali,MLI,1897,4164712
Mali,MLI,1898,4186852.8
Mali,MLI,1899,4211665
Mali,MLI,1900,4279524
Mali,MLI,1901,4367108.5
Mali,MLI,1902,4437437
Mali,MLI,1903,4498172
Mali,MLI,1904,4570332
Mali,MLI,1905,4642993.5
Mali,MLI,1906,4718909.5
Mali,MLI,1907,4819950.5
Mali,MLI,1908,4887698.5
Mali,MLI,1909,4962325
Mali,MLI,1910,5158216.5
Mali,MLI,1911,5300096
Mali,MLI,1912,5409943
Mali,MLI,1913,5517579
Mali,MLI,1914,5637456.5
Mali,MLI,1915,5762894
Mali,MLI,1916,5898456
Mali,MLI,1917,6013116.5
Mali,MLI,1918,6126585
Mali,MLI,1919,6222112.5
Mali,MLI,1920,6441144.5
Mali,MLI,1921,6626268
Mali,MLI,1922,6758749.5
Mali,MLI,1923,6890982.5
Mali,MLI,1924,6978373.5
Mali,MLI,1925,7119398
Mali,MLI,1926,7241847
Mali,MLI,1927,7337747
Mali,MLI,1928,7442445.5
Mali,MLI,1929,7546643
Mali,MLI,1930,7918963.5
Mali,MLI,1931,8098835
Mali,MLI,1932,8163860
Mali,MLI,1933,8160811.5
Mali,MLI,1934,8165846
Mali,MLI,1935,8073868
Mali,MLI,1936,8087887.5
Mali,MLI,1937,8163855
Mali,MLI,1938,8155436
Mali,MLI,1939,8197576.5
Mali,MLI,1940,9488013
Mali,MLI,1941,10349541
Mali,MLI,1942,10978688
Mali,MLI,1943,11529367
Mali,MLI,1944,12273990
Mali,MLI,1945,12852803
Mali,MLI,1946,13541526
Mali,MLI,1947,14138320
Mali,MLI,1948,14611709
Mali,MLI,1949,14453379
Mali,MLI,1950,14581835
Mali,MLI,1951,17059172
Mali,MLI,1952,16248168
Mali,MLI,1953,16238521
Mali,MLI,1954,16337437
Mali,MLI,1955,16373914
Mali,MLI,1956,16472394
Mali,MLI,1957,16411351
Mali,MLI,1958,16549792
Mali,MLI,1959,16846518
Mali,MLI,1960,18303668
Mali,MLI,1961,18368002
Mali,MLI,1962,17931564
Mali,MLI,1963,17540750
Mali,MLI,1964,17906992
Mali,MLI,1965,18304172
Mali,MLI,1966,18385150
Mali,MLI,1967,18372918
Mali,MLI,1968,18033914
Mali,MLI,1969,20257676
Mali,MLI,1970,19574402
Mali,MLI,1971,19339346
Mali,MLI,1972,17681186
Mali,MLI,1973,19028242
Mali,MLI,1974,18086520
Mali,MLI,1975,24878416
Mali,MLI,1976,21617826
Mali,MLI,1977,21095914
Mali,MLI,1978,19537836
Mali,MLI,1979,20051204
Mali,MLI,1980,22210656
Mali,MLI,1981,21417844
Mali,MLI,1982,22615628
Mali,MLI,1983,20344098
Mali,MLI,1984,19743142
Mali,MLI,1985,17851282
Mali,MLI,1986,17996114
Mali,MLI,1987,19225540
Mali,MLI,1988,19554560
Mali,MLI,1989,20664492
Mali,MLI,1990,22113706
Mali,MLI,1991,27682578
Mali,MLI,1992,57728636
Mali,MLI,1993,48233200
Mali,MLI,1994,49585628
Mali,MLI,1995,81840900
Mali,MLI,1996,58015440
Mali,MLI,1997,47302810
Mali,MLI,1998,39987736
Mali,MLI,1999,36473310
Mali,MLI,2000,37928264
Mali,MLI,2001,50348510
Mali,MLI,2002,72972820
Mali,MLI,2003,44703090
Mali,MLI,2004,59246064
Mali,MLI,2005,46759560
Mali,MLI,2006,43243876
Mali,MLI,2007,49216196
Mali,MLI,2008,50427530
Mali,MLI,2009,47989816
Mali,MLI,2010,49978310
Mali,MLI,2011,50103280
Mali,MLI,2012,51087096
Mali,MLI,2013,51880130
Mali,MLI,2014,52820684
Mali,MLI,2015,54532970
Mali,MLI,2016,58074796
Mali,MLI,2017,58881776
Mali,MLI,2018,60127804
Mali,MLI,2019,61377428
Mali,MLI,2020,64378856
Mali,MLI,2021,65541210
Mali,MLI,2022,67272260
Mali,MLI,2023,67966280
Malta,MLT,1850,49547.844
Malta,MLT,1851,47546.32
Malta,MLT,1852,45515.97
Malta,MLT,1853,44308.047
Malta,MLT,1854,43289.87
Malta,MLT,1855,42405.85
Malta,MLT,1856,41637.04
Malta,MLT,1857,40973.645
Malta,MLT,1858,40387.56
Malta,MLT,1859,39859.83
Malta,MLT,1860,39344.027
Malta,MLT,1861,38911.734
Malta,MLT,1862,38539.18
Malta,MLT,1863,38183.855
Malta,MLT,1864,37882.656
Malta,MLT,1865,37608.35
Malta,MLT,1866,37361.203
Malta,MLT,1867,37122.664
Malta,MLT,1868,36920.96
Malta,MLT,1869,36738.02
Malta,MLT,1870,36574.113
Malta,MLT,1871,36474.793
Malta,MLT,1872,36438.473
Malta,MLT,1873,36453.645
Malta,MLT,1874,36507.523
Malta,MLT,1875,36587.32
Malta,MLT,1876,36689.41
Malta,MLT,1877,36802.41
Malta,MLT,1878,36893.668
Malta,MLT,1879,36968.707
Malta,MLT,1880,37014.734
Malta,MLT,1881,37043.203
Malta,MLT,1882,37111.516
Malta,MLT,1883,37192.67
Malta,MLT,1884,37278.867
Malta,MLT,1885,37380.637
Malta,MLT,1886,37535.99
Malta,MLT,1887,37691.465
Malta,MLT,1888,37848.234
Malta,MLT,1889,37971.016
Malta,MLT,1890,37683.32
Malta,MLT,1891,37974.727
Malta,MLT,1892,38293.25
Malta,MLT,1893,38645
Malta,MLT,1894,39091.043
Malta,MLT,1895,39637.48
Malta,MLT,1896,40327.062
Malta,MLT,1897,41142.266
Malta,MLT,1898,42021.242
Malta,MLT,1899,42905.98
Malta,MLT,1900,43912.508
Malta,MLT,1901,44771.527
Malta,MLT,1902,45504.305
Malta,MLT,1903,46092.547
Malta,MLT,1904,46572.4
Malta,MLT,1905,46989.176
Malta,MLT,1906,47342.387
Malta,MLT,1907,47602.832
Malta,MLT,1908,47633.836
Malta,MLT,1909,47315.832
Malta,MLT,1910,46071.246
Malta,MLT,1911,44791.496
Malta,MLT,1912,44263.195
Malta,MLT,1913,43795.566
Malta,MLT,1914,43433.508
Malta,MLT,1915,43039.938
Malta,MLT,1916,42631.07
Malta,MLT,1917,42249.785
Malta,MLT,1918,41851.156
Malta,MLT,1919,41455.836
Malta,MLT,1920,41073.05
Malta,MLT,1921,40747.676
Malta,MLT,1922,40431.312
Malta,MLT,1923,40173.855
Malta,MLT,1924,39916.848
Malta,MLT,1925,39711.76
Malta,MLT,1926,39509.305
Malta,MLT,1927,39333.45
Malta,MLT,1928,39232.016
Malta,MLT,1929,39135.668
Malta,MLT,1930,38634.11
Malta,MLT,1931,38189.25
Malta,MLT,1932,37812.68
Malta,MLT,1933,37526.77
Malta,MLT,1934,37290.715
Malta,MLT,1935,37091.184
Malta,MLT,1936,37160.86
Malta,MLT,1937,37242.816
Malta,MLT,1938,37362.176
Malta,MLT,1939,37440.26
Malta,MLT,1940,37036.035
Malta,MLT,1941,37641.33
Malta,MLT,1942,38814.5
Malta,MLT,1943,40431.27
Malta,MLT,1944,42431.44
Malta,MLT,1945,44882.066
Malta,MLT,1946,47452.605
Malta,MLT,1947,49927.88
Malta,MLT,1948,52420.723
Malta,MLT,1949,54479.93
Malta,MLT,1950,301678.78
Malta,MLT,1951,312567.06
Malta,MLT,1952,297693.44
Malta,MLT,1953,286579.44
Malta,MLT,1954,363548.94
Malta,MLT,1955,396790.75
Malta,MLT,1956,354790.25
Malta,MLT,1957,367819.97
Malta,MLT,1958,386258.84
Malta,MLT,1959,445230.34
Malta,MLT,1960,398858.72
Malta,MLT,1961,350818.5
Malta,MLT,1962,379637.47
Malta,MLT,1963,449804.72
Malta,MLT,1964,532867.56
Malta,MLT,1965,503909
Malta,MLT,1966,452700.44
Malta,MLT,1967,563399.4
Malta,MLT,1968,686231.9
Malta,MLT,1969,707345.3
Malta,MLT,1970,718400.3
Malta,MLT,1971,720289.75
Malta,MLT,1972,900474.06
Malta,MLT,1973,869616.4
Malta,MLT,1974,801202.7
Malta,MLT,1975,726205.9
Malta,MLT,1976,853767.5
Malta,MLT,1977,892825.5
Malta,MLT,1978,1021513.44
Malta,MLT,1979,981720.06
Malta,MLT,1980,1096414.9
Malta,MLT,1981,1211573.1
Malta,MLT,1982,1387617.8
Malta,MLT,1983,1085868.5
Malta,MLT,1984,1470179.2
Malta,MLT,1985,1309602.9
Malta,MLT,1986,1610531.2
Malta,MLT,1987,1987409
Malta,MLT,1988,2150400.5
Malta,MLT,1989,2314612.2
Malta,MLT,1990,2577914.8
Malta,MLT,1991,2427370.2
Malta,MLT,1992,2462782
Malta,MLT,1993,3063495.2
Malta,MLT,1994,2822349.5
Malta,MLT,1995,2611879.2
Malta,MLT,1996,2678968.8
Malta,MLT,1997,2702194
Malta,MLT,1998,2664178
Malta,MLT,1999,2718056
Malta,MLT,2000,2632435.8
Malta,MLT,2001,2941743.5
Malta,MLT,2002,2956828.8
Malta,MLT,2003,3155793.8
Malta,MLT,2004,3026625
Malta,MLT,2005,2846239.8
Malta,MLT,2006,2867082.5
Malta,MLT,2007,2947190.2
Malta,MLT,2008,2982684.5
Malta,MLT,2009,2857496.8
Malta,MLT,2010,2916986.2
Malta,MLT,2011,2917373.5
Malta,MLT,2012,2971687.2
Malta,MLT,2013,2620256.5
Malta,MLT,2014,2603683.8
Malta,MLT,2015,1892776
Malta,MLT,2016,1571445
Malta,MLT,2017,1733771.4
Malta,MLT,2018,1736777.2
Malta,MLT,2019,1831449.5
Malta,MLT,2020,1775769.9
Malta,MLT,2021,1784992.2
Malta,MLT,2022,1948102.6
Malta,MLT,2023,1995795.8
Mauritania,MRT,1850,1811489.5
Mauritania,MRT,1851,1814505.8
Mauritania,MRT,1852,1817067.9
Mauritania,MRT,1853,1819340
Mauritania,MRT,1854,1821394.4
Mauritania,MRT,1855,1823212.4
Mauritania,MRT,1856,1824802.1
Mauritania,MRT,1857,1826135.6
Mauritania,MRT,1858,1827175.4
Mauritania,MRT,1859,1827893.2
Mauritania,MRT,1860,1828114.5
Mauritania,MRT,1861,1830002.1
Mauritania,MRT,1862,1831850.4
Mauritania,MRT,1863,1850836.8
Mauritania,MRT,1864,1852665.8
Mauritania,MRT,1865,1854518.2
Mauritania,MRT,1866,1856427.4
Mauritania,MRT,1867,1858435.4
Mauritania,MRT,1868,1860557
Mauritania,MRT,1869,1862761.5
Mauritania,MRT,1870,1865805.5
Mauritania,MRT,1871,1870218.9
Mauritania,MRT,1872,1877947.4
Mauritania,MRT,1873,1888238.5
Mauritania,MRT,1874,1900349.5
Mauritania,MRT,1875,1913518.4
Mauritania,MRT,1876,1926974.8
Mauritania,MRT,1877,1939966.2
Mauritania,MRT,1878,1951704
Mauritania,MRT,1879,1961454
Mauritania,MRT,1880,1969572.1
Mauritania,MRT,1881,1974823.6
Mauritania,MRT,1882,1979673.9
Mauritania,MRT,1883,1984194.8
Mauritania,MRT,1884,1988512.6
Mauritania,MRT,1885,1992653
Mauritania,MRT,1886,1996733.1
Mauritania,MRT,1887,2000861.2
Mauritania,MRT,1888,2005127.1
Mauritania,MRT,1889,2009721.1
Mauritania,MRT,1890,2024764.6
Mauritania,MRT,1891,2029099.4
Mauritania,MRT,1892,2033327.9
Mauritania,MRT,1893,2037885.2
Mauritania,MRT,1894,2044818.5
Mauritania,MRT,1895,2050990.2
Mauritania,MRT,1896,2055012.6
Mauritania,MRT,1897,2061002.9
Mauritania,MRT,1898,2071127.5
Mauritania,MRT,1899,2086526.6
Mauritania,MRT,1900,2108395.5
Mauritania,MRT,1901,2112869.8
Mauritania,MRT,1902,2118022.5
Mauritania,MRT,1903,2126570.8
Mauritania,MRT,1904,2138630.2
Mauritania,MRT,1905,2152768.5
Mauritania,MRT,1906,2167333.8
Mauritania,MRT,1907,2182807.8
Mauritania,MRT,1908,2197630.2
Mauritania,MRT,1909,2213904.2
Mauritania,MRT,1910,2231755
Mauritania,MRT,1911,2265201.8
Mauritania,MRT,1912,2299730
Mauritania,MRT,1913,2336733.5
Mauritania,MRT,1914,2375393.8
Mauritania,MRT,1915,2416619.8
Mauritania,MRT,1916,2461091.5
Mauritania,MRT,1917,2504963.8
Mauritania,MRT,1918,2547038.8
Mauritania,MRT,1919,2585523.5
Mauritania,MRT,1920,2637530.8
Mauritania,MRT,1921,2679732.5
Mauritania,MRT,1922,2717659
Mauritania,MRT,1923,2754487.5
Mauritania,MRT,1924,2790517.8
Mauritania,MRT,1925,2827021
Mauritania,MRT,1926,2862950.8
Mauritania,MRT,1927,2895983.5
Mauritania,MRT,1928,2925496.8
Mauritania,MRT,1929,2947586
Mauritania,MRT,1930,2982172.8
Mauritania,MRT,1931,2980219.8
Mauritania,MRT,1932,2957247.2
Mauritania,MRT,1933,2927377.5
Mauritania,MRT,1934,2899984.8
Mauritania,MRT,1935,2866695.2
Mauritania,MRT,1936,2887444.5
Mauritania,MRT,1937,2912081.8
Mauritania,MRT,1938,2938596.8
Mauritania,MRT,1939,2972429.8
Mauritania,MRT,1940,3091829.8
Mauritania,MRT,1941,3128457.5
Mauritania,MRT,1942,3184454.8
Mauritania,MRT,1943,3292474.5
Mauritania,MRT,1944,3488662.8
Mauritania,MRT,1945,3718234.5
Mauritania,MRT,1946,3982306
Mauritania,MRT,1947,4198937
Mauritania,MRT,1948,4421806
Mauritania,MRT,1949,4551583
Mauritania,MRT,1950,4564788
Mauritania,MRT,1951,4590208
Mauritania,MRT,1952,4493571.5
Mauritania,MRT,1953,4353225.5
Mauritania,MRT,1954,4241797.5
Mauritania,MRT,1955,4092119.2
Mauritania,MRT,1956,4055205.8
Mauritania,MRT,1957,3991368.5
Mauritania,MRT,1958,3979703.5
Mauritania,MRT,1959,4202111.5
Mauritania,MRT,1960,4481091.5
Mauritania,MRT,1961,3865510.2
Mauritania,MRT,1962,4209336.5
Mauritania,MRT,1963,4513960
Mauritania,MRT,1964,4820611.5
Mauritania,MRT,1965,5150785
Mauritania,MRT,1966,5428976.5
Mauritania,MRT,1967,5781355.5
Mauritania,MRT,1968,6315356
Mauritania,MRT,1969,5503502
Mauritania,MRT,1970,5413044
Mauritania,MRT,1971,5320220.5
Mauritania,MRT,1972,4851603.5
Mauritania,MRT,1973,4584832.5
Mauritania,MRT,1974,3913365.2
Mauritania,MRT,1975,4216349
Mauritania,MRT,1976,4487018.5
Mauritania,MRT,1977,4709121.5
Mauritania,MRT,1978,4977430.5
Mauritania,MRT,1979,5574848
Mauritania,MRT,1980,6253512
Mauritania,MRT,1981,7021404
Mauritania,MRT,1982,7798467.5
Mauritania,MRT,1983,7428601.5
Mauritania,MRT,1984,7471618
Mauritania,MRT,1985,7788043
Mauritania,MRT,1986,7814805.5
Mauritania,MRT,1987,11031617
Mauritania,MRT,1988,11381085
Mauritania,MRT,1989,11402032
Mauritania,MRT,1990,9953705
Mauritania,MRT,1991,10131118
Mauritania,MRT,1992,10119715
Mauritania,MRT,1993,10402993
Mauritania,MRT,1994,9841852
Mauritania,MRT,1995,9681961
Mauritania,MRT,1996,10042530
Mauritania,MRT,1997,10177876
Mauritania,MRT,1998,10520670
Mauritania,MRT,1999,11088101
Mauritania,MRT,2000,11611958
Mauritania,MRT,2001,11692693
Mauritania,MRT,2002,11480508
Mauritania,MRT,2003,11640934
Mauritania,MRT,2004,11635417
Mauritania,MRT,2005,11845551
Mauritania,MRT,2006,12544085
Mauritania,MRT,2007,12713085
Mauritania,MRT,2008,12341706
Mauritania,MRT,2009,12802780
Mauritania,MRT,2010,13089539
Mauritania,MRT,2011,13393865
Mauritania,MRT,2012,13703491
Mauritania,MRT,2013,13616866
Mauritania,MRT,2014,14350770
Mauritania,MRT,2015,15053906
Mauritania,MRT,2016,14938406
Mauritania,MRT,2017,16499040
Mauritania,MRT,2018,17195444
Mauritania,MRT,2019,17123872
Mauritania,MRT,2020,17282982
Mauritania,MRT,2021,17448500
Mauritania,MRT,2022,17632982
Mauritania,MRT,2023,17651788
Mauritius,MUS,1850,82702.76
Mauritius,MUS,1851,91448.31
Mauritius,MUS,1852,93126.48
Mauritius,MUS,1853,97014.336
Mauritius,MUS,1854,95857.41
Mauritius,MUS,1855,104929.07
Mauritius,MUS,1856,103980.63
Mauritius,MUS,1857,103299.5
Mauritius,MUS,1858,117517.38
Mauritius,MUS,1859,120605.15
Mauritius,MUS,1860,126310.336
Mauritius,MUS,1861,126716.1
Mauritius,MUS,1862,123079.65
Mauritius,MUS,1863,126934.16
Mauritius,MUS,1864,128346.83
Mauritius,MUS,1865,123615.95
Mauritius,MUS,1866,126992.35
Mauritius,MUS,1867,119080.24
Mauritius,MUS,1868,112864.66
Mauritius,MUS,1869,124584.15
Mauritius,MUS,1870,120798.97
Mauritius,MUS,1871,115005.375
Mauritius,MUS,1872,116452.49
Mauritius,MUS,1873,128622.3
Mauritius,MUS,1874,130717.49
Mauritius,MUS,1875,126990.016
Mauritius,MUS,1876,136706.95
Mauritius,MUS,1877,117450.54
Mauritius,MUS,1878,136765.55
Mauritius,MUS,1879,128526.15
Mauritius,MUS,1880,130020.88
Mauritius,MUS,1881,136682.17
Mauritius,MUS,1882,128081.65
Mauritius,MUS,1883,123827.04
Mauritius,MUS,1884,131568.67
Mauritius,MUS,1885,131615.25
Mauritius,MUS,1886,131050.63
Mauritius,MUS,1887,132936.12
Mauritius,MUS,1888,138793.45
Mauritius,MUS,1889,135799.81
Mauritius,MUS,1890,127564.516
Mauritius,MUS,1891,129082.836
Mauritius,MUS,1892,134208.92
Mauritius,MUS,1893,134266.75
Mauritius,MUS,1894,136785.83
Mauritius,MUS,1895,123162.31
Mauritius,MUS,1896,119794.336
Mauritius,MUS,1897,141143.36
Mauritius,MUS,1898,132185.64
Mauritius,MUS,1899,127603.72
Mauritius,MUS,1900,136210.92
Mauritius,MUS,1901,132641.53
Mauritius,MUS,1902,132036.67
Mauritius,MUS,1903,127939.11
Mauritius,MUS,1904,131660.45
Mauritius,MUS,1905,129184.64
Mauritius,MUS,1906,139345.47
Mauritius,MUS,1907,123558.59
Mauritius,MUS,1908,125795.04
Mauritius,MUS,1909,136078.47
Mauritius,MUS,1910,131605.97
Mauritius,MUS,1911,134943.7
Mauritius,MUS,1912,131198.25
Mauritius,MUS,1913,129047.85
Mauritius,MUS,1914,129107.18
Mauritius,MUS,1915,129596.63
Mauritius,MUS,1916,147838.34
Mauritius,MUS,1917,128339.336
Mauritius,MUS,1918,130958.54
Mauritius,MUS,1919,136845.31
Mauritius,MUS,1920,142919.8
Mauritius,MUS,1921,143267.08
Mauritius,MUS,1922,144887.55
Mauritius,MUS,1923,145963.8
Mauritius,MUS,1924,153679.92
Mauritius,MUS,1925,143610.34
Mauritius,MUS,1926,144180.5
Mauritius,MUS,1927,148722.6
Mauritius,MUS,1928,152098.4
Mauritius,MUS,1929,150149.7
Mauritius,MUS,1930,153731.28
Mauritius,MUS,1931,136222.98
Mauritius,MUS,1932,130470.586
Mauritius,MUS,1933,133295.38
Mauritius,MUS,1934,128129.49
Mauritius,MUS,1935,129721.125
Mauritius,MUS,1936,120627.07
Mauritius,MUS,1937,123634.87
Mauritius,MUS,1938,112991.83
Mauritius,MUS,1939,120702.38
Mauritius,MUS,1940,118467.12
Mauritius,MUS,1941,132064.05
Mauritius,MUS,1942,138815.8
Mauritius,MUS,1943,157657.19
Mauritius,MUS,1944,171371.4
Mauritius,MUS,1945,196551.36
Mauritius,MUS,1946,217973.27
Mauritius,MUS,1947,237173.77
Mauritius,MUS,1948,261769.28
Mauritius,MUS,1949,281291.7
Mauritius,MUS,1950,527196.9
Mauritius,MUS,1951,451128.88
Mauritius,MUS,1952,502381.47
Mauritius,MUS,1953,518393.25
Mauritius,MUS,1954,528150.1
Mauritius,MUS,1955,478554.62
Mauritius,MUS,1956,579762.4
Mauritius,MUS,1957,590843.75
Mauritius,MUS,1958,595377.94
Mauritius,MUS,1959,621964.2
Mauritius,MUS,1960,590869.9
Mauritius,MUS,1961,613670.7
Mauritius,MUS,1962,723476.1
Mauritius,MUS,1963,691287.25
Mauritius,MUS,1964,809453.7
Mauritius,MUS,1965,821018.5
Mauritius,MUS,1966,820667.6
Mauritius,MUS,1967,1054920.6
Mauritius,MUS,1968,1201477.9
Mauritius,MUS,1969,1159826.1
Mauritius,MUS,1970,1062512
Mauritius,MUS,1971,1000406
Mauritius,MUS,1972,1331176.5
Mauritius,MUS,1973,1300557.9
Mauritius,MUS,1974,1313706.8
Mauritius,MUS,1975,1212812.1
Mauritius,MUS,1976,1262928.9
Mauritius,MUS,1977,1286434.9
Mauritius,MUS,1978,1265784.9
Mauritius,MUS,1979,1417363.9
Mauritius,MUS,1980,1308654.5
Mauritius,MUS,1981,1195369.5
Mauritius,MUS,1982,1164638.1
Mauritius,MUS,1983,1276710.5
Mauritius,MUS,1984,1309284.4
Mauritius,MUS,1985,1398794.2
Mauritius,MUS,1986,1508758.6
Mauritius,MUS,1987,1660961.4
Mauritius,MUS,1988,1587305.1
Mauritius,MUS,1989,1836454.6
Mauritius,MUS,1990,2253741.2
Mauritius,MUS,1991,2305988.5
Mauritius,MUS,1992,2517975
Mauritius,MUS,1993,2572484.2
Mauritius,MUS,1994,2432469.2
Mauritius,MUS,1995,2686878
Mauritius,MUS,1996,2808500.5
Mauritius,MUS,1997,2839314
Mauritius,MUS,1998,3011877.2
Mauritius,MUS,1999,3271770.2
Mauritius,MUS,2000,3703173.8
Mauritius,MUS,2001,3747912
Mauritius,MUS,2002,3740713
Mauritius,MUS,2003,3925607.2
Mauritius,MUS,2004,4209246.5
Mauritius,MUS,2005,4201659
Mauritius,MUS,2006,4517747.5
Mauritius,MUS,2007,4562341
Mauritius,MUS,2008,4634890
Mauritius,MUS,2009,4615269.5
Mauritius,MUS,2010,4779568
Mauritius,MUS,2011,4795026
Mauritius,MUS,2012,4862125
Mauritius,MUS,2013,5429298
Mauritius,MUS,2014,5297977
Mauritius,MUS,2015,5234956.5
Mauritius,MUS,2016,5331757.5
Mauritius,MUS,2017,5493368
Mauritius,MUS,2018,5402668.5
Mauritius,MUS,2019,5436902
Mauritius,MUS,2020,4719840.5
Mauritius,MUS,2021,4883399
Mauritius,MUS,2022,4845795
Mauritius,MUS,2023,5046935
Mexico,MEX,1850,24054384
Mexico,MEX,1851,23928114
Mexico,MEX,1852,24201218
Mexico,MEX,1853,24292604
Mexico,MEX,1854,24274294
Mexico,MEX,1855,24785528
Mexico,MEX,1856,24669152
Mexico,MEX,1857,24987312
Mexico,MEX,1858,25028246
Mexico,MEX,1859,25092248
Mexico,MEX,1860,25084888
Mexico,MEX,1861,25735372
Mexico,MEX,1862,25833024
Mexico,MEX,1863,26125808
Mexico,MEX,1864,26476594
Mexico,MEX,1865,27079490
Mexico,MEX,1866,27095370
Mexico,MEX,1867,27652662
Mexico,MEX,1868,27922478
Mexico,MEX,1869,28336936
Mexico,MEX,1870,28708378
Mexico,MEX,1871,28747628
Mexico,MEX,1872,29041484
Mexico,MEX,1873,29841352
Mexico,MEX,1874,29943044
Mexico,MEX,1875,30397746
Mexico,MEX,1876,30509778
Mexico,MEX,1877,31236230
Mexico,MEX,1878,31143002
Mexico,MEX,1879,31791892
Mexico,MEX,1880,42171920
Mexico,MEX,1881,48027372
Mexico,MEX,1882,51269436
Mexico,MEX,1883,53176896
Mexico,MEX,1884,56079516
Mexico,MEX,1885,56790380
Mexico,MEX,1886,58757410
Mexico,MEX,1887,61609040
Mexico,MEX,1888,61298470
Mexico,MEX,1889,64224656
Mexico,MEX,1890,72433340
Mexico,MEX,1891,78589950
Mexico,MEX,1892,80901304
Mexico,MEX,1893,84511896
Mexico,MEX,1894,85129060
Mexico,MEX,1895,88363840
Mexico,MEX,1896,88950120
Mexico,MEX,1897,90457464
Mexico,MEX,1898,90918184
Mexico,MEX,1899,94584320
Mexico,MEX,1900,87120120
Mexico,MEX,1901,84689576
Mexico,MEX,1902,83839840
Mexico,MEX,1903,86384390
Mexico,MEX,1904,85608320
Mexico,MEX,1905,85519470
Mexico,MEX,1906,87073896
Mexico,MEX,1907,86187144
Mexico,MEX,1908,88796376
Mexico,MEX,1909,88720744
Mexico,MEX,1910,78246340
Mexico,MEX,1911,76381620
Mexico,MEX,1912,72001660
Mexico,MEX,1913,72570540
Mexico,MEX,1914,69720300
Mexico,MEX,1915,70429736
Mexico,MEX,1916,71445864
Mexico,MEX,1917,79698650
Mexico,MEX,1918,83248180
Mexico,MEX,1919,92417950
Mexico,MEX,1920,136716860
Mexico,MEX,1921,154949070
Mexico,MEX,1922,151735220
Mexico,MEX,1923,141123780
Mexico,MEX,1924,137517520
Mexico,MEX,1925,128021690
Mexico,MEX,1926,117051496
Mexico,MEX,1927,105947870
Mexico,MEX,1928,98983080
Mexico,MEX,1929,98828650
Mexico,MEX,1930,97665690
Mexico,MEX,1931,95976824
Mexico,MEX,1932,96534640
Mexico,MEX,1933,99670530
Mexico,MEX,1934,101711976
Mexico,MEX,1935,106332010
Mexico,MEX,1936,108096750
Mexico,MEX,1937,112316280
Mexico,MEX,1938,112451220
Mexico,MEX,1939,112186250
Mexico,MEX,1940,136086750
Mexico,MEX,1941,147790500
Mexico,MEX,1942,151233980
Mexico,MEX,1943,158498100
Mexico,MEX,1944,163799570
Mexico,MEX,1945,170603000
Mexico,MEX,1946,177530000
Mexico,MEX,1947,188621680
Mexico,MEX,1948,193136000
Mexico,MEX,1949,188470300
Mexico,MEX,1950,183840110
Mexico,MEX,1951,187746690
Mexico,MEX,1952,190529360
Mexico,MEX,1953,191737630
Mexico,MEX,1954,197688450
Mexico,MEX,1955,200464480
Mexico,MEX,1956,203735700
Mexico,MEX,1957,211471140
Mexico,MEX,1958,221463300
Mexico,MEX,1959,225467710
Mexico,MEX,1960,226682080
Mexico,MEX,1961,203464980
Mexico,MEX,1962,191689700
Mexico,MEX,1963,190938900
Mexico,MEX,1964,197265630
Mexico,MEX,1965,197810910
Mexico,MEX,1966,204458720
Mexico,MEX,1967,214607220
Mexico,MEX,1968,218618050
Mexico,MEX,1969,214372460
Mexico,MEX,1970,232952050
Mexico,MEX,1971,248302300
Mexico,MEX,1972,260992380
Mexico,MEX,1973,271382750
Mexico,MEX,1974,286863500
Mexico,MEX,1975,302923460
Mexico,MEX,1976,331533950
Mexico,MEX,1977,345880480
Mexico,MEX,1978,374006080
Mexico,MEX,1979,409032000
Mexico,MEX,1980,450026600
Mexico,MEX,1981,474827600
Mexico,MEX,1982,543256300
Mexico,MEX,1983,490930800
Mexico,MEX,1984,490267870
Mexico,MEX,1985,504610270
Mexico,MEX,1986,572323840
Mexico,MEX,1987,573908000
Mexico,MEX,1988,606012700
Mexico,MEX,1989,651259460
Mexico,MEX,1990,652323650
Mexico,MEX,1991,618023400
Mexico,MEX,1992,601656300
Mexico,MEX,1993,607032500
Mexico,MEX,1994,630924350
Mexico,MEX,1995,616124400
Mexico,MEX,1996,623593100
Mexico,MEX,1997,663638200
Mexico,MEX,1998,690307700
Mexico,MEX,1999,686937100
Mexico,MEX,2000,700850700
Mexico,MEX,2001,706851200
Mexico,MEX,2002,707887360
Mexico,MEX,2003,737303940
Mexico,MEX,2004,733888100
Mexico,MEX,2005,760860700
Mexico,MEX,2006,779743700
Mexico,MEX,2007,773291140
Mexico,MEX,2008,774598800
Mexico,MEX,2009,760482100
Mexico,MEX,2010,757927600
Mexico,MEX,2011,787249500
Mexico,MEX,2012,803870200
Mexico,MEX,2013,798163140
Mexico,MEX,2014,785218400
Mexico,MEX,2015,774544900
Mexico,MEX,2016,750356100
Mexico,MEX,2017,738970000
Mexico,MEX,2018,737084000
Mexico,MEX,2019,779877900
Mexico,MEX,2020,728286600
Mexico,MEX,2021,737827140
Mexico,MEX,2022,757482600
Mexico,MEX,2023,777871040
Micronesia (country),FSM,1850,56344.133
Micronesia (country),FSM,1851,56873.68
Micronesia (country),FSM,1852,57394.004
Micronesia (country),FSM,1853,57923.383
Micronesia (country),FSM,1854,58425.13
Micronesia (country),FSM,1855,58926.688
Micronesia (country),FSM,1856,59409.7
Micronesia (country),FSM,1857,59901.594
Micronesia (country),FSM,1858,60374.863
Micronesia (country),FSM,1859,60847.777
Micronesia (country),FSM,1860,61301.98
Micronesia (country),FSM,1861,61745.094
Micronesia (country),FSM,1862,62178.98
Micronesia (country),FSM,1863,62594.508
Micronesia (country),FSM,1864,63010
Micronesia (country),FSM,1865,63397.992
Micronesia (country),FSM,1866,63758.516
Micronesia (country),FSM,1867,64119.055
Micronesia (country),FSM,1868,64461.31
Micronesia (country),FSM,1869,64766.97
Micronesia (country),FSM,1870,65072.7
Micronesia (country),FSM,1871,65353.17
Micronesia (country),FSM,1872,65628.086
Micronesia (country),FSM,1873,65887.46
Micronesia (country),FSM,1874,66139.59
Micronesia (country),FSM,1875,66356.19
Micronesia (country),FSM,1876,66573.05
Micronesia (country),FSM,1877,66752.695
Micronesia (country),FSM,1878,66930.945
Micronesia (country),FSM,1879,67079.48
Micronesia (country),FSM,1880,67188.3
Micronesia (country),FSM,1881,67276.84
Micronesia (country),FSM,1882,67355.8
Micronesia (country),FSM,1883,67416.07
Micronesia (country),FSM,1884,67476.09
Micronesia (country),FSM,1885,67499.3
Micronesia (country),FSM,1886,67522.414
Micronesia (country),FSM,1887,67536.375
Micronesia (country),FSM,1888,67532.1
Micronesia (country),FSM,1889,67518.85
Micronesia (country),FSM,1890,67513.63
Micronesia (country),FSM,1891,67459.125
Micronesia (country),FSM,1892,67387.89
Micronesia (country),FSM,1893,67299.85
Micronesia (country),FSM,1894,67213.26
Micronesia (country),FSM,1895,67109.73
Micronesia (country),FSM,1896,66989.17
Micronesia (country),FSM,1897,66869.85
Micronesia (country),FSM,1898,66724.23
Micronesia (country),FSM,1899,66570.53
Micronesia (country),FSM,1900,66417.86
Micronesia (country),FSM,1901,66276.914
Micronesia (country),FSM,1902,66066.1
Micronesia (country),FSM,1903,65867.12
Micronesia (country),FSM,1904,65642.555
Micronesia (country),FSM,1905,65419.152
Micronesia (country),FSM,1906,65196.145
Micronesia (country),FSM,1907,64981.957
Micronesia (country),FSM,1908,64702.543
Micronesia (country),FSM,1909,64421.27
Micronesia (country),FSM,1910,64109.91
Micronesia (country),FSM,1911,63823.324
Micronesia (country),FSM,1912,63499.562
Micronesia (country),FSM,1913,63157.055
Micronesia (country),FSM,1914,62786.754
Micronesia (country),FSM,1915,62507.863
Micronesia (country),FSM,1916,62219.723
Micronesia (country),FSM,1917,61766.727
Micronesia (country),FSM,1918,61387.152
Micronesia (country),FSM,1919,60971.19
Micronesia (country),FSM,1920,60610.547
Micronesia (country),FSM,1921,60140.773
Micronesia (country),FSM,1922,59699.273
Micronesia (country),FSM,1923,59313.258
Micronesia (country),FSM,1924,58780.926
Micronesia (country),FSM,1925,58367.64
Micronesia (country),FSM,1926,57844.113
Micronesia (country),FSM,1927,57420.75
Micronesia (country),FSM,1928,56978.19
Micronesia (country),FSM,1929,56351.28
Micronesia (country),FSM,1930,55750.418
Micronesia (country),FSM,1931,55038.59
Micronesia (country),FSM,1932,54665.16
Micronesia (country),FSM,1933,54071.496
Micronesia (country),FSM,1934,53450.086
Micronesia (country),FSM,1935,54770.465
Micronesia (country),FSM,1936,54460.367
Micronesia (country),FSM,1937,53078.68
Micronesia (country),FSM,1938,52228.53
Micronesia (country),FSM,1939,50471.94
Micronesia (country),FSM,1940,48954.035
Micronesia (country),FSM,1941,46916.18
Micronesia (country),FSM,1942,44510.332
Micronesia (country),FSM,1943,42174.016
Micronesia (country),FSM,1944,39236.414
Micronesia (country),FSM,1945,36039.29
Micronesia (country),FSM,1946,32582.73
Micronesia (country),FSM,1947,28846.412
Micronesia (country),FSM,1948,24883.281
Micronesia (country),FSM,1949,20618.049
Micronesia (country),FSM,1950,15975.434
Micronesia (country),FSM,1951,11742.067
Micronesia (country),FSM,1952,6811.8193
Micronesia (country),FSM,1953,2013.2515
Micronesia (country),FSM,1954,-3117.6123
Micronesia (country),FSM,1955,-7818.124
Micronesia (country),FSM,1956,-12380.293
Micronesia (country),FSM,1957,-17665.088
Micronesia (country),FSM,1958,-21987.998
Micronesia (country),FSM,1959,-26514.094
Micronesia (country),FSM,1960,-30796.246
Micronesia (country),FSM,1961,-35006.586
Micronesia (country),FSM,1962,-39072.203
Micronesia (country),FSM,1963,-43491.777
Micronesia (country),FSM,1964,-47544.938
Micronesia (country),FSM,1965,-50980.223
Micronesia (country),FSM,1966,-55074.605
Micronesia (country),FSM,1967,-57986.285
Micronesia (country),FSM,1968,-61479.523
Micronesia (country),FSM,1969,-64581.797
Micronesia (country),FSM,1970,-67878.414
Micronesia (country),FSM,1971,-70074.23
Micronesia (country),FSM,1972,-72930.18
Micronesia (country),FSM,1973,-76076.984
Micronesia (country),FSM,1974,-77839.38
Micronesia (country),FSM,1975,-79815.586
Micronesia (country),FSM,1976,-81363.82
Micronesia (country),FSM,1977,-83813.36
Micronesia (country),FSM,1978,-85133.234
Micronesia (country),FSM,1979,-86152.98
Micronesia (country),FSM,1980,-86927.664
Micronesia (country),FSM,1981,-87280.65
Micronesia (country),FSM,1982,-86763.555
Micronesia (country),FSM,1983,-86720.53
Micronesia (country),FSM,1984,-85605
Micronesia (country),FSM,1985,-84141.695
Micronesia (country),FSM,1986,-82160.41
Micronesia (country),FSM,1987,-78814.305
Micronesia (country),FSM,1988,-74623.336
Micronesia (country),FSM,1989,-69777.88
Micronesia (country),FSM,1990,-65051.426
Micronesia (country),FSM,1991,-61090.13
Micronesia (country),FSM,1992,78705.984
Micronesia (country),FSM,1993,89516.76
Micronesia (country),FSM,1994,103132.88
Micronesia (country),FSM,1995,185414.23
Micronesia (country),FSM,1996,191643.1
Micronesia (country),FSM,1997,204863.55
Micronesia (country),FSM,1998,213902.28
Micronesia (country),FSM,1999,204911.97
Micronesia (country),FSM,2000,195172.8
Micronesia (country),FSM,2001,181787.14
Micronesia (country),FSM,2002,168278.2
Micronesia (country),FSM,2003,180407.27
Micronesia (country),FSM,2004,162644.53
Micronesia (country),FSM,2005,137461.97
Micronesia (country),FSM,2006,133923.88
Micronesia (country),FSM,2007,152838.14
Micronesia (country),FSM,2008,129544.93
Micronesia (country),FSM,2009,167754.67
Micronesia (country),FSM,2010,122901.62
Micronesia (country),FSM,2011,136008.11
Micronesia (country),FSM,2012,137306.56
Micronesia (country),FSM,2013,148605.98
Micronesia (country),FSM,2014,149129.75
Micronesia (country),FSM,2015,156978.77
Micronesia (country),FSM,2016,157927.06
Micronesia (country),FSM,2017,156976.39
Micronesia (country),FSM,2018,157793.02
Micronesia (country),FSM,2019,162804.62
Micronesia (country),FSM,2020,164306.86
Micronesia (country),FSM,2021,162606.7
Micronesia (country),FSM,2022,167057.53
Micronesia (country),FSM,2023,171730.52
Moldova,MDA,1850,4018556.2
Moldova,MDA,1851,3928535.2
Moldova,MDA,1852,3882552.2
Moldova,MDA,1853,3827792.5
Moldova,MDA,1854,3779786.8
Moldova,MDA,1855,3738496
Moldova,MDA,1856,3702464.2
Moldova,MDA,1857,3660132
Moldova,MDA,1858,3632482.8
Moldova,MDA,1859,3608203
Moldova,MDA,1860,3589478.8
Moldova,MDA,1861,3578647.5
Moldova,MDA,1862,3562140
Moldova,MDA,1863,3544641.5
Moldova,MDA,1864,3534869
Moldova,MDA,1865,3527727
Moldova,MDA,1866,3537563.5
Moldova,MDA,1867,3522117.2
Moldova,MDA,1868,3501381.8
Moldova,MDA,1869,3496708.2
Moldova,MDA,1870,3522690
Moldova,MDA,1871,3553649.5
Moldova,MDA,1872,3579568
Moldova,MDA,1873,3585996.2
Moldova,MDA,1874,3609794.5
Moldova,MDA,1875,3632989
Moldova,MDA,1876,3672215.5
Moldova,MDA,1877,3682378.2
Moldova,MDA,1878,3724258
Moldova,MDA,1879,3745692.2
Moldova,MDA,1880,3785922.2
Moldova,MDA,1881,3810200.2
Moldova,MDA,1882,3827566
Moldova,MDA,1883,3855677.8
Moldova,MDA,1884,3868516.8
Moldova,MDA,1885,3902308.8
Moldova,MDA,1886,3913864.8
Moldova,MDA,1887,3922036
Moldova,MDA,1888,3930726.2
Moldova,MDA,1889,3948476.2
Moldova,MDA,1890,4028566.5
Moldova,MDA,1891,4087163.5
Moldova,MDA,1892,4140914.2
Moldova,MDA,1893,4214157.5
Moldova,MDA,1894,4237943.5
Moldova,MDA,1895,4311648
Moldova,MDA,1896,4344276.5
Moldova,MDA,1897,4423414.5
Moldova,MDA,1898,4504011
Moldova,MDA,1899,4610316.5
Moldova,MDA,1900,4750869
Moldova,MDA,1901,4804353.5
Moldova,MDA,1902,4802019.5
Moldova,MDA,1903,4831558
Moldova,MDA,1904,4927816
Moldova,MDA,1905,4856404.5
Moldova,MDA,1906,4983899.5
Moldova,MDA,1907,5117210.5
Moldova,MDA,1908,5148175
Moldova,MDA,1909,5243749.5
Moldova,MDA,1910,5113849
Moldova,MDA,1911,5099671.5
Moldova,MDA,1912,5225673.5
Moldova,MDA,1913,5335633.5
Moldova,MDA,1914,5312204.5
Moldova,MDA,1915,5259617
Moldova,MDA,1916,5369855.5
Moldova,MDA,1917,5311466
Moldova,MDA,1918,4716019
Moldova,MDA,1919,4673837.5
Moldova,MDA,1920,4679366.5
Moldova,MDA,1921,4730940.5
Moldova,MDA,1922,4806225
Moldova,MDA,1923,4895709.5
Moldova,MDA,1924,5031640
Moldova,MDA,1925,5106694
Moldova,MDA,1926,5348568.5
Moldova,MDA,1927,5565713.5
Moldova,MDA,1928,5688628
Moldova,MDA,1929,5776984
Moldova,MDA,1930,6211804
Moldova,MDA,1931,6525967
Moldova,MDA,1932,6758426.5
Moldova,MDA,1933,6999946.5
Moldova,MDA,1934,7498559.5
Moldova,MDA,1935,7858008.5
Moldova,MDA,1936,8308598
Moldova,MDA,1937,8314054
Moldova,MDA,1938,8466575
Moldova,MDA,1939,8445039
Moldova,MDA,1940,9221074
Moldova,MDA,1941,8543769
Moldova,MDA,1942,6451870
Moldova,MDA,1943,6524571.5
Moldova,MDA,1944,7613223.5
Moldova,MDA,1945,7829885
Moldova,MDA,1946,8312972
Moldova,MDA,1947,9173825
Moldova,MDA,1948,9523788
Moldova,MDA,1949,10369820
Moldova,MDA,1950,11512273
Moldova,MDA,1951,12588816
Moldova,MDA,1952,13711421
Moldova,MDA,1953,14782475
Moldova,MDA,1954,16242009
Moldova,MDA,1955,18096268
Moldova,MDA,1956,19718284
Moldova,MDA,1957,21409686
Moldova,MDA,1958,22760564
Moldova,MDA,1959,22134026
Moldova,MDA,1960,22384702
Moldova,MDA,1961,22420084
Moldova,MDA,1962,23293456
Moldova,MDA,1963,24489414
Moldova,MDA,1964,25279350
Moldova,MDA,1965,26300394
Moldova,MDA,1966,27440944
Moldova,MDA,1967,28427274
Moldova,MDA,1968,28833596
Moldova,MDA,1969,29520222
Moldova,MDA,1970,30588262
Moldova,MDA,1971,32107952
Moldova,MDA,1972,33563950
Moldova,MDA,1973,34626656
Moldova,MDA,1974,35749110
Moldova,MDA,1975,37389212
Moldova,MDA,1976,38549532
Moldova,MDA,1977,39572710
Moldova,MDA,1978,40846060
Moldova,MDA,1979,41197756
Moldova,MDA,1980,42736876
Moldova,MDA,1981,42097160
Moldova,MDA,1982,42800668
Moldova,MDA,1983,43494480
Moldova,MDA,1984,43939772
Moldova,MDA,1985,46939828
Moldova,MDA,1986,45893216
Moldova,MDA,1987,44192204
Moldova,MDA,1988,45404320
Moldova,MDA,1989,44434572
Moldova,MDA,1990,43094788
Moldova,MDA,1991,35473870
Moldova,MDA,1992,26030796
Moldova,MDA,1993,20320582
Moldova,MDA,1994,17196646
Moldova,MDA,1995,15968818
Moldova,MDA,1996,16021115
Moldova,MDA,1997,10912091
Moldova,MDA,1998,9318865
Moldova,MDA,1999,7264326.5
Moldova,MDA,2000,5936445
Moldova,MDA,2001,6433415
Moldova,MDA,2002,6617070.5
Moldova,MDA,2003,6808738.5
Moldova,MDA,2004,6871858
Moldova,MDA,2005,7124254.5
Moldova,MDA,2006,7136174
Moldova,MDA,2007,7083178.5
Moldova,MDA,2008,7019003.5
Moldova,MDA,2009,6434683.5
Moldova,MDA,2010,6946556.5
Moldova,MDA,2011,7196902
Moldova,MDA,2012,5727106
Moldova,MDA,2013,6141262
Moldova,MDA,2014,6227781
Moldova,MDA,2015,6040633.5
Moldova,MDA,2016,6276094
Moldova,MDA,2017,6147337
Moldova,MDA,2018,6637549
Moldova,MDA,2019,6585518.5
Moldova,MDA,2020,6555117
Moldova,MDA,2021,7102426.5
Moldova,MDA,2022,6892319
Moldova,MDA,2023,6999217.5
Mongolia,MNG,1850,18589346
Mongolia,MNG,1851,17828334
Mongolia,MNG,1852,17968052
Mongolia,MNG,1853,19260514
Mongolia,MNG,1854,20117192
Mongolia,MNG,1855,20012922
Mongolia,MNG,1856,19246884
Mongolia,MNG,1857,15908775
Mongolia,MNG,1858,19886814
Mongolia,MNG,1859,19596006
Mongolia,MNG,1860,18310502
Mongolia,MNG,1861,19718484
Mongolia,MNG,1862,21880534
Mongolia,MNG,1863,19358196
Mongolia,MNG,1864,20638804
Mongolia,MNG,1865,18872650
Mongolia,MNG,1866,19636010
Mongolia,MNG,1867,20501822
Mongolia,MNG,1868,20022396
Mongolia,MNG,1869,20052520
Mongolia,MNG,1870,20315468
Mongolia,MNG,1871,22237296
Mongolia,MNG,1872,22072092
Mongolia,MNG,1873,23912348
Mongolia,MNG,1874,22459758
Mongolia,MNG,1875,22663122
Mongolia,MNG,1876,23020872
Mongolia,MNG,1877,22204962
Mongolia,MNG,1878,22733526
Mongolia,MNG,1879,21647030
Mongolia,MNG,1880,26330946
Mongolia,MNG,1881,28605846
Mongolia,MNG,1882,30456638
Mongolia,MNG,1883,30985426
Mongolia,MNG,1884,30013298
Mongolia,MNG,1885,32177006
Mongolia,MNG,1886,32410864
Mongolia,MNG,1887,33239596
Mongolia,MNG,1888,34154572
Mongolia,MNG,1889,34198620
Mongolia,MNG,1890,34772524
Mongolia,MNG,1891,35950492
Mongolia,MNG,1892,36229290
Mongolia,MNG,1893,36655784
Mongolia,MNG,1894,36355748
Mongolia,MNG,1895,37084492
Mongolia,MNG,1896,37510160
Mongolia,MNG,1897,37848136
Mongolia,MNG,1898,37456660
Mongolia,MNG,1899,37254370
Mongolia,MNG,1900,39883570
Mongolia,MNG,1901,39993104
Mongolia,MNG,1902,40877456
Mongolia,MNG,1903,41814024
Mongolia,MNG,1904,42322148
Mongolia,MNG,1905,42687064
Mongolia,MNG,1906,42080668
Mongolia,MNG,1907,43287380
Mongolia,MNG,1908,42775596
Mongolia,MNG,1909,43844444
Mongolia,MNG,1910,36167876
Mongolia,MNG,1911,32528092
Mongolia,MNG,1912,29679264
Mongolia,MNG,1913,28567404
Mongolia,MNG,1914,27189798
Mongolia,MNG,1915,25506704
Mongolia,MNG,1916,24918498
Mongolia,MNG,1917,24648300
Mongolia,MNG,1918,23420976
Mongolia,MNG,1919,23908828
Mongolia,MNG,1920,23195388
Mongolia,MNG,1921,23411020
Mongolia,MNG,1922,21898032
Mongolia,MNG,1923,22208670
Mongolia,MNG,1924,21782308
Mongolia,MNG,1925,21530222
Mongolia,MNG,1926,22368034
Mongolia,MNG,1927,21435276
Mongolia,MNG,1928,23946212
Mongolia,MNG,1929,20232240
Mongolia,MNG,1930,20567860
Mongolia,MNG,1931,20396966
Mongolia,MNG,1932,20208766
Mongolia,MNG,1933,20200362
Mongolia,MNG,1934,17937462
Mongolia,MNG,1935,19775678
Mongolia,MNG,1936,19914130
Mongolia,MNG,1937,18991666
Mongolia,MNG,1938,20052632
Mongolia,MNG,1939,19935372
Mongolia,MNG,1940,18662404
Mongolia,MNG,1941,18628394
Mongolia,MNG,1942,18327864
Mongolia,MNG,1943,18507304
Mongolia,MNG,1944,18148020
Mongolia,MNG,1945,18545570
Mongolia,MNG,1946,18943804
Mongolia,MNG,1947,18850022
Mongolia,MNG,1948,19023870
Mongolia,MNG,1949,19515190
Mongolia,MNG,1950,33121732
Mongolia,MNG,1951,42795496
Mongolia,MNG,1952,49304020
Mongolia,MNG,1953,53763864
Mongolia,MNG,1954,58772800
Mongolia,MNG,1955,65744416
Mongolia,MNG,1956,74150850
Mongolia,MNG,1957,79420480
Mongolia,MNG,1958,82991510
Mongolia,MNG,1959,77450540
Mongolia,MNG,1960,61425720
Mongolia,MNG,1961,60346524
Mongolia,MNG,1962,56067864
Mongolia,MNG,1963,58768492
Mongolia,MNG,1964,50484224
Mongolia,MNG,1965,52266216
Mongolia,MNG,1966,50274468
Mongolia,MNG,1967,46911430
Mongolia,MNG,1968,45225170
Mongolia,MNG,1969,44745876
Mongolia,MNG,1970,45277264
Mongolia,MNG,1971,43393956
Mongolia,MNG,1972,44347560
Mongolia,MNG,1973,44971430
Mongolia,MNG,1974,45450160
Mongolia,MNG,1975,43034976
Mongolia,MNG,1976,47881870
Mongolia,MNG,1977,46690816
Mongolia,MNG,1978,44612532
Mongolia,MNG,1979,43395636
Mongolia,MNG,1980,46001304
Mongolia,MNG,1981,46974204
Mongolia,MNG,1982,50518420
Mongolia,MNG,1983,46789160
Mongolia,MNG,1984,45985050
Mongolia,MNG,1985,49515464
Mongolia,MNG,1986,50573016
Mongolia,MNG,1987,55752780
Mongolia,MNG,1988,55678092
Mongolia,MNG,1989,52978228
Mongolia,MNG,1990,51997908
Mongolia,MNG,1991,51522080
Mongolia,MNG,1992,47302704
Mongolia,MNG,1993,37436724
Mongolia,MNG,1994,37811884
Mongolia,MNG,1995,38478010
Mongolia,MNG,1996,126191440
Mongolia,MNG,1997,80068900
Mongolia,MNG,1998,65457620
Mongolia,MNG,1999,57846324
Mongolia,MNG,2000,52846268
Mongolia,MNG,2001,44096136
Mongolia,MNG,2002,29889422
Mongolia,MNG,2003,24857844
Mongolia,MNG,2004,23372598
Mongolia,MNG,2005,33263052
Mongolia,MNG,2006,29866370
Mongolia,MNG,2007,35374236
Mongolia,MNG,2008,39616196
Mongolia,MNG,2009,43089110
Mongolia,MNG,2010,47088290
Mongolia,MNG,2011,57400212
Mongolia,MNG,2012,71179416
Mongolia,MNG,2013,78691540
Mongolia,MNG,2014,67572820
Mongolia,MNG,2015,61370252
Mongolia,MNG,2016,70123060
Mongolia,MNG,2017,83383640
Mongolia,MNG,2018,100041290
Mongolia,MNG,2019,101840390
Mongolia,MNG,2020,86942696
Mongolia,MNG,2021,88441190
Mongolia,MNG,2022,90973990
Mongolia,MNG,2023,92698010
Montenegro,MNE,1850,1251435.2
Montenegro,MNE,1851,1268618
Montenegro,MNE,1852,1327613.1
Montenegro,MNE,1853,1378624.2
Montenegro,MNE,1854,1402276.4
Montenegro,MNE,1855,1409953.1
Montenegro,MNE,1856,1432842.4
Montenegro,MNE,1857,1459189.5
Montenegro,MNE,1858,1492922.5
Montenegro,MNE,1859,1469561.9
Montenegro,MNE,1860,1456239.1
Montenegro,MNE,1861,1447315.9
Montenegro,MNE,1862,1414436
Montenegro,MNE,1863,1436642
Montenegro,MNE,1864,1384677.9
Montenegro,MNE,1865,1443292.5
Montenegro,MNE,1866,1466668.8
Montenegro,MNE,1867,1507697
Montenegro,MNE,1868,1468348
Montenegro,MNE,1869,1510681.1
Montenegro,MNE,1870,1544077.6
Montenegro,MNE,1871,1497084.6
Montenegro,MNE,1872,1546085.2
Montenegro,MNE,1873,1594051.8
Montenegro,MNE,1874,1600610.8
Montenegro,MNE,1875,1592742.6
Montenegro,MNE,1876,1616663.6
Montenegro,MNE,1877,1647875
Montenegro,MNE,1878,1690209.8
Montenegro,MNE,1879,1643085.9
Montenegro,MNE,1880,1664975.8
Montenegro,MNE,1881,1675074.9
Montenegro,MNE,1882,1633673
Montenegro,MNE,1883,1679694.8
Montenegro,MNE,1884,1608931.6
Montenegro,MNE,1885,1704327.4
Montenegro,MNE,1886,1743777.2
Montenegro,MNE,1887,1802074.6
Montenegro,MNE,1888,1740188
Montenegro,MNE,1889,1799057.5
Montenegro,MNE,1890,1801499.9
Montenegro,MNE,1891,1721284.4
Montenegro,MNE,1892,1774506.2
Montenegro,MNE,1893,1822657.2
Montenegro,MNE,1894,1813036.5
Montenegro,MNE,1895,1787766.1
Montenegro,MNE,1896,1806972.4
Montenegro,MNE,1897,1836392
Montenegro,MNE,1898,1866926.2
Montenegro,MNE,1899,1799032.5
Montenegro,MNE,1900,1833605.8
Montenegro,MNE,1901,1826765.5
Montenegro,MNE,1902,1814346.8
Montenegro,MNE,1903,1869373.9
Montenegro,MNE,1904,1917979.8
Montenegro,MNE,1905,1898594.1
Montenegro,MNE,1906,1870446.5
Montenegro,MNE,1907,1881482.9
Montenegro,MNE,1908,1910938.5
Montenegro,MNE,1909,1931536.2
Montenegro,MNE,1910,1825687
Montenegro,MNE,1911,1871136.1
Montenegro,MNE,1912,1876041.6
Montenegro,MNE,1913,1851820.2
Montenegro,MNE,1914,1845057.1
Montenegro,MNE,1915,1756492.5
Montenegro,MNE,1916,1875905
Montenegro,MNE,1917,1926771.8
Montenegro,MNE,1918,1990844.1
Montenegro,MNE,1919,1954288.4
Montenegro,MNE,1920,2021169
Montenegro,MNE,1921,2153221.2
Montenegro,MNE,1922,2082959.2
Montenegro,MNE,1923,2065112.9
Montenegro,MNE,1924,2013989.9
Montenegro,MNE,1925,2069885.8
Montenegro,MNE,1926,1985014.5
Montenegro,MNE,1927,2082734.5
Montenegro,MNE,1928,2122684.5
Montenegro,MNE,1929,2037230
Montenegro,MNE,1930,2072129.2
Montenegro,MNE,1931,2075996
Montenegro,MNE,1932,2059892.1
Montenegro,MNE,1933,2027596.5
Montenegro,MNE,1934,2022109.1
Montenegro,MNE,1935,2048025.4
Montenegro,MNE,1936,2000476.6
Montenegro,MNE,1937,1942434.8
Montenegro,MNE,1938,2021031.6
Montenegro,MNE,1939,1999883
Montenegro,MNE,1940,2041363.6
Montenegro,MNE,1941,1961437.6
Montenegro,MNE,1942,2014993.5
Montenegro,MNE,1943,2159639.8
Montenegro,MNE,1944,2048239.1
Montenegro,MNE,1945,2202678.2
Montenegro,MNE,1946,2352731.2
Montenegro,MNE,1947,2419546.2
Montenegro,MNE,1948,2473646.2
Montenegro,MNE,1949,2549149
Montenegro,MNE,1950,3312397
Montenegro,MNE,1951,3521756.2
Montenegro,MNE,1952,3737760.5
Montenegro,MNE,1953,3769646.2
Montenegro,MNE,1954,3852800
Montenegro,MNE,1955,3725805.5
Montenegro,MNE,1956,3777632.5
Montenegro,MNE,1957,3893796.2
Montenegro,MNE,1958,3757114.2
Montenegro,MNE,1959,4009887
Montenegro,MNE,1960,3452356.8
Montenegro,MNE,1961,3259893.5
Montenegro,MNE,1962,3070945
Montenegro,MNE,1963,2963931.8
Montenegro,MNE,1964,2892126.5
Montenegro,MNE,1965,2817223.2
Montenegro,MNE,1966,2755251.5
Montenegro,MNE,1967,2607101.5
Montenegro,MNE,1968,2516258
Montenegro,MNE,1969,2332460.2
Montenegro,MNE,1970,2644529.2
Montenegro,MNE,1971,2723943
Montenegro,MNE,1972,2481990.2
Montenegro,MNE,1973,2659832
Montenegro,MNE,1974,2614128.8
Montenegro,MNE,1975,2713162.2
Montenegro,MNE,1976,2609936.5
Montenegro,MNE,1977,2680005
Montenegro,MNE,1978,2669323
Montenegro,MNE,1979,3057114.8
Montenegro,MNE,1980,2835975.8
Montenegro,MNE,1981,2977664
Montenegro,MNE,1982,2920060
Montenegro,MNE,1983,3079060
Montenegro,MNE,1984,3177493.2
Montenegro,MNE,1985,3306440.5
Montenegro,MNE,1986,3296368.2
Montenegro,MNE,1987,3251497.5
Montenegro,MNE,1988,3303737.2
Montenegro,MNE,1989,3299040
Montenegro,MNE,1990,3154356
Montenegro,MNE,1991,1707808.6
Montenegro,MNE,1992,1794297.4
Montenegro,MNE,1993,1354412.5
Montenegro,MNE,1994,1735767.6
Montenegro,MNE,1995,1567841.8
Montenegro,MNE,1996,1974426.4
Montenegro,MNE,1997,2087186
Montenegro,MNE,1998,1781158.4
Montenegro,MNE,1999,1173649.4
Montenegro,MNE,2000,1537421.1
Montenegro,MNE,2001,1457009.9
Montenegro,MNE,2002,1606118.2
Montenegro,MNE,2003,2157639.2
Montenegro,MNE,2004,2316329.8
Montenegro,MNE,2005,831468.75
Montenegro,MNE,2006,1593041.4
Montenegro,MNE,2007,1632306.8
Montenegro,MNE,2008,2070398.8
Montenegro,MNE,2009,873737.1
Montenegro,MNE,2010,1718282.4
Montenegro,MNE,2011,1852896.1
Montenegro,MNE,2012,1248755
Montenegro,MNE,2013,1332771.9
Montenegro,MNE,2014,1017888.25
Montenegro,MNE,2015,1226420.2
Montenegro,MNE,2016,908727.94
Montenegro,MNE,2017,1045797.56
Montenegro,MNE,2018,1938144.9
Montenegro,MNE,2019,1970373.1
Montenegro,MNE,2020,1874494
Montenegro,MNE,2021,1652113.4
Montenegro,MNE,2022,1579716.8
Montenegro,MNE,2023,1542788.9
Morocco,MAR,1850,5213973.5
Morocco,MAR,1851,5248197
Morocco,MAR,1852,5285152.5
Morocco,MAR,1853,5321781
Morocco,MAR,1854,5358059
Morocco,MAR,1855,5393742
Morocco,MAR,1856,5428852.5
Morocco,MAR,1857,5463284.5
Morocco,MAR,1858,5497005.5
Morocco,MAR,1859,5529661.5
Morocco,MAR,1860,5547801
Morocco,MAR,1861,5573677.5
Morocco,MAR,1862,5602069.5
Morocco,MAR,1863,5631602.5
Morocco,MAR,1864,5661169
Morocco,MAR,1865,5690742.5
Morocco,MAR,1866,5720378
Morocco,MAR,1867,5750057.5
Morocco,MAR,1868,5779817.5
Morocco,MAR,1869,5809540
Morocco,MAR,1870,5749667
Morocco,MAR,1871,5803613
Morocco,MAR,1872,5840915.5
Morocco,MAR,1873,5884214
Morocco,MAR,1874,5930698
Morocco,MAR,1875,5979278.5
Morocco,MAR,1876,6028390
Morocco,MAR,1877,6076495
Morocco,MAR,1878,6122184
Morocco,MAR,1879,6164028.5
Morocco,MAR,1880,6200931.5
Morocco,MAR,1881,6233352
Morocco,MAR,1882,6265107.5
Morocco,MAR,1883,6295468
Morocco,MAR,1884,6325271
Morocco,MAR,1885,6354483
Morocco,MAR,1886,6383549.5
Morocco,MAR,1887,6412628
Morocco,MAR,1888,6441851
Morocco,MAR,1889,6471149
Morocco,MAR,1890,6504308.5
Morocco,MAR,1891,6528424
Morocco,MAR,1892,6556577
Morocco,MAR,1893,6592728.5
Morocco,MAR,1894,6643439
Morocco,MAR,1895,6720381.5
Morocco,MAR,1896,6836354
Morocco,MAR,1897,7005063
Morocco,MAR,1898,7232978
Morocco,MAR,1899,7516748.5
Morocco,MAR,1900,7859455.5
Morocco,MAR,1901,8235560.5
Morocco,MAR,1902,8629681
Morocco,MAR,1903,9038708
Morocco,MAR,1904,9464033
Morocco,MAR,1905,9883831
Morocco,MAR,1906,10303001
Morocco,MAR,1907,10722244
Morocco,MAR,1908,11127543
Morocco,MAR,1909,11532213
Morocco,MAR,1910,11919525
Morocco,MAR,1911,12305497
Morocco,MAR,1912,12684380
Morocco,MAR,1913,13054953
Morocco,MAR,1914,13416667
Morocco,MAR,1915,13762458
Morocco,MAR,1916,14096716
Morocco,MAR,1917,14416945
Morocco,MAR,1918,14711733
Morocco,MAR,1919,14981758
Morocco,MAR,1920,15227569
Morocco,MAR,1921,15482003
Morocco,MAR,1922,15734797
Morocco,MAR,1923,15977652
Morocco,MAR,1924,16203698
Morocco,MAR,1925,16430475
Morocco,MAR,1926,16599645
Morocco,MAR,1927,16772630
Morocco,MAR,1928,16950358
Morocco,MAR,1929,17076980
Morocco,MAR,1930,17177264
Morocco,MAR,1931,17298512
Morocco,MAR,1932,17393452
Morocco,MAR,1933,17409402
Morocco,MAR,1934,17424910
Morocco,MAR,1935,17436466
Morocco,MAR,1936,17336414
Morocco,MAR,1937,17442548
Morocco,MAR,1938,17487562
Morocco,MAR,1939,17224546
Morocco,MAR,1940,17208248
Morocco,MAR,1941,17180926
Morocco,MAR,1942,17229126
Morocco,MAR,1943,17488482
Morocco,MAR,1944,17886026
Morocco,MAR,1945,18376786
Morocco,MAR,1946,18921678
Morocco,MAR,1947,19383226
Morocco,MAR,1948,19698278
Morocco,MAR,1949,19923950
Morocco,MAR,1950,24429910
Morocco,MAR,1951,26654588
Morocco,MAR,1952,28531120
Morocco,MAR,1953,30035982
Morocco,MAR,1954,29997496
Morocco,MAR,1955,30409038
Morocco,MAR,1956,30775796
Morocco,MAR,1957,30594546
Morocco,MAR,1958,31164936
Morocco,MAR,1959,31773968
Morocco,MAR,1960,26895006
Morocco,MAR,1961,26205194
Morocco,MAR,1962,25323084
Morocco,MAR,1963,26890226
Morocco,MAR,1964,29838716
Morocco,MAR,1965,31241246
Morocco,MAR,1966,30838718
Morocco,MAR,1967,32759456
Morocco,MAR,1968,31296180
Morocco,MAR,1969,36478964
Morocco,MAR,1970,35142744
Morocco,MAR,1971,36336350
Morocco,MAR,1972,35860130
Morocco,MAR,1973,36217184
Morocco,MAR,1974,38462212
Morocco,MAR,1975,38459896
Morocco,MAR,1976,42537736
Morocco,MAR,1977,46094988
Morocco,MAR,1978,42011536
Morocco,MAR,1979,44693820
Morocco,MAR,1980,48358190
Morocco,MAR,1981,46927544
Morocco,MAR,1982,46906132
Morocco,MAR,1983,49029708
Morocco,MAR,1984,46610510
Morocco,MAR,1985,49248976
Morocco,MAR,1986,54111724
Morocco,MAR,1987,56261964
Morocco,MAR,1988,63881588
Morocco,MAR,1989,67951304
Morocco,MAR,1990,65474210
Morocco,MAR,1991,71718350
Morocco,MAR,1992,68052270
Morocco,MAR,1993,68447050
Morocco,MAR,1994,65049676
Morocco,MAR,1995,67438860
Morocco,MAR,1996,64158320
Morocco,MAR,1997,65328412
Morocco,MAR,1998,60945444
Morocco,MAR,1999,62120956
Morocco,MAR,2000,59756204
Morocco,MAR,2001,64410950
Morocco,MAR,2002,79995510
Morocco,MAR,2003,65839404
Morocco,MAR,2004,70154984
Morocco,MAR,2005,71804570
Morocco,MAR,2006,74729540
Morocco,MAR,2007,77547176
Morocco,MAR,2008,80621576
Morocco,MAR,2009,81090470
Morocco,MAR,2010,89082536
Morocco,MAR,2011,97300860
Morocco,MAR,2012,98035420
Morocco,MAR,2013,92378930
Morocco,MAR,2014,94730136
Morocco,MAR,2015,114134480
Morocco,MAR,2016,106842100
Morocco,MAR,2017,101939624
Morocco,MAR,2018,95554330
Morocco,MAR,2019,116358310
Morocco,MAR,2020,105235976
Morocco,MAR,2021,109471280
Morocco,MAR,2022,106987016
Morocco,MAR,2023,106528190
Mozambique,MOZ,1850,9144356
Mozambique,MOZ,1851,9792943
Mozambique,MOZ,1852,9834884
Mozambique,MOZ,1853,10396393
Mozambique,MOZ,1854,9999035
Mozambique,MOZ,1855,9635168
Mozambique,MOZ,1856,10124557
Mozambique,MOZ,1857,9994458
Mozambique,MOZ,1858,9911387
Mozambique,MOZ,1859,9610952
Mozambique,MOZ,1860,8952161
Mozambique,MOZ,1861,8510881
Mozambique,MOZ,1862,8076783.5
Mozambique,MOZ,1863,7786796.5
Mozambique,MOZ,1864,7782209
Mozambique,MOZ,1865,7656158.5
Mozambique,MOZ,1866,7556437.5
Mozambique,MOZ,1867,7601031.5
Mozambique,MOZ,1868,7672879
Mozambique,MOZ,1869,7189479.5
Mozambique,MOZ,1870,7754680
Mozambique,MOZ,1871,7622283.5
Mozambique,MOZ,1872,7300266.5
Mozambique,MOZ,1873,7480653.5
Mozambique,MOZ,1874,7362041.5
Mozambique,MOZ,1875,7509882
Mozambique,MOZ,1876,7740705
Mozambique,MOZ,1877,7311374.5
Mozambique,MOZ,1878,7659373.5
Mozambique,MOZ,1879,7629906.5
Mozambique,MOZ,1880,7504629.5
Mozambique,MOZ,1881,7345729.5
Mozambique,MOZ,1882,7542648.5
Mozambique,MOZ,1883,7792892.5
Mozambique,MOZ,1884,8079872
Mozambique,MOZ,1885,7848753.5
Mozambique,MOZ,1886,7760777.5
Mozambique,MOZ,1887,7500672
Mozambique,MOZ,1888,7940981
Mozambique,MOZ,1889,7610661.5
Mozambique,MOZ,1890,7811536.5
Mozambique,MOZ,1891,8243289
Mozambique,MOZ,1892,7777083
Mozambique,MOZ,1893,8797527
Mozambique,MOZ,1894,7891448.5
Mozambique,MOZ,1895,7876835.5
Mozambique,MOZ,1896,8230827
Mozambique,MOZ,1897,7765264.5
Mozambique,MOZ,1898,7760360.5
Mozambique,MOZ,1899,7952502
Mozambique,MOZ,1900,7998476
Mozambique,MOZ,1901,8341851
Mozambique,MOZ,1902,8272736
Mozambique,MOZ,1903,8108995
Mozambique,MOZ,1904,8853963
Mozambique,MOZ,1905,8293285
Mozambique,MOZ,1906,8166081.5
Mozambique,MOZ,1907,8957920
Mozambique,MOZ,1908,8230820.5
Mozambique,MOZ,1909,8246951
Mozambique,MOZ,1910,10835620
Mozambique,MOZ,1911,13571541
Mozambique,MOZ,1912,13887447
Mozambique,MOZ,1913,14760166
Mozambique,MOZ,1914,16077500
Mozambique,MOZ,1915,16103126
Mozambique,MOZ,1916,16473092
Mozambique,MOZ,1917,17172064
Mozambique,MOZ,1918,17327582
Mozambique,MOZ,1919,16716826
Mozambique,MOZ,1920,18770614
Mozambique,MOZ,1921,19304102
Mozambique,MOZ,1922,19453778
Mozambique,MOZ,1923,20718360
Mozambique,MOZ,1924,19963664
Mozambique,MOZ,1925,21590492
Mozambique,MOZ,1926,21076888
Mozambique,MOZ,1927,21924204
Mozambique,MOZ,1928,22822822
Mozambique,MOZ,1929,22369576
Mozambique,MOZ,1930,24895108
Mozambique,MOZ,1931,29074010
Mozambique,MOZ,1932,29329570
Mozambique,MOZ,1933,30601526
Mozambique,MOZ,1934,32204318
Mozambique,MOZ,1935,32964382
Mozambique,MOZ,1936,33961348
Mozambique,MOZ,1937,34390828
Mozambique,MOZ,1938,33875990
Mozambique,MOZ,1939,36353268
Mozambique,MOZ,1940,28864188
Mozambique,MOZ,1941,24349480
Mozambique,MOZ,1942,23027568
Mozambique,MOZ,1943,23524308
Mozambique,MOZ,1944,23238166
Mozambique,MOZ,1945,23735744
Mozambique,MOZ,1946,24230166
Mozambique,MOZ,1947,24377148
Mozambique,MOZ,1948,24951600
Mozambique,MOZ,1949,24476024
Mozambique,MOZ,1950,43785200
Mozambique,MOZ,1951,40852900
Mozambique,MOZ,1952,41594910
Mozambique,MOZ,1953,41809604
Mozambique,MOZ,1954,43490910
Mozambique,MOZ,1955,45388316
Mozambique,MOZ,1956,47497776
Mozambique,MOZ,1957,46763664
Mozambique,MOZ,1958,49386744
Mozambique,MOZ,1959,50005044
Mozambique,MOZ,1960,52141840
Mozambique,MOZ,1961,46460652
Mozambique,MOZ,1962,40180420
Mozambique,MOZ,1963,36618336
Mozambique,MOZ,1964,34756000
Mozambique,MOZ,1965,33880900
Mozambique,MOZ,1966,33949810
Mozambique,MOZ,1967,39386424
Mozambique,MOZ,1968,44325056
Mozambique,MOZ,1969,47844216
Mozambique,MOZ,1970,51384390
Mozambique,MOZ,1971,39659230
Mozambique,MOZ,1972,39182436
Mozambique,MOZ,1973,37875420
Mozambique,MOZ,1974,35122910
Mozambique,MOZ,1975,34017144
Mozambique,MOZ,1976,31366262
Mozambique,MOZ,1977,32670972
Mozambique,MOZ,1978,34405256
Mozambique,MOZ,1979,37047732
Mozambique,MOZ,1980,36952492
Mozambique,MOZ,1981,37471570
Mozambique,MOZ,1982,39628972
Mozambique,MOZ,1983,41802108
Mozambique,MOZ,1984,39089412
Mozambique,MOZ,1985,40678270
Mozambique,MOZ,1986,42192492
Mozambique,MOZ,1987,44978840
Mozambique,MOZ,1988,39674412
Mozambique,MOZ,1989,43568050
Mozambique,MOZ,1990,51721370
Mozambique,MOZ,1991,52441932
Mozambique,MOZ,1992,50792940
Mozambique,MOZ,1993,54048360
Mozambique,MOZ,1994,57751064
Mozambique,MOZ,1995,61330870
Mozambique,MOZ,1996,65965870
Mozambique,MOZ,1997,65430548
Mozambique,MOZ,1998,67903820
Mozambique,MOZ,1999,65081536
Mozambique,MOZ,2000,66909068
Mozambique,MOZ,2001,83233620
Mozambique,MOZ,2002,79932730
Mozambique,MOZ,2003,81728230
Mozambique,MOZ,2004,92430300
Mozambique,MOZ,2005,85346920
Mozambique,MOZ,2006,89622840
Mozambique,MOZ,2007,92338070
Mozambique,MOZ,2008,92474376
Mozambique,MOZ,2009,87607576
Mozambique,MOZ,2010,84302920
Mozambique,MOZ,2011,81892410
Mozambique,MOZ,2012,81083630
Mozambique,MOZ,2013,81838270
Mozambique,MOZ,2014,86058370
Mozambique,MOZ,2015,84688440
Mozambique,MOZ,2016,78385624
Mozambique,MOZ,2017,75943610
Mozambique,MOZ,2018,75459384
Mozambique,MOZ,2019,70124970
Mozambique,MOZ,2020,63885596
Mozambique,MOZ,2021,68002904
Mozambique,MOZ,2022,72439784
Mozambique,MOZ,2023,69855640
Myanmar,MMR,1850,47737788
Myanmar,MMR,1851,51745404
Myanmar,MMR,1852,52148852
Myanmar,MMR,1853,54572000
Myanmar,MMR,1854,54249996
Myanmar,MMR,1855,55383708
Myanmar,MMR,1856,57061416
Myanmar,MMR,1857,53683544
Myanmar,MMR,1858,55918400
Myanmar,MMR,1859,56934950
Myanmar,MMR,1860,57368890
Myanmar,MMR,1861,58497540
Myanmar,MMR,1862,57514076
Myanmar,MMR,1863,55745984
Myanmar,MMR,1864,57372060
Myanmar,MMR,1865,59732076
Myanmar,MMR,1866,59175200
Myanmar,MMR,1867,58715730
Myanmar,MMR,1868,58954960
Myanmar,MMR,1869,59522980
Myanmar,MMR,1870,58503240
Myanmar,MMR,1871,57959200
Myanmar,MMR,1872,59080440
Myanmar,MMR,1873,62264050
Myanmar,MMR,1874,61058616
Myanmar,MMR,1875,60659456
Myanmar,MMR,1876,60340348
Myanmar,MMR,1877,60265280
Myanmar,MMR,1878,61211780
Myanmar,MMR,1879,60634868
Myanmar,MMR,1880,72197940
Myanmar,MMR,1881,95747256
Myanmar,MMR,1882,105200900
Myanmar,MMR,1883,105419890
Myanmar,MMR,1884,109270440
Myanmar,MMR,1885,114588600
Myanmar,MMR,1886,114300200
Myanmar,MMR,1887,120175176
Myanmar,MMR,1888,116477650
Myanmar,MMR,1889,122939520
Myanmar,MMR,1890,121636810
Myanmar,MMR,1891,131241240
Myanmar,MMR,1892,133333500
Myanmar,MMR,1893,129784584
Myanmar,MMR,1894,135252820
Myanmar,MMR,1895,133475656
Myanmar,MMR,1896,133307544
Myanmar,MMR,1897,141530260
Myanmar,MMR,1898,133391530
Myanmar,MMR,1899,139884000
Myanmar,MMR,1900,138690130
Myanmar,MMR,1901,151455700
Myanmar,MMR,1902,162448740
Myanmar,MMR,1903,157306380
Myanmar,MMR,1904,153891680
Myanmar,MMR,1905,158018500
Myanmar,MMR,1906,160242350
Myanmar,MMR,1907,161290180
Myanmar,MMR,1908,162531100
Myanmar,MMR,1909,157806430
Myanmar,MMR,1910,165739840
Myanmar,MMR,1911,165075760
Myanmar,MMR,1912,162342400
Myanmar,MMR,1913,165093620
Myanmar,MMR,1914,170418100
Myanmar,MMR,1915,167949020
Myanmar,MMR,1916,159862980
Myanmar,MMR,1917,159301760
Myanmar,MMR,1918,166732500
Myanmar,MMR,1919,165081870
Myanmar,MMR,1920,136714770
Myanmar,MMR,1921,112023780
Myanmar,MMR,1922,100302900
Myanmar,MMR,1923,93495790
Myanmar,MMR,1924,89352470
Myanmar,MMR,1925,85968430
Myanmar,MMR,1926,82023490
Myanmar,MMR,1927,80594240
Myanmar,MMR,1928,82378510
Myanmar,MMR,1929,78624136
Myanmar,MMR,1930,75934190
Myanmar,MMR,1931,72894350
Myanmar,MMR,1932,74200220
Myanmar,MMR,1933,71678136
Myanmar,MMR,1934,71497010
Myanmar,MMR,1935,71229560
Myanmar,MMR,1936,69679370
Myanmar,MMR,1937,70577770
Myanmar,MMR,1938,72245304
Myanmar,MMR,1939,71999260
Myanmar,MMR,1940,66958548
Myanmar,MMR,1941,63911790
Myanmar,MMR,1942,60314920
Myanmar,MMR,1943,57060470
Myanmar,MMR,1944,55387936
Myanmar,MMR,1945,53483230
Myanmar,MMR,1946,51169296
Myanmar,MMR,1947,51398940
Myanmar,MMR,1948,50758090
Myanmar,MMR,1949,48879332
Myanmar,MMR,1950,66188750
Myanmar,MMR,1951,76610820
Myanmar,MMR,1952,84375400
Myanmar,MMR,1953,91596770
Myanmar,MMR,1954,97127590
Myanmar,MMR,1955,106572664
Myanmar,MMR,1956,111944750
Myanmar,MMR,1957,117368010
Myanmar,MMR,1958,124743416
Myanmar,MMR,1959,152738020
Myanmar,MMR,1960,123826540
Myanmar,MMR,1961,116044930
Myanmar,MMR,1962,110964940
Myanmar,MMR,1963,120843040
Myanmar,MMR,1964,113526060
Myanmar,MMR,1965,125987920
Myanmar,MMR,1966,116303896
Myanmar,MMR,1967,114198160
Myanmar,MMR,1968,113891610
Myanmar,MMR,1969,537866700
Myanmar,MMR,1970,330164540
Myanmar,MMR,1971,229144140
Myanmar,MMR,1972,161985630
Myanmar,MMR,1973,151294540
Myanmar,MMR,1974,144389040
Myanmar,MMR,1975,139954020
Myanmar,MMR,1976,136432930
Myanmar,MMR,1977,136548160
Myanmar,MMR,1978,138167940
Myanmar,MMR,1979,127843590
Myanmar,MMR,1980,135716080
Myanmar,MMR,1981,137267360
Myanmar,MMR,1982,136355260
Myanmar,MMR,1983,141146510
Myanmar,MMR,1984,138971200
Myanmar,MMR,1985,140992780
Myanmar,MMR,1986,138496600
Myanmar,MMR,1987,136249100
Myanmar,MMR,1988,140728690
Myanmar,MMR,1989,139760860
Myanmar,MMR,1990,147485020
Myanmar,MMR,1991,152674720
Myanmar,MMR,1992,160704940
Myanmar,MMR,1993,160292850
Myanmar,MMR,1994,172000800
Myanmar,MMR,1995,173269980
Myanmar,MMR,1996,174677380
Myanmar,MMR,1997,171941150
Myanmar,MMR,1998,187317010
Myanmar,MMR,1999,204137380
Myanmar,MMR,2000,207812030
Myanmar,MMR,2001,199559360
Myanmar,MMR,2002,200970060
Myanmar,MMR,2003,207370610
Myanmar,MMR,2004,222679360
Myanmar,MMR,2005,241474380
Myanmar,MMR,2006,267260850
Myanmar,MMR,2007,274135100
Myanmar,MMR,2008,263283260
Myanmar,MMR,2009,249623760
Myanmar,MMR,2010,245275120
Myanmar,MMR,2011,238385840
Myanmar,MMR,2012,228033660
Myanmar,MMR,2013,227768380
Myanmar,MMR,2014,230096640
Myanmar,MMR,2015,239196290
Myanmar,MMR,2016,241323700
Myanmar,MMR,2017,243905180
Myanmar,MMR,2018,217810030
Myanmar,MMR,2019,211462900
Myanmar,MMR,2020,212043180
Myanmar,MMR,2021,203335740
Myanmar,MMR,2022,200942770
Myanmar,MMR,2023,205389580
Namibia,NAM,1850,532386.3
Namibia,NAM,1851,537421.75
Namibia,NAM,1852,541435.94
Namibia,NAM,1853,544045.4
Namibia,NAM,1854,545250.94
Namibia,NAM,1855,547215.5
Namibia,NAM,1856,556599.3
Namibia,NAM,1857,554506.4
Namibia,NAM,1858,558497.44
Namibia,NAM,1859,558644
Namibia,NAM,1860,565545.25
Namibia,NAM,1861,569311.06
Namibia,NAM,1862,573910.1
Namibia,NAM,1863,575780
Namibia,NAM,1864,581661.2
Namibia,NAM,1865,582943.9
Namibia,NAM,1866,582928.7
Namibia,NAM,1867,588278.06
Namibia,NAM,1868,591667.06
Namibia,NAM,1869,597321.44
Namibia,NAM,1870,602294.9
Namibia,NAM,1871,609415.06
Namibia,NAM,1872,625588.56
Namibia,NAM,1873,638961.9
Namibia,NAM,1874,656871.7
Namibia,NAM,1875,680021.06
Namibia,NAM,1876,697838.25
Namibia,NAM,1877,722599.6
Namibia,NAM,1878,736937.3
Namibia,NAM,1879,756450.4
Namibia,NAM,1880,766546.56
Namibia,NAM,1881,773823.3
Namibia,NAM,1882,782124.3
Namibia,NAM,1883,792207.3
Namibia,NAM,1884,804619.25
Namibia,NAM,1885,811507.44
Namibia,NAM,1886,815699.56
Namibia,NAM,1887,829449.06
Namibia,NAM,1888,832802.9
Namibia,NAM,1889,840240.4
Namibia,NAM,1890,869252.3
Namibia,NAM,1891,882544.75
Namibia,NAM,1892,892491.94
Namibia,NAM,1893,905270.2
Namibia,NAM,1894,916649.8
Namibia,NAM,1895,931707.75
Namibia,NAM,1896,945774.56
Namibia,NAM,1897,952953.7
Namibia,NAM,1898,967371.94
Namibia,NAM,1899,981218.25
Namibia,NAM,1900,990620.25
Namibia,NAM,1901,1005710.4
Namibia,NAM,1902,1020113.5
Namibia,NAM,1903,1038389.2
Namibia,NAM,1904,1053161.5
Namibia,NAM,1905,1068687.9
Namibia,NAM,1906,1088685.4
Namibia,NAM,1907,1100859
Namibia,NAM,1908,1120549.8
Namibia,NAM,1909,1132412.6
Namibia,NAM,1910,1151477.1
Namibia,NAM,1911,1174868.5
Namibia,NAM,1912,1210410.2
Namibia,NAM,1913,1250814.2
Namibia,NAM,1914,1294828.6
Namibia,NAM,1915,1346019
Namibia,NAM,1916,1386462.8
Namibia,NAM,1917,1430470.4
Namibia,NAM,1918,1474673.9
Namibia,NAM,1919,1513965.2
Namibia,NAM,1920,1561473.2
Namibia,NAM,1921,1610739.6
Namibia,NAM,1922,1664694.2
Namibia,NAM,1923,1720477
Namibia,NAM,1924,1788425.6
Namibia,NAM,1925,1835707.8
Namibia,NAM,1926,1889827
Namibia,NAM,1927,1946731.1
Namibia,NAM,1928,1993180.8
Namibia,NAM,1929,2039147.2
Namibia,NAM,1930,2093411.9
Namibia,NAM,1931,2118845.8
Namibia,NAM,1932,2149416.2
Namibia,NAM,1933,2168165
Namibia,NAM,1934,2161824.5
Namibia,NAM,1935,2186258.2
Namibia,NAM,1936,2192363.2
Namibia,NAM,1937,2218489.2
Namibia,NAM,1938,2244847.2
Namibia,NAM,1939,2273989.5
Namibia,NAM,1940,2345914.2
Namibia,NAM,1941,2526676.8
Namibia,NAM,1942,2836317.2
Namibia,NAM,1943,3260701.5
Namibia,NAM,1944,3728417.2
Namibia,NAM,1945,4232621.5
Namibia,NAM,1946,4756378
Namibia,NAM,1947,5233138
Namibia,NAM,1948,5647725.5
Namibia,NAM,1949,5939153.5
Namibia,NAM,1950,6362614.5
Namibia,NAM,1951,6629274.5
Namibia,NAM,1952,6762542.5
Namibia,NAM,1953,6812260.5
Namibia,NAM,1954,6802376.5
Namibia,NAM,1955,6758125.5
Namibia,NAM,1956,6713917
Namibia,NAM,1957,6706637
Namibia,NAM,1958,6714259
Namibia,NAM,1959,6788275
Namibia,NAM,1960,7924342.5
Namibia,NAM,1961,8211283.5
Namibia,NAM,1962,8078150
Namibia,NAM,1963,8019225
Namibia,NAM,1964,7904485.5
Namibia,NAM,1965,7872763
Namibia,NAM,1966,7994158
Namibia,NAM,1967,7952448
Namibia,NAM,1968,7969540.5
Namibia,NAM,1969,8075599
Namibia,NAM,1970,10552588
Namibia,NAM,1971,7385653.5
Namibia,NAM,1972,7713834.5
Namibia,NAM,1973,8047970.5
Namibia,NAM,1974,7845142.5
Namibia,NAM,1975,7311921.5
Namibia,NAM,1976,6676632.5
Namibia,NAM,1977,7881370.5
Namibia,NAM,1978,8076672.5
Namibia,NAM,1979,9898721
Namibia,NAM,1980,8899663
Namibia,NAM,1981,7289717.5
Namibia,NAM,1982,7677510
Namibia,NAM,1983,7395573
Namibia,NAM,1984,6259229
Namibia,NAM,1985,6406771.5
Namibia,NAM,1986,6587532.5
Namibia,NAM,1987,8158955.5
Namibia,NAM,1988,6728468.5
Namibia,NAM,1989,7615310
Namibia,NAM,1990,9561634
Namibia,NAM,1991,11346506
Namibia,NAM,1992,12936167
Namibia,NAM,1993,14710574
Namibia,NAM,1994,15765767
Namibia,NAM,1995,13552736
Namibia,NAM,1996,13247105
Namibia,NAM,1997,13085978
Namibia,NAM,1998,13678334
Namibia,NAM,1999,13597285
Namibia,NAM,2000,14537850
Namibia,NAM,2001,14465599
Namibia,NAM,2002,13414557
Namibia,NAM,2003,13963462
Namibia,NAM,2004,14580474
Namibia,NAM,2005,15484747
Namibia,NAM,2006,16825086
Namibia,NAM,2007,15973246
Namibia,NAM,2008,15150100
Namibia,NAM,2009,18059980
Namibia,NAM,2010,17496160
Namibia,NAM,2011,22408932
Namibia,NAM,2012,24266532
Namibia,NAM,2013,17129414
Namibia,NAM,2014,16530035
Namibia,NAM,2015,16691719
Namibia,NAM,2016,17304750
Namibia,NAM,2017,17510834
Namibia,NAM,2018,16917954
Namibia,NAM,2019,16340752
Namibia,NAM,2020,19565970
Namibia,NAM,2021,20211446
Namibia,NAM,2022,20778030
Namibia,NAM,2023,22577842
Nauru,NRU,1850,168.46606
Nauru,NRU,1851,170.40523
Nauru,NRU,1852,172.33414
Nauru,NRU,1853,174.24503
Nauru,NRU,1854,176.13014
Nauru,NRU,1855,177.9817
Nauru,NRU,1856,179.79202
Nauru,NRU,1857,181.55327
Nauru,NRU,1858,183.25768
Nauru,NRU,1859,184.89749
Nauru,NRU,1860,186.46497
Nauru,NRU,1861,187.99237
Nauru,NRU,1862,189.51025
Nauru,NRU,1863,191.59877
Nauru,NRU,1864,193.11308
Nauru,NRU,1865,194.62732
Nauru,NRU,1866,196.14467
Nauru,NRU,1867,197.66821
Nauru,NRU,1868,199.2011
Nauru,NRU,1869,200.74648
Nauru,NRU,1870,202.75404
Nauru,NRU,1871,206.18727
Nauru,NRU,1872,210.32465
Nauru,NRU,1873,214.96423
Nauru,NRU,1874,219.95065
Nauru,NRU,1875,225.10327
Nauru,NRU,1876,230.30923
Nauru,NRU,1877,235.44943
Nauru,NRU,1878,240.31023
Nauru,NRU,1879,244.73607
Nauru,NRU,1880,248.66658
Nauru,NRU,1881,251.92554
Nauru,NRU,1882,255.12405
Nauru,NRU,1883,258.3211
Nauru,NRU,1884,261.45105
Nauru,NRU,1885,264.63278
Nauru,NRU,1886,267.79764
Nauru,NRU,1887,270.95645
Nauru,NRU,1888,274.1026
Nauru,NRU,1889,277.2522
Nauru,NRU,1890,283.0083
Nauru,NRU,1891,285.70886
Nauru,NRU,1892,288.6431
Nauru,NRU,1893,291.5791
Nauru,NRU,1894,294.8003
Nauru,NRU,1895,298.21805
Nauru,NRU,1896,301.71158
Nauru,NRU,1897,305.4049
Nauru,NRU,1898,309.22342
Nauru,NRU,1899,313.1516
Nauru,NRU,1900,317.2173
Nauru,NRU,1901,321.00214
Nauru,NRU,1902,325.1102
Nauru,NRU,1903,329.61914
Nauru,NRU,1904,334.29755
Nauru,NRU,1905,339.12796
Nauru,NRU,1906,344.0016
Nauru,NRU,1907,348.89886
Nauru,NRU,1908,353.66513
Nauru,NRU,1909,358.2584
Nauru,NRU,1910,362.5692
Nauru,NRU,1911,366.2736
Nauru,NRU,1912,369.72223
Nauru,NRU,1913,373.18082
Nauru,NRU,1914,376.60336
Nauru,NRU,1915,380.169
Nauru,NRU,1916,383.75555
Nauru,NRU,1917,387.27454
Nauru,NRU,1918,390.7855
Nauru,NRU,1919,394.38586
Nauru,NRU,1920,398.05292
Nauru,NRU,1921,403.23093
Nauru,NRU,1922,408.5447
Nauru,NRU,1923,413.97833
Nauru,NRU,1924,419.40842
Nauru,NRU,1925,424.85327
Nauru,NRU,1926,430.22696
Nauru,NRU,1927,435.5149
Nauru,NRU,1928,440.83527
Nauru,NRU,1929,445.8616
Nauru,NRU,1930,450.5926
Nauru,NRU,1931,456.8824
Nauru,NRU,1932,463.3266
Nauru,NRU,1933,469.87762
Nauru,NRU,1934,476.5195
Nauru,NRU,1935,483.22195
Nauru,NRU,1936,490.071
Nauru,NRU,1937,497.17807
Nauru,NRU,1938,504.28198
Nauru,NRU,1939,511.5132
Nauru,NRU,1940,518.7583
Nauru,NRU,1941,528.26
Nauru,NRU,1942,539.67535
Nauru,NRU,1943,553.79767
Nauru,NRU,1944,568.21027
Nauru,NRU,1945,583.7037
Nauru,NRU,1946,599.92944
Nauru,NRU,1947,616.05176
Nauru,NRU,1948,631.6667
Nauru,NRU,1949,645.8775
Nauru,NRU,1950,658.3136
Nauru,NRU,1951,674.38605
Nauru,NRU,1952,690.94104
Nauru,NRU,1953,707.8867
Nauru,NRU,1954,725.43884
Nauru,NRU,1955,743.75867
Nauru,NRU,1956,762.68085
Nauru,NRU,1957,782.4727
Nauru,NRU,1958,803.2297
Nauru,NRU,1959,825.0533
Nauru,NRU,1960,847.94073
Nauru,NRU,1961,921.73773
Nauru,NRU,1962,948.78595
Nauru,NRU,1963,977.9071
Nauru,NRU,1964,30317.898
Nauru,NRU,1965,34027.074
Nauru,NRU,1966,34056.305
Nauru,NRU,1967,48743.984
Nauru,NRU,1968,48810.24
Nauru,NRU,1969,67170.42
Nauru,NRU,1970,67193.33
Nauru,NRU,1971,89209.51
Nauru,NRU,1972,78268.85
Nauru,NRU,1973,85675.25
Nauru,NRU,1974,100381.375
Nauru,NRU,1975,104079.91
Nauru,NRU,1976,104008.09
Nauru,NRU,1977,114966.17
Nauru,NRU,1978,115025.3
Nauru,NRU,1979,115100.63
Nauru,NRU,1980,126140.77
Nauru,NRU,1981,126234.84
Nauru,NRU,1982,126313.84
Nauru,NRU,1983,126372.086
Nauru,NRU,1984,126275.57
Nauru,NRU,1985,126358.734
Nauru,NRU,1986,163081.45
Nauru,NRU,1987,159473.78
Nauru,NRU,1988,159529.81
Nauru,NRU,1989,159556.45
Nauru,NRU,1990,126651.5
Nauru,NRU,1991,126706.02
Nauru,NRU,1992,123096.37
Nauru,NRU,1993,115818.6
Nauru,NRU,1994,112204.57
Nauru,NRU,1995,108520.77
Nauru,NRU,1996,104845.29
Nauru,NRU,1997,104833.31
Nauru,NRU,1998,101154.6
Nauru,NRU,1999,93821.336
Nauru,NRU,2000,86375.17
Nauru,NRU,2001,82810.02
Nauru,NRU,2002,79218.63
Nauru,NRU,2003,68257.47
Nauru,NRU,2004,68237.7
Nauru,NRU,2005,64522.516
Nauru,NRU,2006,46148.812
Nauru,NRU,2007,46217.36
Nauru,NRU,2008,46256.02
Nauru,NRU,2009,42598.145
Nauru,NRU,2010,46285.414
Nauru,NRU,2011,42619.637
Nauru,NRU,2012,46298.61
Nauru,NRU,2013,49979.734
Nauru,NRU,2014,53659.316
Nauru,NRU,2015,57334.203
Nauru,NRU,2016,53675.81
Nauru,NRU,2017,57341.586
Nauru,NRU,2018,57348.543
Nauru,NRU,2019,57347.027
Nauru,NRU,2020,53685.22
Nauru,NRU,2021,57338.76
Nauru,NRU,2022,58660.523
Nauru,NRU,2023,59884.617
Nepal,NPL,1850,8883362
Nepal,NPL,1851,8658212
Nepal,NPL,1852,8568453
Nepal,NPL,1853,8524615
Nepal,NPL,1854,8499276
Nepal,NPL,1855,8472563
Nepal,NPL,1856,8464200
Nepal,NPL,1857,8414478
Nepal,NPL,1858,8449523
Nepal,NPL,1859,8410907
Nepal,NPL,1860,8421617
Nepal,NPL,1861,8443013
Nepal,NPL,1862,8457746
Nepal,NPL,1863,8466859
Nepal,NPL,1864,8458369
Nepal,NPL,1865,8546357
Nepal,NPL,1866,8530135
Nepal,NPL,1867,8536688
Nepal,NPL,1868,8548189
Nepal,NPL,1869,8559968
Nepal,NPL,1870,9233907
Nepal,NPL,1871,9568211
Nepal,NPL,1872,9785601
Nepal,NPL,1873,9990580
Nepal,NPL,1874,10222828
Nepal,NPL,1875,10383279
Nepal,NPL,1876,10580334
Nepal,NPL,1877,10734069
Nepal,NPL,1878,10920195
Nepal,NPL,1879,11074800
Nepal,NPL,1880,10412654
Nepal,NPL,1881,10213083
Nepal,NPL,1882,10153398
Nepal,NPL,1883,10107168
Nepal,NPL,1884,10096263
Nepal,NPL,1885,10093285
Nepal,NPL,1886,10097015
Nepal,NPL,1887,10126510
Nepal,NPL,1888,10171742
Nepal,NPL,1889,10158694
Nepal,NPL,1890,10425410
Nepal,NPL,1891,10516846
Nepal,NPL,1892,10597953
Nepal,NPL,1893,10647298
Nepal,NPL,1894,10707585
Nepal,NPL,1895,10766945
Nepal,NPL,1896,10839594
Nepal,NPL,1897,10908049
Nepal,NPL,1898,10967814
Nepal,NPL,1899,11041396
Nepal,NPL,1900,12883486
Nepal,NPL,1901,13696416
Nepal,NPL,1902,14225521
Nepal,NPL,1903,14605094
Nepal,NPL,1904,14996794
Nepal,NPL,1905,15346003
Nepal,NPL,1906,15596172
Nepal,NPL,1907,15866319
Nepal,NPL,1908,16113590
Nepal,NPL,1909,16431941
Nepal,NPL,1910,18072358
Nepal,NPL,1911,18470800
Nepal,NPL,1912,19203682
Nepal,NPL,1913,19720510
Nepal,NPL,1914,20234748
Nepal,NPL,1915,20300826
Nepal,NPL,1916,21207048
Nepal,NPL,1917,21345824
Nepal,NPL,1918,21648006
Nepal,NPL,1919,21652482
Nepal,NPL,1920,20614928
Nepal,NPL,1921,20381632
Nepal,NPL,1922,20278304
Nepal,NPL,1923,20014794
Nepal,NPL,1924,20113766
Nepal,NPL,1925,20209282
Nepal,NPL,1926,20266276
Nepal,NPL,1927,20359286
Nepal,NPL,1928,20462404
Nepal,NPL,1929,20600792
Nepal,NPL,1930,20321654
Nepal,NPL,1931,20337912
Nepal,NPL,1932,20364612
Nepal,NPL,1933,20597436
Nepal,NPL,1934,20629810
Nepal,NPL,1935,20769506
Nepal,NPL,1936,21055800
Nepal,NPL,1937,21187012
Nepal,NPL,1938,21436774
Nepal,NPL,1939,21615934
Nepal,NPL,1940,21755744
Nepal,NPL,1941,21886130
Nepal,NPL,1942,22191516
Nepal,NPL,1943,22415184
Nepal,NPL,1944,22683934
Nepal,NPL,1945,22987872
Nepal,NPL,1946,23259352
Nepal,NPL,1947,23476270
Nepal,NPL,1948,23789928
Nepal,NPL,1949,24103036
Nepal,NPL,1950,26752924
Nepal,NPL,1951,26377918
Nepal,NPL,1952,28775996
Nepal,NPL,1953,27666852
Nepal,NPL,1954,28057058
Nepal,NPL,1955,28173346
Nepal,NPL,1956,28745618
Nepal,NPL,1957,28083356
Nepal,NPL,1958,28726380
Nepal,NPL,1959,28047260
Nepal,NPL,1960,28065604
Nepal,NPL,1961,28912452
Nepal,NPL,1962,29658108
Nepal,NPL,1963,29117086
Nepal,NPL,1964,29141872
Nepal,NPL,1965,29353264
Nepal,NPL,1966,30475464
Nepal,NPL,1967,30390610
Nepal,NPL,1968,31773044
Nepal,NPL,1969,44103652
Nepal,NPL,1970,38916236
Nepal,NPL,1971,48247870
Nepal,NPL,1972,53695510
Nepal,NPL,1973,49174870
Nepal,NPL,1974,46570616
Nepal,NPL,1975,45212216
Nepal,NPL,1976,43780532
Nepal,NPL,1977,43280068
Nepal,NPL,1978,42478850
Nepal,NPL,1979,41451910
Nepal,NPL,1980,41200372
Nepal,NPL,1981,39769964
Nepal,NPL,1982,38366916
Nepal,NPL,1983,38896770
Nepal,NPL,1984,39015976
Nepal,NPL,1985,39404544
Nepal,NPL,1986,39825812
Nepal,NPL,1987,41285784
Nepal,NPL,1988,45601644
Nepal,NPL,1989,46747716
Nepal,NPL,1990,47013772
Nepal,NPL,1991,46868956
Nepal,NPL,1992,45485284
Nepal,NPL,1993,43396810
Nepal,NPL,1994,43355748
Nepal,NPL,1995,42804496
Nepal,NPL,1996,42169496
Nepal,NPL,1997,42415896
Nepal,NPL,1998,45946290
Nepal,NPL,1999,44716450
Nepal,NPL,2000,45445880
Nepal,NPL,2001,44496988
Nepal,NPL,2002,43453588
Nepal,NPL,2003,44874456
Nepal,NPL,2004,44099276
Nepal,NPL,2005,45074364
Nepal,NPL,2006,43793276
Nepal,NPL,2007,43936550
Nepal,NPL,2008,45155444
Nepal,NPL,2009,45871268
Nepal,NPL,2010,47427612
Nepal,NPL,2011,46966640
Nepal,NPL,2012,46770628
Nepal,NPL,2013,47062110
Nepal,NPL,2014,48628244
Nepal,NPL,2015,49548810
Nepal,NPL,2016,53083450
Nepal,NPL,2017,56621530
Nepal,NPL,2018,57179230
Nepal,NPL,2019,56241584
Nepal,NPL,2020,60210056
Nepal,NPL,2021,59959610
Nepal,NPL,2022,60176776
Nepal,NPL,2023,61135030
Netherlands,NLD,1850,15762111
Netherlands,NLD,1851,15708704
Netherlands,NLD,1852,16261932
Netherlands,NLD,1853,17063656
Netherlands,NLD,1854,19173972
Netherlands,NLD,1855,17553142
Netherlands,NLD,1856,17879728
Netherlands,NLD,1857,17522178
Netherlands,NLD,1858,16917834
Netherlands,NLD,1859,16400368
Netherlands,NLD,1860,18377086
Netherlands,NLD,1861,17895812
Netherlands,NLD,1862,19054706
Netherlands,NLD,1863,17542676
Netherlands,NLD,1864,16872792
Netherlands,NLD,1865,17213266
Netherlands,NLD,1866,17628568
Netherlands,NLD,1867,17963354
Netherlands,NLD,1868,18079028
Netherlands,NLD,1869,18384156
Netherlands,NLD,1870,19448282
Netherlands,NLD,1871,19609186
Netherlands,NLD,1872,19949224
Netherlands,NLD,1873,20395550
Netherlands,NLD,1874,20549874
Netherlands,NLD,1875,21041302
Netherlands,NLD,1876,22319758
Netherlands,NLD,1877,22776964
Netherlands,NLD,1878,23069266
Netherlands,NLD,1879,23532272
Netherlands,NLD,1880,25468998
Netherlands,NLD,1881,25393132
Netherlands,NLD,1882,25454916
Netherlands,NLD,1883,26628676
Netherlands,NLD,1884,26746670
Netherlands,NLD,1885,27070516
Netherlands,NLD,1886,27441292
Netherlands,NLD,1887,28473904
Netherlands,NLD,1888,29542212
Netherlands,NLD,1889,29559024
Netherlands,NLD,1890,29818944
Netherlands,NLD,1891,31303062
Netherlands,NLD,1892,30479492
Netherlands,NLD,1893,31574116
Netherlands,NLD,1894,32166092
Netherlands,NLD,1895,31794148
Netherlands,NLD,1896,33123340
Netherlands,NLD,1897,34008132
Netherlands,NLD,1898,33751556
Netherlands,NLD,1899,33785716
Netherlands,NLD,1900,36300850
Netherlands,NLD,1901,35793812
Netherlands,NLD,1902,35382748
Netherlands,NLD,1903,36020220
Netherlands,NLD,1904,37638510
Netherlands,NLD,1905,38242884
Netherlands,NLD,1906,39276390
Netherlands,NLD,1907,40043060
Netherlands,NLD,1908,40439976
Netherlands,NLD,1909,41281892
Netherlands,NLD,1910,41837176
Netherlands,NLD,1911,43984916
Netherlands,NLD,1912,46600336
Netherlands,NLD,1913,49072650
Netherlands,NLD,1914,47380836
Netherlands,NLD,1915,46024308
Netherlands,NLD,1916,43673508
Netherlands,NLD,1917,29525926
Netherlands,NLD,1918,35963708
Netherlands,NLD,1919,43323132
Netherlands,NLD,1920,43267810
Netherlands,NLD,1921,44840820
Netherlands,NLD,1922,49374380
Netherlands,NLD,1923,48383980
Netherlands,NLD,1924,51307510
Netherlands,NLD,1925,54308576
Netherlands,NLD,1926,55152268
Netherlands,NLD,1927,58699680
Netherlands,NLD,1928,58876484
Netherlands,NLD,1929,62318800
Netherlands,NLD,1930,61264216
Netherlands,NLD,1931,65171130
Netherlands,NLD,1932,61674390
Netherlands,NLD,1933,58800264
Netherlands,NLD,1934,58733290
Netherlands,NLD,1935,56867980
Netherlands,NLD,1936,59544164
Netherlands,NLD,1937,63532140
Netherlands,NLD,1938,63177916
Netherlands,NLD,1939,60182844
Netherlands,NLD,1940,52845230
Netherlands,NLD,1941,57181420
Netherlands,NLD,1942,55029132
Netherlands,NLD,1943,56406452
Netherlands,NLD,1944,45293236
Netherlands,NLD,1945,37114428
Netherlands,NLD,1946,54783044
Netherlands,NLD,1947,69490380
Netherlands,NLD,1948,73053130
Netherlands,NLD,1949,77358450
Netherlands,NLD,1950,77991790
Netherlands,NLD,1951,82053260
Netherlands,NLD,1952,82565096
Netherlands,NLD,1953,83852660
Netherlands,NLD,1954,87604990
Netherlands,NLD,1955,91205790
Netherlands,NLD,1956,96065050
Netherlands,NLD,1957,96461160
Netherlands,NLD,1958,99785720
Netherlands,NLD,1959,101757120
Netherlands,NLD,1960,109329140
Netherlands,NLD,1961,113121610
Netherlands,NLD,1962,122902264
Netherlands,NLD,1963,131767390
Netherlands,NLD,1964,138702240
Netherlands,NLD,1965,144069090
Netherlands,NLD,1966,149154750
Netherlands,NLD,1967,154356820
Netherlands,NLD,1968,162787950
Netherlands,NLD,1969,166124720
Netherlands,NLD,1970,191950380
Netherlands,NLD,1971,191455580
Netherlands,NLD,1972,210954200
Netherlands,NLD,1973,221851520
Netherlands,NLD,1974,219762560
Netherlands,NLD,1975,212959220
Netherlands,NLD,1976,230720240
Netherlands,NLD,1977,225151300
Netherlands,NLD,1978,231430540
Netherlands,NLD,1979,249988260
Netherlands,NLD,1980,239987580
Netherlands,NLD,1981,226668930
Netherlands,NLD,1982,194469890
Netherlands,NLD,1983,199645220
Netherlands,NLD,1984,207908260
Netherlands,NLD,1985,210861040
Netherlands,NLD,1986,207990640
Netherlands,NLD,1987,215210130
Netherlands,NLD,1988,207480940
Netherlands,NLD,1989,223786190
Netherlands,NLD,1990,224875250
Netherlands,NLD,1991,234108510
Netherlands,NLD,1992,233400510
Netherlands,NLD,1993,233018240
Netherlands,NLD,1994,232951420
Netherlands,NLD,1995,233624590
Netherlands,NLD,1996,243729440
Netherlands,NLD,1997,232914860
Netherlands,NLD,1998,233956350
Netherlands,NLD,1999,226297900
Netherlands,NLD,2000,224928910
Netherlands,NLD,2001,229257120
Netherlands,NLD,2002,227895070
Netherlands,NLD,2003,232682100
Netherlands,NLD,2004,236856600
Netherlands,NLD,2005,232911570
Netherlands,NLD,2006,228452640
Netherlands,NLD,2007,225641070
Netherlands,NLD,2008,223106610
Netherlands,NLD,2009,216812580
Netherlands,NLD,2010,228203220
Netherlands,NLD,2011,213094510
Netherlands,NLD,2012,212444320
Netherlands,NLD,2013,211558270
Netherlands,NLD,2014,203535400
Netherlands,NLD,2015,209520130
Netherlands,NLD,2016,210964350
Netherlands,NLD,2017,206723360
Netherlands,NLD,2018,200680590
Netherlands,NLD,2019,193763870
Netherlands,NLD,2020,174694990
Netherlands,NLD,2021,176843310
Netherlands,NLD,2022,162939860
Netherlands,NLD,2023,153143840
New Zealand,NZL,1850,23636296
New Zealand,NZL,1851,22539994
New Zealand,NZL,1852,23232414
New Zealand,NZL,1853,21640298
New Zealand,NZL,1854,21592918
New Zealand,NZL,1855,21796072
New Zealand,NZL,1856,18600476
New Zealand,NZL,1857,21159026
New Zealand,NZL,1858,21306314
New Zealand,NZL,1859,21445856
New Zealand,NZL,1860,21683848
New Zealand,NZL,1861,21723404
New Zealand,NZL,1862,22420748
New Zealand,NZL,1863,24288692
New Zealand,NZL,1864,25732384
New Zealand,NZL,1865,23520904
New Zealand,NZL,1866,24193068
New Zealand,NZL,1867,24539134
New Zealand,NZL,1868,26672562
New Zealand,NZL,1869,24039244
New Zealand,NZL,1870,27852174
New Zealand,NZL,1871,27562900
New Zealand,NZL,1872,26912180
New Zealand,NZL,1873,28983748
New Zealand,NZL,1874,28123474
New Zealand,NZL,1875,28479514
New Zealand,NZL,1876,29344364
New Zealand,NZL,1877,31123526
New Zealand,NZL,1878,31455354
New Zealand,NZL,1879,33193830
New Zealand,NZL,1880,32451794
New Zealand,NZL,1881,34512310
New Zealand,NZL,1882,37746970
New Zealand,NZL,1883,37673244
New Zealand,NZL,1884,39166830
New Zealand,NZL,1885,37265470
New Zealand,NZL,1886,38740820
New Zealand,NZL,1887,41426550
New Zealand,NZL,1888,40330430
New Zealand,NZL,1889,40269332
New Zealand,NZL,1890,42005556
New Zealand,NZL,1891,40317736
New Zealand,NZL,1892,43563380
New Zealand,NZL,1893,44955490
New Zealand,NZL,1894,44282170
New Zealand,NZL,1895,45050640
New Zealand,NZL,1896,44567076
New Zealand,NZL,1897,46615480
New Zealand,NZL,1898,46446880
New Zealand,NZL,1899,46619216
New Zealand,NZL,1900,45662416
New Zealand,NZL,1901,45412130
New Zealand,NZL,1902,45052696
New Zealand,NZL,1903,47133936
New Zealand,NZL,1904,46696710
New Zealand,NZL,1905,45792616
New Zealand,NZL,1906,47543096
New Zealand,NZL,1907,47000220
New Zealand,NZL,1908,47766956
New Zealand,NZL,1909,48061404
New Zealand,NZL,1910,50395816
New Zealand,NZL,1911,51150840
New Zealand,NZL,1912,50703536
New Zealand,NZL,1913,51140292
New Zealand,NZL,1914,51322376
New Zealand,NZL,1915,51878868
New Zealand,NZL,1916,51666036
New Zealand,NZL,1917,50576610
New Zealand,NZL,1918,52345572
New Zealand,NZL,1919,50649420
New Zealand,NZL,1920,50502268
New Zealand,NZL,1921,50482810
New Zealand,NZL,1922,47436020
New Zealand,NZL,1923,50206012
New Zealand,NZL,1924,47621492
New Zealand,NZL,1925,49001116
New Zealand,NZL,1926,50282400
New Zealand,NZL,1927,48110770
New Zealand,NZL,1928,48993870
New Zealand,NZL,1929,49778028
New Zealand,NZL,1930,50485964
New Zealand,NZL,1931,48911936
New Zealand,NZL,1932,47586516
New Zealand,NZL,1933,48234310
New Zealand,NZL,1934,49154616
New Zealand,NZL,1935,49585700
New Zealand,NZL,1936,49864108
New Zealand,NZL,1937,48680932
New Zealand,NZL,1938,51599230
New Zealand,NZL,1939,49351564
New Zealand,NZL,1940,50252964
New Zealand,NZL,1941,53671796
New Zealand,NZL,1942,51891156
New Zealand,NZL,1943,52273052
New Zealand,NZL,1944,55505788
New Zealand,NZL,1945,56171104
New Zealand,NZL,1946,58679720
New Zealand,NZL,1947,57613270
New Zealand,NZL,1948,60094040
New Zealand,NZL,1949,61671150
New Zealand,NZL,1950,73063976
New Zealand,NZL,1951,77126070
New Zealand,NZL,1952,81139896
New Zealand,NZL,1953,84002460
New Zealand,NZL,1954,86846900
New Zealand,NZL,1955,87957820
New Zealand,NZL,1956,90315976
New Zealand,NZL,1957,93383256
New Zealand,NZL,1958,95447030
New Zealand,NZL,1959,94823070
New Zealand,NZL,1960,83360370
New Zealand,NZL,1961,80987370
New Zealand,NZL,1962,78397510
New Zealand,NZL,1963,79217600
New Zealand,NZL,1964,74282180
New Zealand,NZL,1965,72838870
New Zealand,NZL,1966,74003810
New Zealand,NZL,1967,76311050
New Zealand,NZL,1968,77675310
New Zealand,NZL,1969,77236610
New Zealand,NZL,1970,82830890
New Zealand,NZL,1971,104908130
New Zealand,NZL,1972,88314210
New Zealand,NZL,1973,87335590
New Zealand,NZL,1974,115231096
New Zealand,NZL,1975,121929350
New Zealand,NZL,1976,97100630
New Zealand,NZL,1977,103219336
New Zealand,NZL,1978,88876870
New Zealand,NZL,1979,92430984
New Zealand,NZL,1980,127855870
New Zealand,NZL,1981,94990210
New Zealand,NZL,1982,84184340
New Zealand,NZL,1983,83920120
New Zealand,NZL,1984,81800000
New Zealand,NZL,1985,82294130
New Zealand,NZL,1986,83088824
New Zealand,NZL,1987,81959760
New Zealand,NZL,1988,81981270
New Zealand,NZL,1989,77582640
New Zealand,NZL,1990,77617480
New Zealand,NZL,1991,78413070
New Zealand,NZL,1992,76275310
New Zealand,NZL,1993,74395750
New Zealand,NZL,1994,80105090
New Zealand,NZL,1995,74858290
New Zealand,NZL,1996,75252940
New Zealand,NZL,1997,77602620
New Zealand,NZL,1998,79862730
New Zealand,NZL,1999,79792450
New Zealand,NZL,2000,86713330
New Zealand,NZL,2001,111580610
New Zealand,NZL,2002,88469750
New Zealand,NZL,2003,85697230
New Zealand,NZL,2004,81221900
New Zealand,NZL,2005,77893336
New Zealand,NZL,2006,86762180
New Zealand,NZL,2007,81317784
New Zealand,NZL,2008,86826440
New Zealand,NZL,2009,79775750
New Zealand,NZL,2010,77928744
New Zealand,NZL,2011,79011410
New Zealand,NZL,2012,80770616
New Zealand,NZL,2013,80733210
New Zealand,NZL,2014,80281500
New Zealand,NZL,2015,82412376
New Zealand,NZL,2016,81356510
New Zealand,NZL,2017,85890640
New Zealand,NZL,2018,87607600
New Zealand,NZL,2019,85998250
New Zealand,NZL,2020,83782780
New Zealand,NZL,2021,84509170
New Zealand,NZL,2022,81190860
New Zealand,NZL,2023,79288000
Nicaragua,NIC,1850,7028678
Nicaragua,NIC,1851,7053040
Nicaragua,NIC,1852,6175512
Nicaragua,NIC,1853,5064017
Nicaragua,NIC,1854,5090718.5
Nicaragua,NIC,1855,4567442.5
Nicaragua,NIC,1856,4558797
Nicaragua,NIC,1857,4664786
Nicaragua,NIC,1858,4682401.5
Nicaragua,NIC,1859,4273506.5
Nicaragua,NIC,1860,4534108.5
Nicaragua,NIC,1861,4237225.5
Nicaragua,NIC,1862,4502760.5
Nicaragua,NIC,1863,5366136.5
Nicaragua,NIC,1864,4428453
Nicaragua,NIC,1865,4348273.5
Nicaragua,NIC,1866,3916463
Nicaragua,NIC,1867,4178947.5
Nicaragua,NIC,1868,4356139.5
Nicaragua,NIC,1869,4380485.5
Nicaragua,NIC,1870,4405115
Nicaragua,NIC,1871,5186459.5
Nicaragua,NIC,1872,7069422
Nicaragua,NIC,1873,6357731
Nicaragua,NIC,1874,7797711
Nicaragua,NIC,1875,6681375.5
Nicaragua,NIC,1876,8356783
Nicaragua,NIC,1877,8460433
Nicaragua,NIC,1878,7820877
Nicaragua,NIC,1879,7861019.5
Nicaragua,NIC,1880,7570648.5
Nicaragua,NIC,1881,7368933.5
Nicaragua,NIC,1882,7248851
Nicaragua,NIC,1883,9143913
Nicaragua,NIC,1884,9497321
Nicaragua,NIC,1885,10128491
Nicaragua,NIC,1886,8834175
Nicaragua,NIC,1887,8341026
Nicaragua,NIC,1888,7706771.5
Nicaragua,NIC,1889,9100220
Nicaragua,NIC,1890,10036051
Nicaragua,NIC,1891,9359041
Nicaragua,NIC,1892,10861133
Nicaragua,NIC,1893,8889228
Nicaragua,NIC,1894,10955849
Nicaragua,NIC,1895,11009080
Nicaragua,NIC,1896,11668481
Nicaragua,NIC,1897,10804189
Nicaragua,NIC,1898,9185659
Nicaragua,NIC,1899,10620798
Nicaragua,NIC,1900,9606539
Nicaragua,NIC,1901,10334280
Nicaragua,NIC,1902,11865230
Nicaragua,NIC,1903,11524288
Nicaragua,NIC,1904,11043231
Nicaragua,NIC,1905,12247402
Nicaragua,NIC,1906,13261840
Nicaragua,NIC,1907,10518469
Nicaragua,NIC,1908,11555162
Nicaragua,NIC,1909,12862406
Nicaragua,NIC,1910,11790566
Nicaragua,NIC,1911,12508303
Nicaragua,NIC,1912,12996810
Nicaragua,NIC,1913,12180694
Nicaragua,NIC,1914,12097212
Nicaragua,NIC,1915,15192690
Nicaragua,NIC,1916,13496452
Nicaragua,NIC,1917,13669143
Nicaragua,NIC,1918,13906343
Nicaragua,NIC,1919,13427338
Nicaragua,NIC,1920,17821094
Nicaragua,NIC,1921,24809746
Nicaragua,NIC,1922,24661646
Nicaragua,NIC,1923,24993284
Nicaragua,NIC,1924,27473604
Nicaragua,NIC,1925,26060948
Nicaragua,NIC,1926,25844906
Nicaragua,NIC,1927,27106256
Nicaragua,NIC,1928,26904900
Nicaragua,NIC,1929,24393728
Nicaragua,NIC,1930,27863232
Nicaragua,NIC,1931,27555496
Nicaragua,NIC,1932,26232638
Nicaragua,NIC,1933,27095422
Nicaragua,NIC,1934,27938600
Nicaragua,NIC,1935,27474650
Nicaragua,NIC,1936,27055384
Nicaragua,NIC,1937,27482980
Nicaragua,NIC,1938,30215438
Nicaragua,NIC,1939,27800518
Nicaragua,NIC,1940,32740344
Nicaragua,NIC,1941,37413410
Nicaragua,NIC,1942,40727850
Nicaragua,NIC,1943,41299700
Nicaragua,NIC,1944,40608188
Nicaragua,NIC,1945,41671532
Nicaragua,NIC,1946,43699420
Nicaragua,NIC,1947,39900164
Nicaragua,NIC,1948,42816868
Nicaragua,NIC,1949,42001170
Nicaragua,NIC,1950,45632224
Nicaragua,NIC,1951,45533690
Nicaragua,NIC,1952,49807372
Nicaragua,NIC,1953,53330196
Nicaragua,NIC,1954,53535540
Nicaragua,NIC,1955,57253932
Nicaragua,NIC,1956,57799824
Nicaragua,NIC,1957,59140108
Nicaragua,NIC,1958,61553668
Nicaragua,NIC,1959,65408452
Nicaragua,NIC,1960,47822184
Nicaragua,NIC,1961,34845130
Nicaragua,NIC,1962,33840790
Nicaragua,NIC,1963,34642052
Nicaragua,NIC,1964,31295858
Nicaragua,NIC,1965,32807302
Nicaragua,NIC,1966,26660974
Nicaragua,NIC,1967,26254056
Nicaragua,NIC,1968,24874718
Nicaragua,NIC,1969,23782100
Nicaragua,NIC,1970,25237324
Nicaragua,NIC,1971,24059206
Nicaragua,NIC,1972,26950096
Nicaragua,NIC,1973,23489998
Nicaragua,NIC,1974,26421944
Nicaragua,NIC,1975,25074086
Nicaragua,NIC,1976,34629244
Nicaragua,NIC,1977,28744696
Nicaragua,NIC,1978,26247104
Nicaragua,NIC,1979,26383484
Nicaragua,NIC,1980,36286748
Nicaragua,NIC,1981,37663932
Nicaragua,NIC,1982,29958474
Nicaragua,NIC,1983,34382264
Nicaragua,NIC,1984,38801228
Nicaragua,NIC,1985,32829500
Nicaragua,NIC,1986,31672342
Nicaragua,NIC,1987,36985790
Nicaragua,NIC,1988,42167548
Nicaragua,NIC,1989,38821584
Nicaragua,NIC,1990,38306200
Nicaragua,NIC,1991,38479760
Nicaragua,NIC,1992,43848308
Nicaragua,NIC,1993,47212836
Nicaragua,NIC,1994,75502000
Nicaragua,NIC,1995,79132456
Nicaragua,NIC,1996,83368780
Nicaragua,NIC,1997,79747224
Nicaragua,NIC,1998,83517360
Nicaragua,NIC,1999,88071416
Nicaragua,NIC,2000,85697360
Nicaragua,NIC,2001,79660984
Nicaragua,NIC,2002,74509110
Nicaragua,NIC,2003,75738520
Nicaragua,NIC,2004,64575428
Nicaragua,NIC,2005,57851068
Nicaragua,NIC,2006,57781250
Nicaragua,NIC,2007,53433250
Nicaragua,NIC,2008,47079750
Nicaragua,NIC,2009,47094660
Nicaragua,NIC,2010,46080770
Nicaragua,NIC,2011,42106092
Nicaragua,NIC,2012,40385860
Nicaragua,NIC,2013,37367412
Nicaragua,NIC,2014,34815640
Nicaragua,NIC,2015,39586996
Nicaragua,NIC,2016,40178370
Nicaragua,NIC,2017,40446060
Nicaragua,NIC,2018,37969450
Nicaragua,NIC,2019,38451190
Nicaragua,NIC,2020,37187116
Nicaragua,NIC,2021,39149812
Nicaragua,NIC,2022,40091412
Nicaragua,NIC,2023,41914320
Niger,NER,1850,3610385
Niger,NER,1851,3554140.2
Niger,NER,1852,3503209.5
Niger,NER,1853,3455329.8
Niger,NER,1854,3408897.2
Niger,NER,1855,3355960
Niger,NER,1856,3310908.2
Niger,NER,1857,3252507.5
Niger,NER,1858,3197730.8
Niger,NER,1859,3146449.2
Niger,NER,1860,3110130.2
Niger,NER,1861,3072451.2
Niger,NER,1862,3033403.8
Niger,NER,1863,2987843.8
Niger,NER,1864,2974715
Niger,NER,1865,2923937.5
Niger,NER,1866,2875580.2
Niger,NER,1867,2804347.8
Niger,NER,1868,2789065.2
Niger,NER,1869,2742954.8
Niger,NER,1870,2738759.5
Niger,NER,1871,2725191.5
Niger,NER,1872,2726450
Niger,NER,1873,2722895.8
Niger,NER,1874,2714354.2
Niger,NER,1875,2705477.5
Niger,NER,1876,2700030.2
Niger,NER,1877,2700979.2
Niger,NER,1878,2733843.8
Niger,NER,1879,2688987.2
Niger,NER,1880,2743535.8
Niger,NER,1881,2756105.2
Niger,NER,1882,2774927.5
Niger,NER,1883,2768732
Niger,NER,1884,2762627.2
Niger,NER,1885,2776495.8
Niger,NER,1886,2785368.8
Niger,NER,1887,2804408.2
Niger,NER,1888,2805495.2
Niger,NER,1889,2803288
Niger,NER,1890,2868007.2
Niger,NER,1891,2945333.2
Niger,NER,1892,2970297.2
Niger,NER,1893,3012225.2
Niger,NER,1894,3035846.2
Niger,NER,1895,3051276
Niger,NER,1896,3076508.5
Niger,NER,1897,3144761.8
Niger,NER,1898,3275733.5
Niger,NER,1899,3470938.5
Niger,NER,1900,3751732.5
Niger,NER,1901,4127537.8
Niger,NER,1902,4509121.5
Niger,NER,1903,4952281
Niger,NER,1904,5424420
Niger,NER,1905,5884066
Niger,NER,1906,6368083
Niger,NER,1907,6846971
Niger,NER,1908,7304749.5
Niger,NER,1909,7774336.5
Niger,NER,1910,8426440
Niger,NER,1911,9028700
Niger,NER,1912,9593122
Niger,NER,1913,10151625
Niger,NER,1914,10689904
Niger,NER,1915,11219724
Niger,NER,1916,11785479
Niger,NER,1917,12210924
Niger,NER,1918,12719191
Niger,NER,1919,13154168
Niger,NER,1920,13909602
Niger,NER,1921,14531247
Niger,NER,1922,15072387
Niger,NER,1923,15607188
Niger,NER,1924,16083987
Niger,NER,1925,16459512
Niger,NER,1926,16827456
Niger,NER,1927,17228440
Niger,NER,1928,17611912
Niger,NER,1929,17899684
Niger,NER,1930,19036052
Niger,NER,1931,19866870
Niger,NER,1932,20253838
Niger,NER,1933,20664868
Niger,NER,1934,20985150
Niger,NER,1935,21236792
Niger,NER,1936,21509292
Niger,NER,1937,21653994
Niger,NER,1938,22089842
Niger,NER,1939,22146572
Niger,NER,1940,25158872
Niger,NER,1941,27130718
Niger,NER,1942,28832756
Niger,NER,1943,29760324
Niger,NER,1944,31224130
Niger,NER,1945,32093656
Niger,NER,1946,33065898
Niger,NER,1947,33996188
Niger,NER,1948,34482920
Niger,NER,1949,35078676
Niger,NER,1950,37454896
Niger,NER,1951,38882350
Niger,NER,1952,39723510
Niger,NER,1953,40335260
Niger,NER,1954,40702930
Niger,NER,1955,40921370
Niger,NER,1956,40958156
Niger,NER,1957,41205000
Niger,NER,1958,41440036
Niger,NER,1959,41956964
Niger,NER,1960,42604276
Niger,NER,1961,34760132
Niger,NER,1962,31015464
Niger,NER,1963,28433954
Niger,NER,1964,27112832
Niger,NER,1965,25770724
Niger,NER,1966,24520786
Niger,NER,1967,38342560
Niger,NER,1968,32006234
Niger,NER,1969,19620774
Niger,NER,1970,18532734
Niger,NER,1971,17168758
Niger,NER,1972,13292566
Niger,NER,1973,712417.44
Niger,NER,1974,1176832.6
Niger,NER,1975,2250883.2
Niger,NER,1976,3790542.5
Niger,NER,1977,6149417
Niger,NER,1978,12074804
Niger,NER,1979,17223630
Niger,NER,1980,10494599
Niger,NER,1981,11860043
Niger,NER,1982,13327487
Niger,NER,1983,9971672
Niger,NER,1984,4950900.5
Niger,NER,1985,2893999.8
Niger,NER,1986,-22463.682
Niger,NER,1987,261619.78
Niger,NER,1988,6906966.5
Niger,NER,1989,43551820
Niger,NER,1990,60294804
Niger,NER,1991,69149550
Niger,NER,1992,56819710
Niger,NER,1993,53538210
Niger,NER,1994,66915560
Niger,NER,1995,52967704
Niger,NER,1996,46327936
Niger,NER,1997,42188370
Niger,NER,1998,38378268
Niger,NER,1999,34968070
Niger,NER,2000,32109888
Niger,NER,2001,29898124
Niger,NER,2002,30231020
Niger,NER,2003,29270910
Niger,NER,2004,27183764
Niger,NER,2005,27832834
Niger,NER,2006,38232236
Niger,NER,2007,31874008
Niger,NER,2008,30332458
Niger,NER,2009,34207220
Niger,NER,2010,41594670
Niger,NER,2011,53034388
Niger,NER,2012,62513260
Niger,NER,2013,54734508
Niger,NER,2014,59062716
Niger,NER,2015,66129064
Niger,NER,2016,63274410
Niger,NER,2017,58247484
Niger,NER,2018,56722350
Niger,NER,2019,55755010
Niger,NER,2020,55550400
Niger,NER,2021,57520556
Niger,NER,2022,59228450
Niger,NER,2023,60733464
Nigeria,NGA,1850,10537607
Nigeria,NGA,1851,9571247
Nigeria,NGA,1852,9297858
Nigeria,NGA,1853,9445453
Nigeria,NGA,1854,8960855
Nigeria,NGA,1855,8833743
Nigeria,NGA,1856,8727176
Nigeria,NGA,1857,8588434
Nigeria,NGA,1858,8552153
Nigeria,NGA,1859,8523658
Nigeria,NGA,1860,8711004
Nigeria,NGA,1861,8719696
Nigeria,NGA,1862,8850915
Nigeria,NGA,1863,8923651
Nigeria,NGA,1864,8980205
Nigeria,NGA,1865,9273290
Nigeria,NGA,1866,9290346
Nigeria,NGA,1867,9196109
Nigeria,NGA,1868,9146706
Nigeria,NGA,1869,9190176
Nigeria,NGA,1870,9413313
Nigeria,NGA,1871,9587545
Nigeria,NGA,1872,9680161
Nigeria,NGA,1873,9872213
Nigeria,NGA,1874,10105515
Nigeria,NGA,1875,10128894
Nigeria,NGA,1876,10131791
Nigeria,NGA,1877,10174232
Nigeria,NGA,1878,10404149
Nigeria,NGA,1879,10294317
Nigeria,NGA,1880,10802732
Nigeria,NGA,1881,10990553
Nigeria,NGA,1882,11137455
Nigeria,NGA,1883,11266489
Nigeria,NGA,1884,11566611
Nigeria,NGA,1885,11357394
Nigeria,NGA,1886,11326046
Nigeria,NGA,1887,11525872
Nigeria,NGA,1888,11710656
Nigeria,NGA,1889,11794717
Nigeria,NGA,1890,12413766
Nigeria,NGA,1891,12788019
Nigeria,NGA,1892,13299513
Nigeria,NGA,1893,13830055
Nigeria,NGA,1894,14322935
Nigeria,NGA,1895,14717934
Nigeria,NGA,1896,15228840
Nigeria,NGA,1897,15725321
Nigeria,NGA,1898,16350161
Nigeria,NGA,1899,16999714
Nigeria,NGA,1900,18112688
Nigeria,NGA,1901,19074618
Nigeria,NGA,1902,20008592
Nigeria,NGA,1903,20903784
Nigeria,NGA,1904,21743660
Nigeria,NGA,1905,22247360
Nigeria,NGA,1906,23193008
Nigeria,NGA,1907,23761912
Nigeria,NGA,1908,24642122
Nigeria,NGA,1909,25372350
Nigeria,NGA,1910,26995118
Nigeria,NGA,1911,28630612
Nigeria,NGA,1912,30016388
Nigeria,NGA,1913,30809518
Nigeria,NGA,1914,31794332
Nigeria,NGA,1915,32873392
Nigeria,NGA,1916,33879744
Nigeria,NGA,1917,35084836
Nigeria,NGA,1918,36323988
Nigeria,NGA,1919,37156980
Nigeria,NGA,1920,40465156
Nigeria,NGA,1921,42870732
Nigeria,NGA,1922,44766268
Nigeria,NGA,1923,46729600
Nigeria,NGA,1924,48823604
Nigeria,NGA,1925,50428570
Nigeria,NGA,1926,52252836
Nigeria,NGA,1927,54107540
Nigeria,NGA,1928,56172956
Nigeria,NGA,1929,58100056
Nigeria,NGA,1930,65377984
Nigeria,NGA,1931,70435760
Nigeria,NGA,1932,72599860
Nigeria,NGA,1933,76592536
Nigeria,NGA,1934,79259500
Nigeria,NGA,1935,81477510
Nigeria,NGA,1936,83789570
Nigeria,NGA,1937,85469890
Nigeria,NGA,1938,87720600
Nigeria,NGA,1939,89506270
Nigeria,NGA,1940,110252216
Nigeria,NGA,1941,124834120
Nigeria,NGA,1942,135040980
Nigeria,NGA,1943,141893780
Nigeria,NGA,1944,148385600
Nigeria,NGA,1945,154694600
Nigeria,NGA,1946,164057090
Nigeria,NGA,1947,170145250
Nigeria,NGA,1948,179013400
Nigeria,NGA,1949,184513490
Nigeria,NGA,1950,179847970
Nigeria,NGA,1951,178341420
Nigeria,NGA,1952,184624940
Nigeria,NGA,1953,191585070
Nigeria,NGA,1954,199631000
Nigeria,NGA,1955,207653600
Nigeria,NGA,1956,216738160
Nigeria,NGA,1957,222861220
Nigeria,NGA,1958,233890930
Nigeria,NGA,1959,237876420
Nigeria,NGA,1960,244215600
Nigeria,NGA,1961,242270290
Nigeria,NGA,1962,233357260
Nigeria,NGA,1963,241259310
Nigeria,NGA,1964,248383840
Nigeria,NGA,1965,269793340
Nigeria,NGA,1966,275628770
Nigeria,NGA,1967,329931170
Nigeria,NGA,1968,254019440
Nigeria,NGA,1969,262023500
Nigeria,NGA,1970,290472130
Nigeria,NGA,1971,297647800
Nigeria,NGA,1972,320248160
Nigeria,NGA,1973,337611200
Nigeria,NGA,1974,357073700
Nigeria,NGA,1975,303003140
Nigeria,NGA,1976,329317660
Nigeria,NGA,1977,316447970
Nigeria,NGA,1978,301536350
Nigeria,NGA,1979,351130180
Nigeria,NGA,1980,323169120
Nigeria,NGA,1981,272204130
Nigeria,NGA,1982,275130850
Nigeria,NGA,1983,283799260
Nigeria,NGA,1984,354309730
Nigeria,NGA,1985,382421060
Nigeria,NGA,1986,396106140
Nigeria,NGA,1987,369143070
Nigeria,NGA,1988,382863460
Nigeria,NGA,1989,368767100
Nigeria,NGA,1990,403415520
Nigeria,NGA,1991,434260260
Nigeria,NGA,1992,445204380
Nigeria,NGA,1993,472563550
Nigeria,NGA,1994,581546600
Nigeria,NGA,1995,560775700
Nigeria,NGA,1996,587452600
Nigeria,NGA,1997,573681700
Nigeria,NGA,1998,559011400
Nigeria,NGA,1999,516469540
Nigeria,NGA,2000,565810700
Nigeria,NGA,2001,542853500
Nigeria,NGA,2002,472276350
Nigeria,NGA,2003,508844540
Nigeria,NGA,2004,491549440
Nigeria,NGA,2005,488937540
Nigeria,NGA,2006,453362980
Nigeria,NGA,2007,427429440
Nigeria,NGA,2008,447051900
Nigeria,NGA,2009,368837100
Nigeria,NGA,2010,411509250
Nigeria,NGA,2011,421615300
Nigeria,NGA,2012,410501600
Nigeria,NGA,2013,408964320
Nigeria,NGA,2014,420183100
Nigeria,NGA,2015,406755040
Nigeria,NGA,2016,408608670
Nigeria,NGA,2017,414033400
Nigeria,NGA,2018,419457600
Nigeria,NGA,2019,441840700
Nigeria,NGA,2020,414200540
Nigeria,NGA,2021,414173980
Nigeria,NGA,2022,411201600
Nigeria,NGA,2023,399880320
Niue,NIU,1850,1952.4524
Niue,NIU,1851,1958.403
Niue,NIU,1852,1964.3422
Niue,NIU,1853,1970.2633
Niue,NIU,1854,1966.9999
Niue,NIU,1855,1963.7051
Niue,NIU,1856,1960.3726
Niue,NIU,1857,1966.1555
Niue,NIU,1858,1953.5673
Niue,NIU,1859,1950.0812
Niue,NIU,1860,1937.3707
Niue,NIU,1861,1934.0797
Niue,NIU,1862,1921.6176
Niue,NIU,1863,1927.4669
Niue,NIU,1864,1924.1508
Niue,NIU,1865,1920.8313
Niue,NIU,1866,1917.5112
Niue,NIU,1867,1914.1934
Niue,NIU,1868,1920.0402
Niue,NIU,1869,1916.7343
Niue,NIU,1870,1922.5984
Niue,NIU,1871,1929.1194
Niue,NIU,1872,1945.3826
Niue,NIU,1873,1952.9329
Niue,NIU,1874,1960.7953
Niue,NIU,1875,1977.9946
Niue,NIU,1876,1986.0758
Niue,NIU,1877,2012.3838
Niue,NIU,1878,2029.3035
Niue,NIU,1879,2045.8596
Niue,NIU,1880,2061.9172
Niue,NIU,1881,2093.7979
Niue,NIU,1882,2107.2864
Niue,NIU,1883,2129.8774
Niue,NIU,1884,2152.425
Niue,NIU,1885,2184.1038
Niue,NIU,1886,2206.6077
Niue,NIU,1887,2238.2712
Niue,NIU,1888,2269.9487
Niue,NIU,1889,2310.8142
Niue,NIU,1890,2346.5715
Niue,NIU,1891,2376.2659
Niue,NIU,1892,2415.363
Niue,NIU,1893,2454.6926
Niue,NIU,1894,2485.0845
Niue,NIU,1895,2534.0078
Niue,NIU,1896,2573.972
Niue,NIU,1897,2623.2861
Niue,NIU,1898,2672.78
Niue,NIU,1899,2722.4434
Niue,NIU,1900,2781.425
Niue,NIU,1901,2830.573
Niue,NIU,1902,2889.3997
Niue,NIU,1903,2939.4685
Niue,NIU,1904,2989.8225
Niue,NIU,1905,3058.6653
Niue,NIU,1906,3118.4001
Niue,NIU,1907,3178.0706
Niue,NIU,1908,3255.8796
Niue,NIU,1909,3324.231
Niue,NIU,1910,3401.3281
Niue,NIU,1911,3467.9604
Niue,NIU,1912,3534.5044
Niue,NIU,1913,3628.4573
Niue,NIU,1914,3685.7168
Niue,NIU,1915,3761.2598
Niue,NIU,1916,3864.264
Niue,NIU,1917,3921.467
Niue,NIU,1918,4006.166
Niue,NIU,1919,4090.8984
Niue,NIU,1920,4175.6816
Niue,NIU,1921,4246.3926
Niue,NIU,1922,4326.389
Niue,NIU,1923,4378.9883
Niue,NIU,1924,4468.267
Niue,NIU,1925,4456.781
Niue,NIU,1926,4491.047
Niue,NIU,1927,4552.7017
Niue,NIU,1928,4531.782
Niue,NIU,1929,4556.484
Niue,NIU,1930,4562.6445
Niue,NIU,1931,4568.6855
Niue,NIU,1932,4638.7593
Niue,NIU,1933,4690.4478
Niue,NIU,1934,4797.053
Niue,NIU,1935,4903.637
Niue,NIU,1936,4974.986
Niue,NIU,1937,5073.6733
Niue,NIU,1938,5245.5225
Niue,NIU,1939,5408.1147
Niue,NIU,1940,5572.879
Niue,NIU,1941,5778.2393
Niue,NIU,1942,6021.693
Niue,NIU,1943,6266.2427
Niue,NIU,1944,6539.011
Niue,NIU,1945,6882.996
Niue,NIU,1946,7272.712
Niue,NIU,1947,7671.159
Niue,NIU,1948,8123.7817
Niue,NIU,1949,8529.461
Niue,NIU,1950,9043.559
Niue,NIU,1951,9511.567
Niue,NIU,1952,10132.861
Niue,NIU,1953,10688.87
Niue,NIU,1954,11153.288
Niue,NIU,1955,11417.052
Niue,NIU,1956,11691.408
Niue,NIU,1957,11756.819
Niue,NIU,1958,11777.818
Niue,NIU,1959,11680.998
Niue,NIU,1960,11127.12
Niue,NIU,1961,10383.921
Niue,NIU,1962,9298.799
Niue,NIU,1963,8064.875
Niue,NIU,1964,7186.2065
Niue,NIU,1965,6922.206
Niue,NIU,1966,7200.76
Niue,NIU,1967,8106.1074
Niue,NIU,1968,9267.197
Niue,NIU,1969,10522.669
Niue,NIU,1970,14939.853
Niue,NIU,1971,16034.388
Niue,NIU,1972,19269.76
Niue,NIU,1973,23537.041
Niue,NIU,1974,25791.393
Niue,NIU,1975,27402.299
Niue,NIU,1976,27561.998
Niue,NIU,1977,25383.977
Niue,NIU,1978,21958.701
Niue,NIU,1979,19418.84
Niue,NIU,1980,16699.975
Niue,NIU,1981,14288.129
Niue,NIU,1982,11966.109
Niue,NIU,1983,10454.021
Niue,NIU,1984,9523.044
Niue,NIU,1985,8722.3
Niue,NIU,1986,8403.328
Niue,NIU,1987,8893.471
Niue,NIU,1988,11020.161
Niue,NIU,1989,12304.646
Niue,NIU,1990,16121.722
Niue,NIU,1991,15870.204
Niue,NIU,1992,15380.553
Niue,NIU,1993,13729.853
Niue,NIU,1994,11985.8955
Niue,NIU,1995,11076.944
Niue,NIU,1996,10534.889
Niue,NIU,1997,10184.975
Niue,NIU,1998,9981.249
Niue,NIU,1999,9814.045
Niue,NIU,2000,9628.458
Niue,NIU,2001,9487.87
Niue,NIU,2002,9375.361
Niue,NIU,2003,5480.38
Niue,NIU,2004,5304.897
Niue,NIU,2005,5783.193
Niue,NIU,2006,6393.319
Niue,NIU,2007,6781.3296
Niue,NIU,2008,10765.754
Niue,NIU,2009,7130.3247
Niue,NIU,2010,6433.584
Niue,NIU,2011,9254.547
Niue,NIU,2012,8895.812
Niue,NIU,2013,8687.631
Niue,NIU,2014,12139.902
Niue,NIU,2015,8304.301
Niue,NIU,2016,8236.299
Niue,NIU,2017,8194.834
Niue,NIU,2018,11776.384
Niue,NIU,2019,7943.762
Niue,NIU,2020,7728.2085
Niue,NIU,2021,7632.4404
Niue,NIU,2022,7706.3228
Niue,NIU,2023,7766.2827
North America,,1850,1015581250
North America,,1851,1094447700
North America,,1852,1152714500
North America,,1853,1133371100
North America,,1854,1154593800
North America,,1855,1164423300
North America,,1856,1198770300
North America,,1857,1232067200
North America,,1858,1279633500
North America,,1859,1336523100
North America,,1860,1274425600
North America,,1861,1212924700
North America,,1862,1203537000
North America,,1863,1231099800
North America,,1864,1231468900
North America,,1865,1188398000
North America,,1866,1231809400
North America,,1867,1252316300
North America,,1868,1249526100
North America,,1869,1293971300
North America,,1870,1484783200
North America,,1871,1515648400
North America,,1872,1646609300
North America,,1873,1685049300
North America,,1874,1759535000
North America,,1875,1799070500
North America,,1876,1825440000
North America,,1877,1855458800
North America,,1878,1906505200
North America,,1879,1960808100
North America,,1880,1966323100
North America,,1881,1901511700
North America,,1882,1990978800
North America,,1883,2043088000
North America,,1884,2044892700
North America,,1885,2097974000
North America,,1886,2081055900
North America,,1887,2110756100
North America,,1888,2183698200
North America,,1889,2147846700
North America,,1890,2288499500
North America,,1891,2317532700
North America,,1892,2325704200
North America,,1893,2428755200
North America,,1894,2404091600
North America,,1895,2471826700
North America,,1896,2434382000
North America,,1897,2482124000
North America,,1898,2512947700
North America,,1899,2634834400
North America,,1900,2682165500
North America,,1901,2714192600
North America,,1902,2743284500
North America,,1903,2860313300
North America,,1904,2862413300
North America,,1905,3005999600
North America,,1906,3059527000
North America,,1907,3237997000
North America,,1908,3073672400
North America,,1909,3230270200
North America,,1910,3285938000
North America,,1911,3279151600
North America,,1912,3344451600
North America,,1913,3407343600
North America,,1914,3254365700
North America,,1915,3282453800
North America,,1916,3433261000
North America,,1917,3649709300
North America,,1918,3742091500
North America,,1919,3443484700
North America,,1920,3730545200
North America,,1921,3458351900
North America,,1922,3431062800
North America,,1923,3917568800
North America,,1924,3679013600
North America,,1925,3763157200
North America,,1926,3928132600
North America,,1927,3808605700
North America,,1928,3766376400
North America,,1929,3881625300
North America,,1930,3636275200
North America,,1931,3360760800
North America,,1932,3033121800
North America,,1933,3142593000
North America,,1934,3275640000
North America,,1935,3309308400
North America,,1936,3547100200
North America,,1937,3620743200
North America,,1938,3307509000
North America,,1939,3469010200
North America,,1940,3775465000
North America,,1941,4046329000
North America,,1942,4229271000
North America,,1943,4323060700
North America,,1944,4538401300
North America,,1945,4467403000
North America,,1946,4346896000
North America,,1947,4659147000
North America,,1948,4780844000
North America,,1949,4258147300
North America,,1950,4647555000
North America,,1951,4709284000
North America,,1952,4560702500
North America,,1953,4631594000
North America,,1954,4515443700
North America,,1955,4752977000
North America,,1956,4932103000
North America,,1957,4860247000
North America,,1958,4812015000
North America,,1959,4940209700
North America,,1960,4848878600
North America,,1961,4729457000
North America,,1962,4952764400
North America,,1963,5084104700
North America,,1964,5211554000
North America,,1965,5387673000
North America,,1966,5497810400
North America,,1967,6004027000
North America,,1968,6373236700
North America,,1969,6390022000
North America,,1970,6710921700
North America,,1971,6774357000
North America,,1972,7076646400
North America,,1973,7221493000
North America,,1974,7070292000
North America,,1975,6959544300
North America,,1976,7312577000
North America,,1977,7499186700
North America,,1978,7507772400
North America,,1979,7625143300
North America,,1980,7554456600
North America,,1981,7454973400
North America,,1982,7163111400
North America,,1983,7180770300
North America,,1984,7410488300
North America,,1985,7378046500
North America,,1986,7344214500
North America,,1987,7617091000
North America,,1988,7892581000
North America,,1989,7979162600
North America,,1990,7963590700
North America,,1991,7828528000
North America,,1992,7983921700
North America,,1993,8049891000
North America,,1994,8305946600
North America,,1995,8236412400
North America,,1996,8501892000
North America,,1997,8620178000
North America,,1998,8748417000
North America,,1999,8883429000
North America,,2000,9082921000
North America,,2001,8893120000
North America,,2002,8861863000
North America,,2003,9026086000
North America,,2004,9046296000
North America,,2005,9120362000
North America,,2006,9011338000
North America,,2007,9090450000
North America,,2008,8874935000
North America,,2009,8271525400
North America,,2010,8495949300
North America,,2011,8366477300
North America,,2012,8214720500
North America,,2013,8303994400
North America,,2014,8504305700
North America,,2015,8272351700
North America,,2016,8126068700
North America,,2017,8124594000
North America,,2018,8237163000
North America,,2019,8211886000
North America,,2020,7489416700
North America,,2021,7883491000
North America,,2022,8000496600
North America,,2023,7849237000
North America (excl. USA),,1850,146882260
North America (excl. USA),,1851,171480930
North America (excl. USA),,1852,183256930
North America (excl. USA),,1853,156789540
North America (excl. USA),,1854,141919440
North America (excl. USA),,1855,138259940
North America (excl. USA),,1856,142113550
North America (excl. USA),,1857,161689860
North America (excl. USA),,1858,177405230
North America (excl. USA),,1859,189681950
North America (excl. USA),,1860,186745060
North America (excl. USA),,1861,178308350
North America (excl. USA),,1862,161047120
North America (excl. USA),,1863,178405660
North America (excl. USA),,1864,191567740
North America (excl. USA),,1865,171961900
North America (excl. USA),,1866,201425420
North America (excl. USA),,1867,211637010
North America (excl. USA),,1868,201259380
North America (excl. USA),,1869,242711470
North America (excl. USA),,1870,221415580
North America (excl. USA),,1871,144316850
North America (excl. USA),,1872,203273360
North America (excl. USA),,1873,167996380
North America (excl. USA),,1874,204923580
North America (excl. USA),,1875,209673660
North America (excl. USA),,1876,205093000
North America (excl. USA),,1877,181963570
North America (excl. USA),,1878,182196140
North America (excl. USA),,1879,165733060
North America (excl. USA),,1880,225714690
North America (excl. USA),,1881,214576930
North America (excl. USA),,1882,258524000
North America (excl. USA),,1883,260134820
North America (excl. USA),,1884,253335180
North America (excl. USA),,1885,295098800
North America (excl. USA),,1886,274661060
North America (excl. USA),,1887,256519470
North America (excl. USA),,1888,264891900
North America (excl. USA),,1889,292729470
North America (excl. USA),,1890,279835140
North America (excl. USA),,1891,262371980
North America (excl. USA),,1892,260744910
North America (excl. USA),,1893,309662820
North America (excl. USA),,1894,314964450
North America (excl. USA),,1895,345549150
North America (excl. USA),,1896,292025920
North America (excl. USA),,1897,317702300
North America (excl. USA),,1898,285053660
North America (excl. USA),,1899,294641760
North America (excl. USA),,1900,377413340
North America (excl. USA),,1901,378222660
North America (excl. USA),,1902,369187650
North America (excl. USA),,1903,384614270
North America (excl. USA),,1904,389405200
North America (excl. USA),,1905,426131330
North America (excl. USA),,1906,438066660
North America (excl. USA),,1907,442676320
North America (excl. USA),,1908,443857400
North America (excl. USA),,1909,488253440
North America (excl. USA),,1910,478537280
North America (excl. USA),,1911,492544640
North America (excl. USA),,1912,525122050
North America (excl. USA),,1913,507474850
North America (excl. USA),,1914,507811620
North America (excl. USA),,1915,540892700
North America (excl. USA),,1916,542834300
North America (excl. USA),,1917,606765200
North America (excl. USA),,1918,618794500
North America (excl. USA),,1919,609204860
North America (excl. USA),,1920,637090500
North America (excl. USA),,1921,656841600
North America (excl. USA),,1922,643606900
North America (excl. USA),,1923,640672400
North America (excl. USA),,1924,640708350
North America (excl. USA),,1925,625042000
North America (excl. USA),,1926,643686340
North America (excl. USA),,1927,620486900
North America (excl. USA),,1928,582342700
North America (excl. USA),,1929,593031700
North America (excl. USA),,1930,631444500
North America (excl. USA),,1931,625474000
North America (excl. USA),,1932,601282700
North America (excl. USA),,1933,623253760
North America (excl. USA),,1934,656284740
North America (excl. USA),,1935,665351500
North America (excl. USA),,1936,655284800
North America (excl. USA),,1937,669175740
North America (excl. USA),,1938,678239400
North America (excl. USA),,1939,689579970
North America (excl. USA),,1940,727287040
North America (excl. USA),,1941,805690300
North America (excl. USA),,1942,829273600
North America (excl. USA),,1943,836270100
North America (excl. USA),,1944,852725400
North America (excl. USA),,1945,870272000
North America (excl. USA),,1946,865033900
North America (excl. USA),,1947,911079900
North America (excl. USA),,1948,930828400
North America (excl. USA),,1949,906529000
North America (excl. USA),,1950,979785340
North America (excl. USA),,1951,1016610600
North America (excl. USA),,1952,1007648450
North America (excl. USA),,1953,1043801540
North America (excl. USA),,1954,1061546560
North America (excl. USA),,1955,1069507900
North America (excl. USA),,1956,1123409300
North America (excl. USA),,1957,1099335300
North America (excl. USA),,1958,1154910800
North America (excl. USA),,1959,1226763100
North America (excl. USA),,1960,1061922400
North America (excl. USA),,1961,1025351740
North America (excl. USA),,1962,1038434300
North America (excl. USA),,1963,1059254340
North America (excl. USA),,1964,1062481200
North America (excl. USA),,1965,1097055000
North America (excl. USA),,1966,1030052160
North America (excl. USA),,1967,1071146000
North America (excl. USA),,1968,1091277200
North America (excl. USA),,1969,1114832300
North America (excl. USA),,1970,1180646100
North America (excl. USA),,1971,1247938600
North America (excl. USA),,1972,1330670600
North America (excl. USA),,1973,1292048300
North America (excl. USA),,1974,1328464600
North America (excl. USA),,1975,1364404700
North America (excl. USA),,1976,1424223200
North America (excl. USA),,1977,1415399800
North America (excl. USA),,1978,1437148700
North America (excl. USA),,1979,1469200300
North America (excl. USA),,1980,1568570600
North America (excl. USA),,1981,1581648800
North America (excl. USA),,1982,1554039400
North America (excl. USA),,1983,1607011200
North America (excl. USA),,1984,1587583700
North America (excl. USA),,1985,1594707700
North America (excl. USA),,1986,1616464500
North America (excl. USA),,1987,1705451600
North America (excl. USA),,1988,1744431700
North America (excl. USA),,1989,1747395000
North America (excl. USA),,1990,1756223600
North America (excl. USA),,1991,1690255100
North America (excl. USA),,1992,1735396600
North America (excl. USA),,1993,1704370800
North America (excl. USA),,1994,1818641500
North America (excl. USA),,1995,1772914000
North America (excl. USA),,1996,1853117800
North America (excl. USA),,1997,1885642900
North America (excl. USA),,1998,1964289500
North America (excl. USA),,1999,1994914200
North America (excl. USA),,2000,2014311400
North America (excl. USA),,2001,2039295600
North America (excl. USA),,2002,2015360100
North America (excl. USA),,2003,2051257900
North America (excl. USA),,2004,2031320800
North America (excl. USA),,2005,2030161200
North America (excl. USA),,2006,2060663700
North America (excl. USA),,2007,2064329000
North America (excl. USA),,2008,2006497500
North America (excl. USA),,2009,1945938300
North America (excl. USA),,2010,1932632700
North America (excl. USA),,2011,1997838500
North America (excl. USA),,2012,1988650600
North America (excl. USA),,2013,2000292200
North America (excl. USA),,2014,2065851000
North America (excl. USA),,2015,2023846700
North America (excl. USA),,2016,1979712000
North America (excl. USA),,2017,1967816800
North America (excl. USA),,2018,1931688800
North America (excl. USA),,2019,1995657700
North America (excl. USA),,2020,1837907700
North America (excl. USA),,2021,1874337300
North America (excl. USA),,2022,1933348400
North America (excl. USA),,2023,1954379800
North Korea,PRK,1850,13885412
North Korea,PRK,1851,13854522
North Korea,PRK,1852,14215453
North Korea,PRK,1853,14274253
North Korea,PRK,1854,13992633
North Korea,PRK,1855,14070542
North Korea,PRK,1856,14055745
North Korea,PRK,1857,14484813
North Korea,PRK,1858,14156433
North Korea,PRK,1859,14536806
North Korea,PRK,1860,14188481
North Korea,PRK,1861,14308161
North Korea,PRK,1862,14189455
North Korea,PRK,1863,14116164
North Korea,PRK,1864,14209091
North Korea,PRK,1865,14051882
North Korea,PRK,1866,14041630
North Korea,PRK,1867,14162003
North Korea,PRK,1868,14366705
North Korea,PRK,1869,14303182
North Korea,PRK,1870,14254789
North Korea,PRK,1871,14152361
North Korea,PRK,1872,14291353
North Korea,PRK,1873,14278703
North Korea,PRK,1874,14506462
North Korea,PRK,1875,14486408
North Korea,PRK,1876,14524265
North Korea,PRK,1877,14552402
North Korea,PRK,1878,14522465
North Korea,PRK,1879,14233131
North Korea,PRK,1880,14289686
North Korea,PRK,1881,14372176
North Korea,PRK,1882,13936590
North Korea,PRK,1883,13875686
North Korea,PRK,1884,13325852
North Korea,PRK,1885,13524561
North Korea,PRK,1886,13222221
North Korea,PRK,1887,13051706
North Korea,PRK,1888,12828513
North Korea,PRK,1889,12850096
North Korea,PRK,1890,12700261
North Korea,PRK,1891,12541808
North Korea,PRK,1892,12280209
North Korea,PRK,1893,11926537
North Korea,PRK,1894,11415974
North Korea,PRK,1895,12087994
North Korea,PRK,1896,12489273
North Korea,PRK,1897,11641914
North Korea,PRK,1898,11746706
North Korea,PRK,1899,11680395
North Korea,PRK,1900,11922812
North Korea,PRK,1901,11603681
North Korea,PRK,1902,11183676
North Korea,PRK,1903,11202800
North Korea,PRK,1904,11218783
North Korea,PRK,1905,11556832
North Korea,PRK,1906,11176348
North Korea,PRK,1907,11157569
North Korea,PRK,1908,11237629
North Korea,PRK,1909,11580682
North Korea,PRK,1910,17826226
North Korea,PRK,1911,19906136
North Korea,PRK,1912,21265580
North Korea,PRK,1913,22620908
North Korea,PRK,1914,23956188
North Korea,PRK,1915,25511546
North Korea,PRK,1916,26659618
North Korea,PRK,1917,27130568
North Korea,PRK,1918,28637942
North Korea,PRK,1919,29676126
North Korea,PRK,1920,24424188
North Korea,PRK,1921,24334704
North Korea,PRK,1922,23710030
North Korea,PRK,1923,23878578
North Korea,PRK,1924,24066776
North Korea,PRK,1925,24646674
North Korea,PRK,1926,24972184
North Korea,PRK,1927,24864654
North Korea,PRK,1928,25410020
North Korea,PRK,1929,25524996
North Korea,PRK,1930,25649528
North Korea,PRK,1931,25943522
North Korea,PRK,1932,26366794
North Korea,PRK,1933,27395008
North Korea,PRK,1934,27991628
North Korea,PRK,1935,29287962
North Korea,PRK,1936,29995888
North Korea,PRK,1937,30833288
North Korea,PRK,1938,33098460
North Korea,PRK,1939,35579428
North Korea,PRK,1940,39439176
North Korea,PRK,1941,39604704
North Korea,PRK,1942,40664108
North Korea,PRK,1943,39509890
North Korea,PRK,1944,39224356
North Korea,PRK,1945,19996762
North Korea,PRK,1946,19942394
North Korea,PRK,1947,18905284
North Korea,PRK,1948,19882016
North Korea,PRK,1949,19629202
North Korea,PRK,1950,16502914
North Korea,PRK,1951,16369841
North Korea,PRK,1952,14868232
North Korea,PRK,1953,15760644
North Korea,PRK,1954,18474758
North Korea,PRK,1955,19238408
North Korea,PRK,1956,18234256
North Korea,PRK,1957,17035492
North Korea,PRK,1958,15276316
North Korea,PRK,1959,-7008173
North Korea,PRK,1960,-5590168.5
North Korea,PRK,1961,-1058135.4
North Korea,PRK,1962,4925948
North Korea,PRK,1963,8448319
North Korea,PRK,1964,12238172
North Korea,PRK,1965,23643108
North Korea,PRK,1966,28262290
North Korea,PRK,1967,34093284
North Korea,PRK,1968,43310476
North Korea,PRK,1969,51188880
North Korea,PRK,1970,63802424
North Korea,PRK,1971,98788984
North Korea,PRK,1972,85242800
North Korea,PRK,1973,93359460
North Korea,PRK,1974,99291736
North Korea,PRK,1975,105601496
North Korea,PRK,1976,110915510
North Korea,PRK,1977,117507240
North Korea,PRK,1978,116210670
North Korea,PRK,1979,122780650
North Korea,PRK,1980,127625050
North Korea,PRK,1981,129384750
North Korea,PRK,1982,133571060
North Korea,PRK,1983,143770350
North Korea,PRK,1984,155040130
North Korea,PRK,1985,166888740
North Korea,PRK,1986,179585280
North Korea,PRK,1987,198917470
North Korea,PRK,1988,226417360
North Korea,PRK,1989,237411800
North Korea,PRK,1990,145354930
North Korea,PRK,1991,139794510
North Korea,PRK,1992,126725800
North Korea,PRK,1993,121767880
North Korea,PRK,1994,109288200
North Korea,PRK,1995,98842390
North Korea,PRK,1996,89931070
North Korea,PRK,1997,87531850
North Korea,PRK,1998,81581816
North Korea,PRK,1999,88706310
North Korea,PRK,2000,94478230
North Korea,PRK,2001,97649110
North Korea,PRK,2002,93887110
North Korea,PRK,2003,96277496
North Korea,PRK,2004,101963600
North Korea,PRK,2005,104811080
North Korea,PRK,2006,107280616
North Korea,PRK,2007,94922904
North Korea,PRK,2008,103412160
North Korea,PRK,2009,97382240
North Korea,PRK,2010,91441210
North Korea,PRK,2011,75498216
North Korea,PRK,2012,73788790
North Korea,PRK,2013,63042984
North Korea,PRK,2014,66566716
North Korea,PRK,2015,58596616
North Korea,PRK,2016,62477084
North Korea,PRK,2017,94451500
North Korea,PRK,2018,85883790
North Korea,PRK,2019,93329140
North Korea,PRK,2020,88563860
North Korea,PRK,2021,77281780
North Korea,PRK,2022,78136180
North Korea,PRK,2023,82946504
North Macedonia,MKD,1850,1173510.8
North Macedonia,MKD,1851,1171207.9
North Macedonia,MKD,1852,1172816.5
North Macedonia,MKD,1853,1169623.4
North Macedonia,MKD,1854,1168349.9
North Macedonia,MKD,1855,1166805.1
North Macedonia,MKD,1856,1166425
North Macedonia,MKD,1857,1168801.6
North Macedonia,MKD,1858,1170039.8
North Macedonia,MKD,1859,1168058.2
North Macedonia,MKD,1860,1238242
North Macedonia,MKD,1861,1266399.1
North Macedonia,MKD,1862,1282575.6
North Macedonia,MKD,1863,1299599.8
North Macedonia,MKD,1864,1314434.9
North Macedonia,MKD,1865,1331125
North Macedonia,MKD,1866,1351442.4
North Macedonia,MKD,1867,1363584
North Macedonia,MKD,1868,1376522.2
North Macedonia,MKD,1869,1392001.8
North Macedonia,MKD,1870,1427742.2
North Macedonia,MKD,1871,1452003.9
North Macedonia,MKD,1872,1478635.6
North Macedonia,MKD,1873,1502418.6
North Macedonia,MKD,1874,1520762.8
North Macedonia,MKD,1875,1539432.4
North Macedonia,MKD,1876,1559253.8
North Macedonia,MKD,1877,1580028
North Macedonia,MKD,1878,1603186.4
North Macedonia,MKD,1879,1618645.9
North Macedonia,MKD,1880,1642558.1
North Macedonia,MKD,1881,1666222.9
North Macedonia,MKD,1882,1679837.8
North Macedonia,MKD,1883,1700106.9
North Macedonia,MKD,1884,1716254.9
North Macedonia,MKD,1885,1738848.4
North Macedonia,MKD,1886,1762077.5
North Macedonia,MKD,1887,1783858.5
North Macedonia,MKD,1888,1805809.5
North Macedonia,MKD,1889,1836528.4
North Macedonia,MKD,1890,1877284.6
North Macedonia,MKD,1891,1903158.9
North Macedonia,MKD,1892,1931373.6
North Macedonia,MKD,1893,1959884.5
North Macedonia,MKD,1894,1987435.2
North Macedonia,MKD,1895,2000222.2
North Macedonia,MKD,1896,2019878.5
North Macedonia,MKD,1897,2033021.5
North Macedonia,MKD,1898,2063774.5
North Macedonia,MKD,1899,2089174.8
North Macedonia,MKD,1900,2149386.8
North Macedonia,MKD,1901,2191503.2
North Macedonia,MKD,1902,2218431.2
North Macedonia,MKD,1903,2244908.8
North Macedonia,MKD,1904,2270588.2
North Macedonia,MKD,1905,2287445.8
North Macedonia,MKD,1906,2313564
North Macedonia,MKD,1907,2318135.5
North Macedonia,MKD,1908,2324309.5
North Macedonia,MKD,1909,2327211.2
North Macedonia,MKD,1910,2210096.5
North Macedonia,MKD,1911,2193646.5
North Macedonia,MKD,1912,2187431.8
North Macedonia,MKD,1913,2414437.2
North Macedonia,MKD,1914,2028117.6
North Macedonia,MKD,1915,2018012.1
North Macedonia,MKD,1916,2009441.1
North Macedonia,MKD,1917,2029371.5
North Macedonia,MKD,1918,2024446
North Macedonia,MKD,1919,2299006.2
North Macedonia,MKD,1920,2394960
North Macedonia,MKD,1921,2434876.8
North Macedonia,MKD,1922,2653657
North Macedonia,MKD,1923,2704989.5
North Macedonia,MKD,1924,2742521.8
North Macedonia,MKD,1925,2822978.8
North Macedonia,MKD,1926,2810615
North Macedonia,MKD,1927,2912972.8
North Macedonia,MKD,1928,3005822
North Macedonia,MKD,1929,3124764
North Macedonia,MKD,1930,3062206.8
North Macedonia,MKD,1931,2966646.5
North Macedonia,MKD,1932,2903321
North Macedonia,MKD,1933,2835567
North Macedonia,MKD,1934,2828142
North Macedonia,MKD,1935,2851529
North Macedonia,MKD,1936,2831773.8
North Macedonia,MKD,1937,2915947.8
North Macedonia,MKD,1938,2867843
North Macedonia,MKD,1939,2917903.8
North Macedonia,MKD,1940,3092615.8
North Macedonia,MKD,1941,2167433
North Macedonia,MKD,1942,2209846.2
North Macedonia,MKD,1943,2291822.5
North Macedonia,MKD,1944,2361256
North Macedonia,MKD,1945,2921720
North Macedonia,MKD,1946,3449834.5
North Macedonia,MKD,1947,3855050.5
North Macedonia,MKD,1948,4113235.2
North Macedonia,MKD,1949,4376293
North Macedonia,MKD,1950,5268684
North Macedonia,MKD,1951,5410483.5
North Macedonia,MKD,1952,5597458
North Macedonia,MKD,1953,5581931.5
North Macedonia,MKD,1954,5927483
North Macedonia,MKD,1955,6181547
North Macedonia,MKD,1956,6517343.5
North Macedonia,MKD,1957,6762957
North Macedonia,MKD,1958,6780254
North Macedonia,MKD,1959,7213969
North Macedonia,MKD,1960,7215529.5
North Macedonia,MKD,1961,7318502
North Macedonia,MKD,1962,7319798
North Macedonia,MKD,1963,7364472
North Macedonia,MKD,1964,7712491
North Macedonia,MKD,1965,7797407
North Macedonia,MKD,1966,7821514.5
North Macedonia,MKD,1967,7877727.5
North Macedonia,MKD,1968,8200461
North Macedonia,MKD,1969,8184545
North Macedonia,MKD,1970,9510177
North Macedonia,MKD,1971,9989192
North Macedonia,MKD,1972,9431144
North Macedonia,MKD,1973,10623411
North Macedonia,MKD,1974,10696886
North Macedonia,MKD,1975,11042302
North Macedonia,MKD,1976,11223850
North Macedonia,MKD,1977,10960540
North Macedonia,MKD,1978,11807050
North Macedonia,MKD,1979,12501135
North Macedonia,MKD,1980,12236104
North Macedonia,MKD,1981,13062473
North Macedonia,MKD,1982,12247829
North Macedonia,MKD,1983,12953895
North Macedonia,MKD,1984,13643966
North Macedonia,MKD,1985,13857719
North Macedonia,MKD,1986,14231398
North Macedonia,MKD,1987,14001837
North Macedonia,MKD,1988,14335884
North Macedonia,MKD,1989,14228932
North Macedonia,MKD,1990,14194724
North Macedonia,MKD,1991,31099812
North Macedonia,MKD,1992,19134754
North Macedonia,MKD,1993,14719471
North Macedonia,MKD,1994,14109708
North Macedonia,MKD,1995,13622032
North Macedonia,MKD,1996,14523164
North Macedonia,MKD,1997,13083436
North Macedonia,MKD,1998,14074851
North Macedonia,MKD,1999,12204579
North Macedonia,MKD,2000,12747984
North Macedonia,MKD,2001,12964234
North Macedonia,MKD,2002,11232989
North Macedonia,MKD,2003,11267664
North Macedonia,MKD,2004,11021129
North Macedonia,MKD,2005,10834047
North Macedonia,MKD,2006,10479098
North Macedonia,MKD,2007,10941792
North Macedonia,MKD,2008,10496577
North Macedonia,MKD,2009,11511985
North Macedonia,MKD,2010,10422772
North Macedonia,MKD,2011,14302233
North Macedonia,MKD,2012,12115578
North Macedonia,MKD,2013,10468355
North Macedonia,MKD,2014,9985494
North Macedonia,MKD,2015,9433120
North Macedonia,MKD,2016,9118275
North Macedonia,MKD,2017,9526916
North Macedonia,MKD,2018,9860807
North Macedonia,MKD,2019,9618083
North Macedonia,MKD,2020,8934642
North Macedonia,MKD,2021,8274100.5
North Macedonia,MKD,2022,8767717
North Macedonia,MKD,2023,8918672
Norway,NOR,1850,11637758
Norway,NOR,1851,11636350
Norway,NOR,1852,11618744
Norway,NOR,1853,11672222
Norway,NOR,1854,11727918
Norway,NOR,1855,11770590
Norway,NOR,1856,11806802
Norway,NOR,1857,11866879
Norway,NOR,1858,11784437
Norway,NOR,1859,11892390
Norway,NOR,1860,11454403
Norway,NOR,1861,11447679
Norway,NOR,1862,11350876
Norway,NOR,1863,11318559
Norway,NOR,1864,11394692
Norway,NOR,1865,11370565
Norway,NOR,1866,11404657
Norway,NOR,1867,11489101
Norway,NOR,1868,11527556
Norway,NOR,1869,11371659
Norway,NOR,1870,11207455
Norway,NOR,1871,11152056
Norway,NOR,1872,11194323
Norway,NOR,1873,11210833
Norway,NOR,1874,11365976
Norway,NOR,1875,11578486
Norway,NOR,1876,11448574
Norway,NOR,1877,11783651
Norway,NOR,1878,11614236
Norway,NOR,1879,11647453
Norway,NOR,1880,11738742
Norway,NOR,1881,11766015
Norway,NOR,1882,11880056
Norway,NOR,1883,11921682
Norway,NOR,1884,11915791
Norway,NOR,1885,12104073
Norway,NOR,1886,11943849
Norway,NOR,1887,11873308
Norway,NOR,1888,12057996
Norway,NOR,1889,12226791
Norway,NOR,1890,12454932
Norway,NOR,1891,12837269
Norway,NOR,1892,12982248
Norway,NOR,1893,13076471
Norway,NOR,1894,13593648
Norway,NOR,1895,13855318
Norway,NOR,1896,13979608
Norway,NOR,1897,14378794
Norway,NOR,1898,14421750
Norway,NOR,1899,15233621
Norway,NOR,1900,14805772
Norway,NOR,1901,14450472
Norway,NOR,1902,14768234
Norway,NOR,1903,14619224
Norway,NOR,1904,14504816
Norway,NOR,1905,14389657
Norway,NOR,1906,14399568
Norway,NOR,1907,14915044
Norway,NOR,1908,15817189
Norway,NOR,1909,15765167
Norway,NOR,1910,16247313
Norway,NOR,1911,16379318
Norway,NOR,1912,17289768
Norway,NOR,1913,17278858
Norway,NOR,1914,18102622
Norway,NOR,1915,18993450
Norway,NOR,1916,18323694
Norway,NOR,1917,13786132
Norway,NOR,1918,14737681
Norway,NOR,1919,15635331
Norway,NOR,1920,15083073
Norway,NOR,1921,12920397
Norway,NOR,1922,16051285
Norway,NOR,1923,16198587
Norway,NOR,1924,17020178
Norway,NOR,1925,16671344
Norway,NOR,1926,15305490
Norway,NOR,1927,17589498
Norway,NOR,1928,17224952
Norway,NOR,1929,18185442
Norway,NOR,1930,17121226
Norway,NOR,1931,16363409
Norway,NOR,1932,16747483
Norway,NOR,1933,17225768
Norway,NOR,1934,17369714
Norway,NOR,1935,17671182
Norway,NOR,1936,18323466
Norway,NOR,1937,19602060
Norway,NOR,1938,18151008
Norway,NOR,1939,20301960
Norway,NOR,1940,14004085
Norway,NOR,1941,12161898
Norway,NOR,1942,12030191
Norway,NOR,1943,12929969
Norway,NOR,1944,12566193
Norway,NOR,1945,11962721
Norway,NOR,1946,15296095
Norway,NOR,1947,19271206
Norway,NOR,1948,19761344
Norway,NOR,1949,19283494
Norway,NOR,1950,17374198
Norway,NOR,1951,18519716
Norway,NOR,1952,18659716
Norway,NOR,1953,18549952
Norway,NOR,1954,18581218
Norway,NOR,1955,20118830
Norway,NOR,1956,20335094
Norway,NOR,1957,19105682
Norway,NOR,1958,17865410
Norway,NOR,1959,13053550
Norway,NOR,1960,24290172
Norway,NOR,1961,18368352
Norway,NOR,1962,19099630
Norway,NOR,1963,20371940
Norway,NOR,1964,22250858
Norway,NOR,1965,23443448
Norway,NOR,1966,27350080
Norway,NOR,1967,27466246
Norway,NOR,1968,30140576
Norway,NOR,1969,31727276
Norway,NOR,1970,36501560
Norway,NOR,1971,35902676
Norway,NOR,1972,38594228
Norway,NOR,1973,40591916
Norway,NOR,1974,38411804
Norway,NOR,1975,41710570
Norway,NOR,1976,45762692
Norway,NOR,1977,46575868
Norway,NOR,1978,48726864
Norway,NOR,1979,50754060
Norway,NOR,1980,48980370
Norway,NOR,1981,49693104
Norway,NOR,1982,48095852
Norway,NOR,1983,49883740
Norway,NOR,1984,52492228
Norway,NOR,1985,51560850
Norway,NOR,1986,53703756
Norway,NOR,1987,53049340
Norway,NOR,1988,55989260
Norway,NOR,1989,55183320
Norway,NOR,1990,57646290
Norway,NOR,1991,56118084
Norway,NOR,1992,57765868
Norway,NOR,1993,61276620
Norway,NOR,1994,67936456
Norway,NOR,1995,68018120
Norway,NOR,1996,70807560
Norway,NOR,1997,71364080
Norway,NOR,1998,70546350
Norway,NOR,1999,71542970
Norway,NOR,2000,72012216
Norway,NOR,2001,74094490
Norway,NOR,2002,73967070
Norway,NOR,2003,76443070
Norway,NOR,2004,77041820
Norway,NOR,2005,75109864
Norway,NOR,2006,75335330
Norway,NOR,2007,77453740
Norway,NOR,2008,76601960
Norway,NOR,2009,74049064
Norway,NOR,2010,75979770
Norway,NOR,2011,73851790
Norway,NOR,2012,72446450
Norway,NOR,2013,72562320
Norway,NOR,2014,73256320
Norway,NOR,2015,75014970
Norway,NOR,2016,74205280
Norway,NOR,2017,74572180
Norway,NOR,2018,74245610
Norway,NOR,2019,71831624
Norway,NOR,2020,71160410
Norway,NOR,2021,72229660
Norway,NOR,2022,72429870
Norway,NOR,2023,70912070
OECD (Jones et al.),,1850,1880797200
OECD (Jones et al.),,1851,1944665100
OECD (Jones et al.),,1852,1993423200
OECD (Jones et al.),,1853,1987947800
OECD (Jones et al.),,1854,2049898500
OECD (Jones et al.),,1855,2057313000
OECD (Jones et al.),,1856,2097993500
OECD (Jones et al.),,1857,2142807000
OECD (Jones et al.),,1858,2184809700
OECD (Jones et al.),,1859,2252944400
OECD (Jones et al.),,1860,2224794000
OECD (Jones et al.),,1861,2187628000
OECD (Jones et al.),,1862,2185528600
OECD (Jones et al.),,1863,2234639000
OECD (Jones et al.),,1864,2269570000
OECD (Jones et al.),,1865,2258853600
OECD (Jones et al.),,1866,2310353700
OECD (Jones et al.),,1867,2364726000
OECD (Jones et al.),,1868,2367389000
OECD (Jones et al.),,1869,2428192500
OECD (Jones et al.),,1870,2651437800
OECD (Jones et al.),,1871,2724501000
OECD (Jones et al.),,1872,2903573800
OECD (Jones et al.),,1873,2989611800
OECD (Jones et al.),,1874,3025490700
OECD (Jones et al.),,1875,3129373700
OECD (Jones et al.),,1876,3164241700
OECD (Jones et al.),,1877,3201754000
OECD (Jones et al.),,1878,3266210600
OECD (Jones et al.),,1879,3338082800
OECD (Jones et al.),,1880,3437207000
OECD (Jones et al.),,1881,3386762000
OECD (Jones et al.),,1882,3510862800
OECD (Jones et al.),,1883,3610358500
OECD (Jones et al.),,1884,3606217500
OECD (Jones et al.),,1885,3651113200
OECD (Jones et al.),,1886,3643220200
OECD (Jones et al.),,1887,3722747400
OECD (Jones et al.),,1888,3832549000
OECD (Jones et al.),,1889,3835751200
OECD (Jones et al.),,1890,4040093700
OECD (Jones et al.),,1891,4111648800
OECD (Jones et al.),,1892,4114232000
OECD (Jones et al.),,1893,4190581200
OECD (Jones et al.),,1894,4261663000
OECD (Jones et al.),,1895,4359363600
OECD (Jones et al.),,1896,4374951000
OECD (Jones et al.),,1897,4493214000
OECD (Jones et al.),,1898,4559028700
OECD (Jones et al.),,1899,4759515600
OECD (Jones et al.),,1900,4887424000
OECD (Jones et al.),,1901,4914156000
OECD (Jones et al.),,1902,4943292400
OECD (Jones et al.),,1903,5132884500
OECD (Jones et al.),,1904,5175813600
OECD (Jones et al.),,1905,5369490000
OECD (Jones et al.),,1906,5464188000
OECD (Jones et al.),,1907,5805441500
OECD (Jones et al.),,1908,5665858600
OECD (Jones et al.),,1909,5823404500
OECD (Jones et al.),,1910,5902821000
OECD (Jones et al.),,1911,5945074700
OECD (Jones et al.),,1912,6062867500
OECD (Jones et al.),,1913,6259155000
OECD (Jones et al.),,1914,5897587000
OECD (Jones et al.),,1915,5830677500
OECD (Jones et al.),,1916,6064975000
OECD (Jones et al.),,1917,6269915600
OECD (Jones et al.),,1918,6273337300
OECD (Jones et al.),,1919,5732932600
OECD (Jones et al.),,1920,6277241000
OECD (Jones et al.),,1921,5865363500
OECD (Jones et al.),,1922,6031359500
OECD (Jones et al.),,1923,6464741400
OECD (Jones et al.),,1924,6446616600
OECD (Jones et al.),,1925,6526467000
OECD (Jones et al.),,1926,6429991000
OECD (Jones et al.),,1927,6713171000
OECD (Jones et al.),,1928,6662919700
OECD (Jones et al.),,1929,6937762000
OECD (Jones et al.),,1930,6488042500
OECD (Jones et al.),,1931,6006932500
OECD (Jones et al.),,1932,5530285000
OECD (Jones et al.),,1933,5678001000
OECD (Jones et al.),,1934,5930013700
OECD (Jones et al.),,1935,6030287400
OECD (Jones et al.),,1936,6353950700
OECD (Jones et al.),,1937,6608340500
OECD (Jones et al.),,1938,6295411700
OECD (Jones et al.),,1939,6494188500
OECD (Jones et al.),,1940,6902461000
OECD (Jones et al.),,1941,7162919000
OECD (Jones et al.),,1942,7369351000
OECD (Jones et al.),,1943,7504992000
OECD (Jones et al.),,1944,7511488500
OECD (Jones et al.),,1945,6632917500
OECD (Jones et al.),,1946,6909246500
OECD (Jones et al.),,1947,7473372000
OECD (Jones et al.),,1948,7760124400
OECD (Jones et al.),,1949,7401774000
OECD (Jones et al.),,1950,7953968000
OECD (Jones et al.),,1951,8292560000
OECD (Jones et al.),,1952,8240476700
OECD (Jones et al.),,1953,8417664500
OECD (Jones et al.),,1954,8434638300
OECD (Jones et al.),,1955,8909960000
OECD (Jones et al.),,1956,9286535000
OECD (Jones et al.),,1957,9350622000
OECD (Jones et al.),,1958,9288018000
OECD (Jones et al.),,1959,9420853000
OECD (Jones et al.),,1960,9531206000
OECD (Jones et al.),,1961,9721875000
OECD (Jones et al.),,1962,10073174000
OECD (Jones et al.),,1963,10390893000
OECD (Jones et al.),,1964,10810636000
OECD (Jones et al.),,1965,11027471000
OECD (Jones et al.),,1966,11223393000
OECD (Jones et al.),,1967,11974127000
OECD (Jones et al.),,1968,12559090000
OECD (Jones et al.),,1969,12843590000
OECD (Jones et al.),,1970,13655301000
OECD (Jones et al.),,1971,13648575000
OECD (Jones et al.),,1972,14032158000
OECD (Jones et al.),,1973,14464813000
OECD (Jones et al.),,1974,14215026000
OECD (Jones et al.),,1975,14033767000
OECD (Jones et al.),,1976,14659777000
OECD (Jones et al.),,1977,14927392000
OECD (Jones et al.),,1978,15023406000
OECD (Jones et al.),,1979,15369801000
OECD (Jones et al.),,1980,15205875000
OECD (Jones et al.),,1981,14759805000
OECD (Jones et al.),,1982,14331867000
OECD (Jones et al.),,1983,14290678000
OECD (Jones et al.),,1984,14591715000
OECD (Jones et al.),,1985,14650586000
OECD (Jones et al.),,1986,14608171000
OECD (Jones et al.),,1987,14790924000
OECD (Jones et al.),,1988,15172378000
OECD (Jones et al.),,1989,15400774000
OECD (Jones et al.),,1990,15709838000
OECD (Jones et al.),,1991,15599140000
OECD (Jones et al.),,1992,15613101000
OECD (Jones et al.),,1993,15642159000
OECD (Jones et al.),,1994,15911417000
OECD (Jones et al.),,1995,16064074000
OECD (Jones et al.),,1996,16498776000
OECD (Jones et al.),,1997,16587089000
OECD (Jones et al.),,1998,16602211000
OECD (Jones et al.),,1999,16671230000
OECD (Jones et al.),,2000,16944719000
OECD (Jones et al.),,2001,16760091000
OECD (Jones et al.),,2002,16714326000
OECD (Jones et al.),,2003,17156369000
OECD (Jones et al.),,2004,17143396000
OECD (Jones et al.),,2005,17093084000
OECD (Jones et al.),,2006,16999056000
OECD (Jones et al.),,2007,17153695000
OECD (Jones et al.),,2008,16805058000
OECD (Jones et al.),,2009,15707351000
OECD (Jones et al.),,2010,16343642000
OECD (Jones et al.),,2011,16274721000
OECD (Jones et al.),,2012,16272371000
OECD (Jones et al.),,2013,16047416000
OECD (Jones et al.),,2014,15927795000
OECD (Jones et al.),,2015,15716807000
OECD (Jones et al.),,2016,15549329000
OECD (Jones et al.),,2017,15716622000
OECD (Jones et al.),,2018,15692029000
OECD (Jones et al.),,2019,15342706000
OECD (Jones et al.),,2020,14172241000
OECD (Jones et al.),,2021,14842668000
OECD (Jones et al.),,2022,14790160000
OECD (Jones et al.),,2023,14307985000
Oceania,,1850,70979960
Oceania,,1851,78455896
Oceania,,1852,67490270
Oceania,,1853,66383788
Oceania,,1854,70228984
Oceania,,1855,74024660
Oceania,,1856,60526868
Oceania,,1857,75856060
Oceania,,1858,79328710
Oceania,,1859,73028230
Oceania,,1860,83057340
Oceania,,1861,82131790
Oceania,,1862,77802420
Oceania,,1863,89643064
Oceania,,1864,88245224
Oceania,,1865,99177750
Oceania,,1866,93894830
Oceania,,1867,97050900
Oceania,,1868,87204630
Oceania,,1869,109051650
Oceania,,1870,113649610
Oceania,,1871,103865430
Oceania,,1872,112257280
Oceania,,1873,117669420
Oceania,,1874,117227820
Oceania,,1875,124430870
Oceania,,1876,134010350
Oceania,,1877,126737944
Oceania,,1878,122594360
Oceania,,1879,139552590
Oceania,,1880,123232190
Oceania,,1881,134509120
Oceania,,1882,135318940
Oceania,,1883,133199320
Oceania,,1884,144137580
Oceania,,1885,132715980
Oceania,,1886,135965250
Oceania,,1887,150203730
Oceania,,1888,151678020
Oceania,,1889,148201490
Oceania,,1890,236520560
Oceania,,1891,251773870
Oceania,,1892,263776830
Oceania,,1893,264446100
Oceania,,1894,264984450
Oceania,,1895,277813600
Oceania,,1896,271080800
Oceania,,1897,287009340
Oceania,,1898,286273470
Oceania,,1899,287376400
Oceania,,1900,214615980
Oceania,,1901,201165980
Oceania,,1902,184632460
Oceania,,1903,194255150
Oceania,,1904,201323760
Oceania,,1905,209775550
Oceania,,1906,194503440
Oceania,,1907,201557890
Oceania,,1908,195619140
Oceania,,1909,191570670
Oceania,,1910,201985420
Oceania,,1911,201804880
Oceania,,1912,205182720
Oceania,,1913,207533660
Oceania,,1914,209804450
Oceania,,1915,215969460
Oceania,,1916,213062080
Oceania,,1917,199740720
Oceania,,1918,216748530
Oceania,,1919,205659840
Oceania,,1920,240910930
Oceania,,1921,240651680
Oceania,,1922,244411870
Oceania,,1923,261496240
Oceania,,1924,258073550
Oceania,,1925,253943540
Oceania,,1926,266023310
Oceania,,1927,274075260
Oceania,,1928,272258200
Oceania,,1929,261201060
Oceania,,1930,239356980
Oceania,,1931,224890500
Oceania,,1932,223197840
Oceania,,1933,215975470
Oceania,,1934,220061820
Oceania,,1935,220388860
Oceania,,1936,211072620
Oceania,,1937,218729340
Oceania,,1938,223162690
Oceania,,1939,223664420
Oceania,,1940,218474670
Oceania,,1941,246108020
Oceania,,1942,239445400
Oceania,,1943,250660560
Oceania,,1944,250621730
Oceania,,1945,246790540
Oceania,,1946,265254510
Oceania,,1947,264237100
Oceania,,1948,287747460
Oceania,,1949,296187400
Oceania,,1950,337843680
Oceania,,1951,368262700
Oceania,,1952,374230900
Oceania,,1953,392859940
Oceania,,1954,417892060
Oceania,,1955,414988800
Oceania,,1956,437535520
Oceania,,1957,451649400
Oceania,,1958,462014560
Oceania,,1959,463732700
Oceania,,1960,435615940
Oceania,,1961,474912860
Oceania,,1962,426115680
Oceania,,1963,475765540
Oceania,,1964,500669730
Oceania,,1965,514126850
Oceania,,1966,519388930
Oceania,,1967,647102800
Oceania,,1968,557868700
Oceania,,1969,511264030
Oceania,,1970,504014700
Oceania,,1971,516901980
Oceania,,1972,498938880
Oceania,,1973,515371420
Oceania,,1974,541926200
Oceania,,1975,608403300
Oceania,,1976,604584400
Oceania,,1977,658226700
Oceania,,1978,598510700
Oceania,,1979,626329800
Oceania,,1980,695984000
Oceania,,1981,641721900
Oceania,,1982,639865900
Oceania,,1983,665100800
Oceania,,1984,608942900
Oceania,,1985,679683500
Oceania,,1986,590474700
Oceania,,1987,576848060
Oceania,,1988,583917950
Oceania,,1989,606744640
Oceania,,1990,643387600
Oceania,,1991,620514560
Oceania,,1992,685662850
Oceania,,1993,689939650
Oceania,,1994,669551040
Oceania,,1995,769097540
Oceania,,1996,789139800
Oceania,,1997,760940860
Oceania,,1998,816749700
Oceania,,1999,830141600
Oceania,,2000,886746240
Oceania,,2001,887987700
Oceania,,2002,824891840
Oceania,,2003,841853950
Oceania,,2004,857872200
Oceania,,2005,764298050
Oceania,,2006,826292400
Oceania,,2007,841093250
Oceania,,2008,905060350
Oceania,,2009,833144640
Oceania,,2010,989069060
Oceania,,2011,961509760
Oceania,,2012,903866240
Oceania,,2013,812825400
Oceania,,2014,805444540
Oceania,,2015,779038700
Oceania,,2016,822844350
Oceania,,2017,838139300
Oceania,,2018,806585200
Oceania,,2019,770191550
Oceania,,2020,751128400
Oceania,,2021,752921150
Oceania,,2022,750940600
Oceania,,2023,726781950
Oman,OMN,1850,223459.92
Oman,OMN,1851,223909.06
Oman,OMN,1852,224436.77
Oman,OMN,1853,224976.5
Oman,OMN,1854,225516.77
Oman,OMN,1855,226064.36
Oman,OMN,1856,226626.06
Oman,OMN,1857,227162.86
Oman,OMN,1858,227699.86
Oman,OMN,1859,228225.56
Oman,OMN,1860,228746.72
Oman,OMN,1861,229271.05
Oman,OMN,1862,229809.95
Oman,OMN,1863,230355.25
Oman,OMN,1864,230898.69
Oman,OMN,1865,231450.39
Oman,OMN,1866,232002.11
Oman,OMN,1867,232554.8
Oman,OMN,1868,233118.58
Oman,OMN,1869,233694.34
Oman,OMN,1870,233889.19
Oman,OMN,1871,234501.73
Oman,OMN,1872,235368.5
Oman,OMN,1873,236404.55
Oman,OMN,1874,237570.75
Oman,OMN,1875,238800.45
Oman,OMN,1876,240072.92
Oman,OMN,1877,241294.02
Oman,OMN,1878,242452.1
Oman,OMN,1879,243471.39
Oman,OMN,1880,245283.72
Oman,OMN,1881,247023.4
Oman,OMN,1882,248590.95
Oman,OMN,1883,250064.73
Oman,OMN,1884,251504.81
Oman,OMN,1885,252898
Oman,OMN,1886,254267.7
Oman,OMN,1887,255637.39
Oman,OMN,1888,256984.66
Oman,OMN,1889,258342.14
Oman,OMN,1890,259531
Oman,OMN,1891,260691.02
Oman,OMN,1892,261946.89
Oman,OMN,1893,263244.4
Oman,OMN,1894,264584.16
Oman,OMN,1895,265902.78
Oman,OMN,1896,267246.72
Oman,OMN,1897,268607.44
Oman,OMN,1898,269967.38
Oman,OMN,1899,271336.28
Oman,OMN,1900,272513.34
Oman,OMN,1901,269932.94
Oman,OMN,1902,267545.38
Oman,OMN,1903,265235.72
Oman,OMN,1904,262769.78
Oman,OMN,1905,260334.78
Oman,OMN,1906,257916.47
Oman,OMN,1907,255454.75
Oman,OMN,1908,252825.38
Oman,OMN,1909,250279.73
Oman,OMN,1910,244570.06
Oman,OMN,1911,239295.7
Oman,OMN,1912,234342.02
Oman,OMN,1913,229739.34
Oman,OMN,1914,225206.55
Oman,OMN,1915,220828.84
Oman,OMN,1916,216719
Oman,OMN,1917,212531.77
Oman,OMN,1918,208498.95
Oman,OMN,1919,204522.62
Oman,OMN,1920,200138.45
Oman,OMN,1921,195653.31
Oman,OMN,1922,191350.66
Oman,OMN,1923,187348.62
Oman,OMN,1924,183353.1
Oman,OMN,1925,179555.47
Oman,OMN,1926,175808.19
Oman,OMN,1927,172091.97
Oman,OMN,1928,168387.53
Oman,OMN,1929,164574.78
Oman,OMN,1930,159416.17
Oman,OMN,1931,154979.69
Oman,OMN,1932,150838.1
Oman,OMN,1933,146887
Oman,OMN,1934,143076.94
Oman,OMN,1935,139404.23
Oman,OMN,1936,135534.66
Oman,OMN,1937,131739.52
Oman,OMN,1938,127996.83
Oman,OMN,1939,124449.5
Oman,OMN,1940,123061.71
Oman,OMN,1941,122854.02
Oman,OMN,1942,123845.52
Oman,OMN,1943,125760.125
Oman,OMN,1944,128202.695
Oman,OMN,1945,131388.69
Oman,OMN,1946,134754.48
Oman,OMN,1947,138014.86
Oman,OMN,1948,141095.25
Oman,OMN,1949,143628
Oman,OMN,1950,141782.97
Oman,OMN,1951,142349.64
Oman,OMN,1952,142619.16
Oman,OMN,1953,142575.17
Oman,OMN,1954,141482.78
Oman,OMN,1955,141528.08
Oman,OMN,1956,136494.47
Oman,OMN,1957,129561.17
Oman,OMN,1958,116759.06
Oman,OMN,1959,86262.016
Oman,OMN,1960,115182.21
Oman,OMN,1961,165188.27
Oman,OMN,1962,185735.3
Oman,OMN,1963,213652.02
Oman,OMN,1964,239567
Oman,OMN,1965,275395.75
Oman,OMN,1966,317875.9
Oman,OMN,1967,452012.12
Oman,OMN,1968,489123.9
Oman,OMN,1969,597073.06
Oman,OMN,1970,7044347
Oman,OMN,1971,8941923
Oman,OMN,1972,8793456
Oman,OMN,1973,9103621
Oman,OMN,1974,9324745
Oman,OMN,1975,15532979
Oman,OMN,1976,17226226
Oman,OMN,1977,16872576
Oman,OMN,1978,15675663
Oman,OMN,1979,15272269
Oman,OMN,1980,13405564
Oman,OMN,1981,14326859
Oman,OMN,1982,14272191
Oman,OMN,1983,17347306
Oman,OMN,1984,18845356
Oman,OMN,1985,21438500
Oman,OMN,1986,24173898
Oman,OMN,1987,24338918
Oman,OMN,1988,26349104
Oman,OMN,1989,26407262
Oman,OMN,1990,29199748
Oman,OMN,1991,33634610
Oman,OMN,1992,31976712
Oman,OMN,1993,32204244
Oman,OMN,1994,36631756
Oman,OMN,1995,40223880
Oman,OMN,1996,40773268
Oman,OMN,1997,43484940
Oman,OMN,1998,40868404
Oman,OMN,1999,46043696
Oman,OMN,2000,50463740
Oman,OMN,2001,52036536
Oman,OMN,2002,57571004
Oman,OMN,2003,68865980
Oman,OMN,2004,62387104
Oman,OMN,2005,64710256
Oman,OMN,2006,72057150
Oman,OMN,2007,75456376
Oman,OMN,2008,77844000
Oman,OMN,2009,74606180
Oman,OMN,2010,81966350
Oman,OMN,2011,89151030
Oman,OMN,2012,96363610
Oman,OMN,2013,100980376
Oman,OMN,2014,101640904
Oman,OMN,2015,104897300
Oman,OMN,2016,104521940
Oman,OMN,2017,104607870
Oman,OMN,2018,110354320
Oman,OMN,2019,111888300
Oman,OMN,2020,108391224
Oman,OMN,2021,116851870
Oman,OMN,2022,121105550
Oman,OMN,2023,122909660
Pakistan,PAK,1850,20008806
Pakistan,PAK,1851,20200504
Pakistan,PAK,1852,20379808
Pakistan,PAK,1853,20539340
Pakistan,PAK,1854,20718998
Pakistan,PAK,1855,20886256
Pakistan,PAK,1856,21046890
Pakistan,PAK,1857,21215682
Pakistan,PAK,1858,21352960
Pakistan,PAK,1859,21499088
Pakistan,PAK,1860,21629780
Pakistan,PAK,1861,21736072
Pakistan,PAK,1862,21786494
Pakistan,PAK,1863,21873578
Pakistan,PAK,1864,21941374
Pakistan,PAK,1865,22040322
Pakistan,PAK,1866,22077058
Pakistan,PAK,1867,22147314
Pakistan,PAK,1868,22234762
Pakistan,PAK,1869,22295652
Pakistan,PAK,1870,22355490
Pakistan,PAK,1871,22454236
Pakistan,PAK,1872,22623116
Pakistan,PAK,1873,22809580
Pakistan,PAK,1874,23055206
Pakistan,PAK,1875,23309284
Pakistan,PAK,1876,23564694
Pakistan,PAK,1877,23822834
Pakistan,PAK,1878,24032240
Pakistan,PAK,1879,24218306
Pakistan,PAK,1880,24340494
Pakistan,PAK,1881,24461336
Pakistan,PAK,1882,24513230
Pakistan,PAK,1883,24621150
Pakistan,PAK,1884,24670188
Pakistan,PAK,1885,24768350
Pakistan,PAK,1886,24798582
Pakistan,PAK,1887,24862562
Pakistan,PAK,1888,24946046
Pakistan,PAK,1889,25007896
Pakistan,PAK,1890,25165692
Pakistan,PAK,1891,25224802
Pakistan,PAK,1892,25286184
Pakistan,PAK,1893,25343554
Pakistan,PAK,1894,25430750
Pakistan,PAK,1895,25512478
Pakistan,PAK,1896,25593450
Pakistan,PAK,1897,25686792
Pakistan,PAK,1898,25753772
Pakistan,PAK,1899,25837154
Pakistan,PAK,1900,25889248
Pakistan,PAK,1901,25968786
Pakistan,PAK,1902,26045866
Pakistan,PAK,1903,26179416
Pakistan,PAK,1904,26227738
Pakistan,PAK,1905,27787220
Pakistan,PAK,1906,28934284
Pakistan,PAK,1907,29738178
Pakistan,PAK,1908,30351464
Pakistan,PAK,1909,30678402
Pakistan,PAK,1910,32496782
Pakistan,PAK,1911,33318474
Pakistan,PAK,1912,33830264
Pakistan,PAK,1913,34015628
Pakistan,PAK,1914,34165524
Pakistan,PAK,1915,33923630
Pakistan,PAK,1916,33860730
Pakistan,PAK,1917,33663200
Pakistan,PAK,1918,33457958
Pakistan,PAK,1919,33386446
Pakistan,PAK,1920,35060030
Pakistan,PAK,1921,35850720
Pakistan,PAK,1922,36297510
Pakistan,PAK,1923,36631740
Pakistan,PAK,1924,36939160
Pakistan,PAK,1925,37156750
Pakistan,PAK,1926,37473148
Pakistan,PAK,1927,37711730
Pakistan,PAK,1928,37963564
Pakistan,PAK,1929,38276652
Pakistan,PAK,1930,39533372
Pakistan,PAK,1931,40436836
Pakistan,PAK,1932,41147428
Pakistan,PAK,1933,41813936
Pakistan,PAK,1934,42331044
Pakistan,PAK,1935,42855588
Pakistan,PAK,1936,43377916
Pakistan,PAK,1937,43971596
Pakistan,PAK,1938,44459680
Pakistan,PAK,1939,45043268
Pakistan,PAK,1940,53444868
Pakistan,PAK,1941,58217200
Pakistan,PAK,1942,61884144
Pakistan,PAK,1943,64743260
Pakistan,PAK,1944,67565550
Pakistan,PAK,1945,70151630
Pakistan,PAK,1946,73646424
Pakistan,PAK,1947,76167770
Pakistan,PAK,1948,77387910
Pakistan,PAK,1949,78903710
Pakistan,PAK,1950,79981680
Pakistan,PAK,1951,80165690
Pakistan,PAK,1952,80106856
Pakistan,PAK,1953,80746230
Pakistan,PAK,1954,81673800
Pakistan,PAK,1955,82971680
Pakistan,PAK,1956,86107544
Pakistan,PAK,1957,88364830
Pakistan,PAK,1958,92154310
Pakistan,PAK,1959,94603304
Pakistan,PAK,1960,100691110
Pakistan,PAK,1961,92946750
Pakistan,PAK,1962,89467464
Pakistan,PAK,1963,100679980
Pakistan,PAK,1964,115057820
Pakistan,PAK,1965,107100470
Pakistan,PAK,1966,102226856
Pakistan,PAK,1967,96748290
Pakistan,PAK,1968,90048320
Pakistan,PAK,1969,92792500
Pakistan,PAK,1970,89278904
Pakistan,PAK,1971,89403816
Pakistan,PAK,1972,105916300
Pakistan,PAK,1973,97662990
Pakistan,PAK,1974,104246376
Pakistan,PAK,1975,103859090
Pakistan,PAK,1976,107503990
Pakistan,PAK,1977,120633704
Pakistan,PAK,1978,123001700
Pakistan,PAK,1979,144294540
Pakistan,PAK,1980,138344370
Pakistan,PAK,1981,165384930
Pakistan,PAK,1982,147160640
Pakistan,PAK,1983,157790990
Pakistan,PAK,1984,152328580
Pakistan,PAK,1985,150415150
Pakistan,PAK,1986,175951410
Pakistan,PAK,1987,169484160
Pakistan,PAK,1988,183283330
Pakistan,PAK,1989,183917920
Pakistan,PAK,1990,195716900
Pakistan,PAK,1991,197377660
Pakistan,PAK,1992,211627520
Pakistan,PAK,1993,220892450
Pakistan,PAK,1994,234002620
Pakistan,PAK,1995,240020030
Pakistan,PAK,1996,261040600
Pakistan,PAK,1997,264369780
Pakistan,PAK,1998,269391870
Pakistan,PAK,1999,274813760
Pakistan,PAK,2000,286080900
Pakistan,PAK,2001,285480220
Pakistan,PAK,2002,298029440
Pakistan,PAK,2003,303111420
Pakistan,PAK,2004,318789800
Pakistan,PAK,2005,330999460
Pakistan,PAK,2006,349868160
Pakistan,PAK,2007,362934270
Pakistan,PAK,2008,367857540
Pakistan,PAK,2009,376462270
Pakistan,PAK,2010,384826880
Pakistan,PAK,2011,393266180
Pakistan,PAK,2012,397210700
Pakistan,PAK,2013,400418560
Pakistan,PAK,2014,409246850
Pakistan,PAK,2015,419036130
Pakistan,PAK,2016,450793730
Pakistan,PAK,2017,496970080
Pakistan,PAK,2018,495661980
Pakistan,PAK,2019,499773980
Pakistan,PAK,2020,530557760
Pakistan,PAK,2021,556013500
Pakistan,PAK,2022,534287070
Pakistan,PAK,2023,521927200
Palau,PLW,1850,10579.433
Palau,PLW,1851,10696.287
Palau,PLW,1852,10812.835
Palau,PLW,1853,10928.794
Palau,PLW,1854,11043.88
Palau,PLW,1855,11157.808
Palau,PLW,1856,11270.294
Palau,PLW,1857,11381.058
Palau,PLW,1858,11489.812
Palau,PLW,1859,11596.274
Palau,PLW,1860,11700.163
Palau,PLW,1861,11800.114
Palau,PLW,1862,11899.7705
Palau,PLW,1863,11999.251
Palau,PLW,1864,12098.677
Palau,PLW,1865,12198.165
Palau,PLW,1866,12297.837
Palau,PLW,1867,12397.8125
Palau,PLW,1868,12498.212
Palau,PLW,1869,12599.154
Palau,PLW,1870,12700.761
Palau,PLW,1871,12817.283
Palau,PLW,1872,12959.413
Palau,PLW,1873,13121.332
Palau,PLW,1874,13297.139
Palau,PLW,1875,13480.935
Palau,PLW,1876,13666.815
Palau,PLW,1877,13848.884
Palau,PLW,1878,14021.237
Palau,PLW,1879,14177.976
Palau,PLW,1880,14313.2
Palau,PLW,1881,14419.711
Palau,PLW,1882,14540.867
Palau,PLW,1883,14660.006
Palau,PLW,1884,14777.773
Palau,PLW,1885,14894.812
Palau,PLW,1886,15011.769
Palau,PLW,1887,15129.29
Palau,PLW,1888,15248.022
Palau,PLW,1889,15368.615
Palau,PLW,1890,15738.984
Palau,PLW,1891,15902.449
Palau,PLW,1892,16072.365
Palau,PLW,1893,16248.32
Palau,PLW,1894,16429.95
Palau,PLW,1895,16616.883
Palau,PLW,1896,16810.447
Palau,PLW,1897,17008.586
Palau,PLW,1898,17210.934
Palau,PLW,1899,17417.125
Palau,PLW,1900,17626.793
Palau,PLW,1901,17844.555
Palau,PLW,1902,18090.953
Palau,PLW,1903,18351.252
Palau,PLW,1904,18619.975
Palau,PLW,1905,18891.643
Palau,PLW,1906,19160.781
Palau,PLW,1907,19421.91
Palau,PLW,1908,19669.553
Palau,PLW,1909,19898.232
Palau,PLW,1910,20102.473
Palau,PLW,1911,20283.254
Palau,PLW,1912,20464.803
Palau,PLW,1913,20644.666
Palau,PLW,1914,20820.365
Palau,PLW,1915,20989.42
Palau,PLW,1916,21149.352
Palau,PLW,1917,21297.68
Palau,PLW,1918,21431.93
Palau,PLW,1919,21549.621
Palau,PLW,1920,21648.281
Palau,PLW,1921,21727.21
Palau,PLW,1922,21777.91
Palau,PLW,1923,21813.855
Palau,PLW,1924,21838.318
Palau,PLW,1925,21857.104
Palau,PLW,1926,21870.617
Palau,PLW,1927,21895.62
Palau,PLW,1928,21932.354
Palau,PLW,1929,21981.688
Palau,PLW,1930,22059.45
Palau,PLW,1931,22174.877
Palau,PLW,1932,22320.996
Palau,PLW,1933,22501.69
Palau,PLW,1934,22710.414
Palau,PLW,1935,22942.014
Palau,PLW,1936,23191.338
Palau,PLW,1937,23453.238
Palau,PLW,1938,23722.564
Palau,PLW,1939,23994.172
Palau,PLW,1940,24262.912
Palau,PLW,1941,24539.303
Palau,PLW,1942,24840.098
Palau,PLW,1943,25163.252
Palau,PLW,1944,25506.28
Palau,PLW,1945,26000.023
Palau,PLW,1946,26508.326
Palau,PLW,1947,27005.201
Palau,PLW,1948,27503.842
Palau,PLW,1949,28002.47
Palau,PLW,1950,28506.186
Palau,PLW,1951,29081.076
Palau,PLW,1952,29704.148
Palau,PLW,1953,30369.293
Palau,PLW,1954,31068.875
Palau,PLW,1955,31889.412
Palau,PLW,1956,32654.828
Palau,PLW,1957,33476.594
Palau,PLW,1958,34267.043
Palau,PLW,1959,35053.934
Palau,PLW,1960,35828.64
Palau,PLW,1961,37316.953
Palau,PLW,1962,38189
Palau,PLW,1963,39165.85
Palau,PLW,1964,40164.086
Palau,PLW,1965,41280.145
Palau,PLW,1966,42175.855
Palau,PLW,1967,43295.098
Palau,PLW,1968,44278.477
Palau,PLW,1969,47360.7
Palau,PLW,1970,156691.95
Palau,PLW,1971,156900.03
Palau,PLW,1972,156901.92
Palau,PLW,1973,156994.94
Palau,PLW,1974,157096.06
Palau,PLW,1975,157162.16
Palau,PLW,1976,157327.72
Palau,PLW,1977,157393.58
Palau,PLW,1978,157458.47
Palau,PLW,1979,157404.53
Palau,PLW,1980,157210.39
Palau,PLW,1981,159716.3
Palau,PLW,1982,158788.5
Palau,PLW,1983,165220.28
Palau,PLW,1984,182397.66
Palau,PLW,1985,148378.31
Palau,PLW,1986,161935.6
Palau,PLW,1987,169954.64
Palau,PLW,1988,163008.9
Palau,PLW,1989,170102.08
Palau,PLW,1990,172273.6
Palau,PLW,1991,171075.55
Palau,PLW,1992,356084.4
Palau,PLW,1993,359741.84
Palau,PLW,1994,440503
Palau,PLW,1995,390849.12
Palau,PLW,1996,377445.28
Palau,PLW,1997,370555.9
Palau,PLW,1998,349958.44
Palau,PLW,1999,371200.25
Palau,PLW,2000,326124.66
Palau,PLW,2001,335683.94
Palau,PLW,2002,282907.03
Palau,PLW,2003,294710.5
Palau,PLW,2004,298013.25
Palau,PLW,2005,334368.56
Palau,PLW,2006,338877.75
Palau,PLW,2007,341552.4
Palau,PLW,2008,297075.38
Palau,PLW,2009,316915.47
Palau,PLW,2010,313745.6
Palau,PLW,2011,324409.47
Palau,PLW,2012,354774.78
Palau,PLW,2013,296869.8
Palau,PLW,2014,287499.9
Palau,PLW,2015,275812.5
Palau,PLW,2016,282178.94
Palau,PLW,2017,289003.25
Palau,PLW,2018,283508.28
Palau,PLW,2019,293316.88
Palau,PLW,2020,287516.53
Palau,PLW,2021,289103.1
Palau,PLW,2022,295247.28
Palau,PLW,2023,301991.25
Panama,PAN,1850,2799204
Panama,PAN,1851,2720282.2
Panama,PAN,1852,2891647
Panama,PAN,1853,3105474
Panama,PAN,1854,2781547
Panama,PAN,1855,2835433.2
Panama,PAN,1856,2703432.8
Panama,PAN,1857,2683874.5
Panama,PAN,1858,2868520.2
Panama,PAN,1859,2565210.8
Panama,PAN,1860,2858358.5
Panama,PAN,1861,3371232.2
Panama,PAN,1862,2794505.5
Panama,PAN,1863,2462699.5
Panama,PAN,1864,2812463.5
Panama,PAN,1865,2853905
Panama,PAN,1866,2608130
Panama,PAN,1867,2768505.8
Panama,PAN,1868,2860710.5
Panama,PAN,1869,3604950
Panama,PAN,1870,2897137
Panama,PAN,1871,2784557.8
Panama,PAN,1872,2673717
Panama,PAN,1873,2622869.8
Panama,PAN,1874,2799064.2
Panama,PAN,1875,2620161
Panama,PAN,1876,2411080.5
Panama,PAN,1877,2593372.2
Panama,PAN,1878,2582350.5
Panama,PAN,1879,2516090
Panama,PAN,1880,3795215.8
Panama,PAN,1881,4121116.2
Panama,PAN,1882,3589596.8
Panama,PAN,1883,3506706.2
Panama,PAN,1884,3508019.8
Panama,PAN,1885,3785555.5
Panama,PAN,1886,3867764
Panama,PAN,1887,4199286
Panama,PAN,1888,4446254.5
Panama,PAN,1889,3857648.2
Panama,PAN,1890,4025458.2
Panama,PAN,1891,4145532.8
Panama,PAN,1892,4835109
Panama,PAN,1893,5395311
Panama,PAN,1894,4345272
Panama,PAN,1895,4378568.5
Panama,PAN,1896,4400787.5
Panama,PAN,1897,4471681.5
Panama,PAN,1898,4619084
Panama,PAN,1899,4737731
Panama,PAN,1900,5798477.5
Panama,PAN,1901,6943099
Panama,PAN,1902,6440944
Panama,PAN,1903,6982440
Panama,PAN,1904,8100660
Panama,PAN,1905,7060811.5
Panama,PAN,1906,7446535.5
Panama,PAN,1907,7416650.5
Panama,PAN,1908,8940234
Panama,PAN,1909,8040909.5
Panama,PAN,1910,7150659
Panama,PAN,1911,6909911
Panama,PAN,1912,7638885.5
Panama,PAN,1913,6801574.5
Panama,PAN,1914,7193373.5
Panama,PAN,1915,7474519
Panama,PAN,1916,6968717.5
Panama,PAN,1917,6946741
Panama,PAN,1918,6882830.5
Panama,PAN,1919,7864566
Panama,PAN,1920,8746147
Panama,PAN,1921,8651756
Panama,PAN,1922,8395921
Panama,PAN,1923,8315077.5
Panama,PAN,1924,8749120
Panama,PAN,1925,8992379
Panama,PAN,1926,10040375
Panama,PAN,1927,9457805
Panama,PAN,1928,8675518
Panama,PAN,1929,9112833
Panama,PAN,1930,13425161
Panama,PAN,1931,15206143
Panama,PAN,1932,16839274
Panama,PAN,1933,15828954
Panama,PAN,1934,17599442
Panama,PAN,1935,17029474
Panama,PAN,1936,16315490
Panama,PAN,1937,17432426
Panama,PAN,1938,17440622
Panama,PAN,1939,17167844
Panama,PAN,1940,20321260
Panama,PAN,1941,21372230
Panama,PAN,1942,22292406
Panama,PAN,1943,22075610
Panama,PAN,1944,21884878
Panama,PAN,1945,22657708
Panama,PAN,1946,21715802
Panama,PAN,1947,22005248
Panama,PAN,1948,22617072
Panama,PAN,1949,22520122
Panama,PAN,1950,23393878
Panama,PAN,1951,24069354
Panama,PAN,1952,25006126
Panama,PAN,1953,26523208
Panama,PAN,1954,27055634
Panama,PAN,1955,28384958
Panama,PAN,1956,28870186
Panama,PAN,1957,30149526
Panama,PAN,1958,31884816
Panama,PAN,1959,41396292
Panama,PAN,1960,17402782
Panama,PAN,1961,17190664
Panama,PAN,1962,15916503
Panama,PAN,1963,14900694
Panama,PAN,1964,17361996
Panama,PAN,1965,17127492
Panama,PAN,1966,11839352
Panama,PAN,1967,16009316
Panama,PAN,1968,15627760
Panama,PAN,1969,13502567
Panama,PAN,1970,21479918
Panama,PAN,1971,20678384
Panama,PAN,1972,25817324
Panama,PAN,1973,20372262
Panama,PAN,1974,23177358
Panama,PAN,1975,25543472
Panama,PAN,1976,25626132
Panama,PAN,1977,19653148
Panama,PAN,1978,19282062
Panama,PAN,1979,19007022
Panama,PAN,1980,25572852
Panama,PAN,1981,28677998
Panama,PAN,1982,22428608
Panama,PAN,1983,26538778
Panama,PAN,1984,22953800
Panama,PAN,1985,22357180
Panama,PAN,1986,22538830
Panama,PAN,1987,23245988
Panama,PAN,1988,24015044
Panama,PAN,1989,22475604
Panama,PAN,1990,18208036
Panama,PAN,1991,19559232
Panama,PAN,1992,16807938
Panama,PAN,1993,15792223
Panama,PAN,1994,18487534
Panama,PAN,1995,17919918
Panama,PAN,1996,19809214
Panama,PAN,1997,22385728
Panama,PAN,1998,36374664
Panama,PAN,1999,42509828
Panama,PAN,2000,27123436
Panama,PAN,2001,25155784
Panama,PAN,2002,22385928
Panama,PAN,2003,21974196
Panama,PAN,2004,21124648
Panama,PAN,2005,19681920
Panama,PAN,2006,23695276
Panama,PAN,2007,21591884
Panama,PAN,2008,22436104
Panama,PAN,2009,32320760
Panama,PAN,2010,24183258
Panama,PAN,2011,19594734
Panama,PAN,2012,22568210
Panama,PAN,2013,22203738
Panama,PAN,2014,21352148
Panama,PAN,2015,21633962
Panama,PAN,2016,21814862
Panama,PAN,2017,22849208
Panama,PAN,2018,20297338
Panama,PAN,2019,24294020
Panama,PAN,2020,19281476
Panama,PAN,2021,21891436
Panama,PAN,2022,22685238
Panama,PAN,2023,25317184
Papua New Guinea,PNG,1850,-2411089
Papua New Guinea,PNG,1851,4305923.5
Papua New Guinea,PNG,1852,-1108216.6
Papua New Guinea,PNG,1853,-4748478
Papua New Guinea,PNG,1854,-2201878.8
Papua New Guinea,PNG,1855,692389.2
Papua New Guinea,PNG,1856,-6692147
Papua New Guinea,PNG,1857,-1686688.6
Papua New Guinea,PNG,1858,2794929.8
Papua New Guinea,PNG,1859,-1955340
Papua New Guinea,PNG,1860,4090062.2
Papua New Guinea,PNG,1861,613431.06
Papua New Guinea,PNG,1862,-5341826
Papua New Guinea,PNG,1863,435958.5
Papua New Guinea,PNG,1864,-1343313.1
Papua New Guinea,PNG,1865,6154068
Papua New Guinea,PNG,1866,863798.06
Papua New Guinea,PNG,1867,-23439.648
Papua New Guinea,PNG,1868,-13124936
Papua New Guinea,PNG,1869,6922195
Papua New Guinea,PNG,1870,5570633.5
Papua New Guinea,PNG,1871,-3471965.2
Papua New Guinea,PNG,1872,-1062461.6
Papua New Guinea,PNG,1873,271668.5
Papua New Guinea,PNG,1874,-2196028.5
Papua New Guinea,PNG,1875,70268.836
Papua New Guinea,PNG,1876,17145620
Papua New Guinea,PNG,1877,802205.8
Papua New Guinea,PNG,1878,-5283615
Papua New Guinea,PNG,1879,4836179
Papua New Guinea,PNG,1880,-6323931
Papua New Guinea,PNG,1881,343353.78
Papua New Guinea,PNG,1882,757910.4
Papua New Guinea,PNG,1883,-5937052
Papua New Guinea,PNG,1884,-164365.05
Papua New Guinea,PNG,1885,-6649237.5
Papua New Guinea,PNG,1886,-3873512.2
Papua New Guinea,PNG,1887,2114569.8
Papua New Guinea,PNG,1888,5044282
Papua New Guinea,PNG,1889,5666618
Papua New Guinea,PNG,1890,80502130
Papua New Guinea,PNG,1891,94426776
Papua New Guinea,PNG,1892,100832450
Papua New Guinea,PNG,1893,99980650
Papua New Guinea,PNG,1894,102232696
Papua New Guinea,PNG,1895,110455390
Papua New Guinea,PNG,1896,108526760
Papua New Guinea,PNG,1897,112892800
Papua New Guinea,PNG,1898,116847010
Papua New Guinea,PNG,1899,114940504
Papua New Guinea,PNG,1900,37879532
Papua New Guinea,PNG,1901,23082264
Papua New Guinea,PNG,1902,11627124
Papua New Guinea,PNG,1903,12826305
Papua New Guinea,PNG,1904,13210309
Papua New Guinea,PNG,1905,22992920
Papua New Guinea,PNG,1906,6591314
Papua New Guinea,PNG,1907,8825506
Papua New Guinea,PNG,1908,1777656.6
Papua New Guinea,PNG,1909,1628594.8
Papua New Guinea,PNG,1910,716941.2
Papua New Guinea,PNG,1911,1835147.2
Papua New Guinea,PNG,1912,2863797.5
Papua New Guinea,PNG,1913,-30751.117
Papua New Guinea,PNG,1914,2999278.5
Papua New Guinea,PNG,1915,9115752
Papua New Guinea,PNG,1916,12120335
Papua New Guinea,PNG,1917,-2682468.2
Papua New Guinea,PNG,1918,6735319.5
Papua New Guinea,PNG,1919,2439749.2
Papua New Guinea,PNG,1920,4272310
Papua New Guinea,PNG,1921,982793.7
Papua New Guinea,PNG,1922,-5984884
Papua New Guinea,PNG,1923,7411560
Papua New Guinea,PNG,1924,1830705
Papua New Guinea,PNG,1925,-4946102.5
Papua New Guinea,PNG,1926,1335540
Papua New Guinea,PNG,1927,6748301
Papua New Guinea,PNG,1928,8598432
Papua New Guinea,PNG,1929,-1053399.9
Papua New Guinea,PNG,1930,1520103
Papua New Guinea,PNG,1931,4773988.5
Papua New Guinea,PNG,1932,6023158
Papua New Guinea,PNG,1933,2755425.5
Papua New Guinea,PNG,1934,4362187
Papua New Guinea,PNG,1935,7093286.5
Papua New Guinea,PNG,1936,-4921425
Papua New Guinea,PNG,1937,-798035.56
Papua New Guinea,PNG,1938,4231043
Papua New Guinea,PNG,1939,1080200.5
Papua New Guinea,PNG,1940,-2966501.2
Papua New Guinea,PNG,1941,10692262
Papua New Guinea,PNG,1942,-549531.4
Papua New Guinea,PNG,1943,5820532
Papua New Guinea,PNG,1944,1814648.5
Papua New Guinea,PNG,1945,-4059793.2
Papua New Guinea,PNG,1946,1961037
Papua New Guinea,PNG,1947,-7370008
Papua New Guinea,PNG,1948,6540083
Papua New Guinea,PNG,1949,7596161.5
Papua New Guinea,PNG,1950,206669.73
Papua New Guinea,PNG,1951,7769987
Papua New Guinea,PNG,1952,-6916774.5
Papua New Guinea,PNG,1953,6304771
Papua New Guinea,PNG,1954,13749429
Papua New Guinea,PNG,1955,-2019154.2
Papua New Guinea,PNG,1956,3439955.5
Papua New Guinea,PNG,1957,8816408
Papua New Guinea,PNG,1958,6625077
Papua New Guinea,PNG,1959,-7731471
Papua New Guinea,PNG,1960,-13206342
Papua New Guinea,PNG,1961,8716131
Papua New Guinea,PNG,1962,-11746929
Papua New Guinea,PNG,1963,377696.3
Papua New Guinea,PNG,1964,139624.28
Papua New Guinea,PNG,1965,-14961392
Papua New Guinea,PNG,1966,12238361
Papua New Guinea,PNG,1967,14277226
Papua New Guinea,PNG,1968,30551326
Papua New Guinea,PNG,1969,8929334
Papua New Guinea,PNG,1970,22620596
Papua New Guinea,PNG,1971,10485230
Papua New Guinea,PNG,1972,4921813
Papua New Guinea,PNG,1973,20606964
Papua New Guinea,PNG,1974,22280782
Papua New Guinea,PNG,1975,26097238
Papua New Guinea,PNG,1976,26623870
Papua New Guinea,PNG,1977,13404466
Papua New Guinea,PNG,1978,11903108
Papua New Guinea,PNG,1979,13500475
Papua New Guinea,PNG,1980,32693978
Papua New Guinea,PNG,1981,17357898
Papua New Guinea,PNG,1982,29818928
Papua New Guinea,PNG,1983,14065445
Papua New Guinea,PNG,1984,9953850
Papua New Guinea,PNG,1985,56693080
Papua New Guinea,PNG,1986,17213998
Papua New Guinea,PNG,1987,31795114
Papua New Guinea,PNG,1988,36909804
Papua New Guinea,PNG,1989,38554000
Papua New Guinea,PNG,1990,22707326
Papua New Guinea,PNG,1991,18327116
Papua New Guinea,PNG,1992,42279936
Papua New Guinea,PNG,1993,39193224
Papua New Guinea,PNG,1994,21736062
Papua New Guinea,PNG,1995,38707504
Papua New Guinea,PNG,1996,55325428
Papua New Guinea,PNG,1997,44358664
Papua New Guinea,PNG,1998,47464130
Papua New Guinea,PNG,1999,44264210
Papua New Guinea,PNG,2000,45495820
Papua New Guinea,PNG,2001,40335028
Papua New Guinea,PNG,2002,32118668
Papua New Guinea,PNG,2003,40950550
Papua New Guinea,PNG,2004,28784922
Papua New Guinea,PNG,2005,41583836
Papua New Guinea,PNG,2006,64915910
Papua New Guinea,PNG,2007,54538548
Papua New Guinea,PNG,2008,53695240
Papua New Guinea,PNG,2009,49104336
Papua New Guinea,PNG,2010,41199360
Papua New Guinea,PNG,2011,42958296
Papua New Guinea,PNG,2012,30763412
Papua New Guinea,PNG,2013,40637480
Papua New Guinea,PNG,2014,50540796
Papua New Guinea,PNG,2015,46216428
Papua New Guinea,PNG,2016,72730780
Papua New Guinea,PNG,2017,51393300
Papua New Guinea,PNG,2018,42048892
Papua New Guinea,PNG,2019,42874240
Papua New Guinea,PNG,2020,46530396
Papua New Guinea,PNG,2021,46731110
Papua New Guinea,PNG,2022,50141784
Papua New Guinea,PNG,2023,52884280
Paraguay,PRY,1850,3177763
Paraguay,PRY,1851,2908791.5
Paraguay,PRY,1852,2809061.2
Paraguay,PRY,1853,2760147
Paraguay,PRY,1854,2734079.5
Paraguay,PRY,1855,2722867
Paraguay,PRY,1856,2693188.2
Paraguay,PRY,1857,2672838
Paraguay,PRY,1858,2657579.8
Paraguay,PRY,1859,2653070
Paraguay,PRY,1860,2604042
Paraguay,PRY,1861,2559576.8
Paraguay,PRY,1862,2553228.5
Paraguay,PRY,1863,2570438.5
Paraguay,PRY,1864,2547660.5
Paraguay,PRY,1865,2542314.8
Paraguay,PRY,1866,2593644.5
Paraguay,PRY,1867,2562486.2
Paraguay,PRY,1868,2556862.2
Paraguay,PRY,1869,2582723
Paraguay,PRY,1870,2533726
Paraguay,PRY,1871,2504456.2
Paraguay,PRY,1872,2506224.8
Paraguay,PRY,1873,2501872
Paraguay,PRY,1874,2493860.2
Paraguay,PRY,1875,2496320
Paraguay,PRY,1876,2518911.5
Paraguay,PRY,1877,2484760.8
Paraguay,PRY,1878,2520886.8
Paraguay,PRY,1879,2509222
Paraguay,PRY,1880,2532225.2
Paraguay,PRY,1881,2568246.8
Paraguay,PRY,1882,2604269.8
Paraguay,PRY,1883,2638666
Paraguay,PRY,1884,2686799
Paraguay,PRY,1885,2712653.2
Paraguay,PRY,1886,2756672.5
Paraguay,PRY,1887,2806541.2
Paraguay,PRY,1888,2854072.8
Paraguay,PRY,1889,2913705.2
Paraguay,PRY,1890,3013758.2
Paraguay,PRY,1891,3094942
Paraguay,PRY,1892,3161760.8
Paraguay,PRY,1893,3216215.8
Paraguay,PRY,1894,3284811
Paraguay,PRY,1895,3347893.5
Paraguay,PRY,1896,3432453.8
Paraguay,PRY,1897,3521466.2
Paraguay,PRY,1898,3584853.5
Paraguay,PRY,1899,3672872
Paraguay,PRY,1900,7949939
Paraguay,PRY,1901,9855761
Paraguay,PRY,1902,10924764
Paraguay,PRY,1903,11506219
Paraguay,PRY,1904,11836242
Paraguay,PRY,1905,12460546
Paraguay,PRY,1906,12570403
Paraguay,PRY,1907,13060645
Paraguay,PRY,1908,13343557
Paraguay,PRY,1909,13461800
Paraguay,PRY,1910,13509482
Paraguay,PRY,1911,13832347
Paraguay,PRY,1912,13819150
Paraguay,PRY,1913,14013003
Paraguay,PRY,1914,14226070
Paraguay,PRY,1915,14247219
Paraguay,PRY,1916,14457312
Paraguay,PRY,1917,14427086
Paraguay,PRY,1918,14789379
Paraguay,PRY,1919,14886002
Paraguay,PRY,1920,14762169
Paraguay,PRY,1921,14704839
Paraguay,PRY,1922,14768585
Paraguay,PRY,1923,14965594
Paraguay,PRY,1924,14820981
Paraguay,PRY,1925,15065950
Paraguay,PRY,1926,14983122
Paraguay,PRY,1927,15020334
Paraguay,PRY,1928,15261013
Paraguay,PRY,1929,15133703
Paraguay,PRY,1930,14919318
Paraguay,PRY,1931,14916989
Paraguay,PRY,1932,15056000
Paraguay,PRY,1933,14912617
Paraguay,PRY,1934,15003994
Paraguay,PRY,1935,15235296
Paraguay,PRY,1936,15358410
Paraguay,PRY,1937,15532325
Paraguay,PRY,1938,15788122
Paraguay,PRY,1939,16252720
Paraguay,PRY,1940,16170435
Paraguay,PRY,1941,16319069
Paraguay,PRY,1942,16561166
Paraguay,PRY,1943,17015846
Paraguay,PRY,1944,17246660
Paraguay,PRY,1945,17797760
Paraguay,PRY,1946,18559840
Paraguay,PRY,1947,18956980
Paraguay,PRY,1948,19429296
Paraguay,PRY,1949,20284314
Paraguay,PRY,1950,26311134
Paraguay,PRY,1951,29277552
Paraguay,PRY,1952,31496522
Paraguay,PRY,1953,33054432
Paraguay,PRY,1954,34743884
Paraguay,PRY,1955,35692596
Paraguay,PRY,1956,37591252
Paraguay,PRY,1957,39140210
Paraguay,PRY,1958,40641544
Paraguay,PRY,1959,41833332
Paraguay,PRY,1960,55339910
Paraguay,PRY,1961,42574880
Paraguay,PRY,1962,37357384
Paraguay,PRY,1963,36921080
Paraguay,PRY,1964,36632510
Paraguay,PRY,1965,37333610
Paraguay,PRY,1966,33999090
Paraguay,PRY,1967,32517624
Paraguay,PRY,1968,32022642
Paraguay,PRY,1969,31330334
Paraguay,PRY,1970,31634114
Paraguay,PRY,1971,30898592
Paraguay,PRY,1972,31481296
Paraguay,PRY,1973,44865828
Paraguay,PRY,1974,53458000
Paraguay,PRY,1975,59354500
Paraguay,PRY,1976,63017050
Paraguay,PRY,1977,67018028
Paraguay,PRY,1978,69968670
Paraguay,PRY,1979,74259910
Paraguay,PRY,1980,76973570
Paraguay,PRY,1981,70592470
Paraguay,PRY,1982,69162980
Paraguay,PRY,1983,68966776
Paraguay,PRY,1984,67668450
Paraguay,PRY,1985,68385550
Paraguay,PRY,1986,69709416
Paraguay,PRY,1987,69316360
Paraguay,PRY,1988,65222364
Paraguay,PRY,1989,62973530
Paraguay,PRY,1990,62530290
Paraguay,PRY,1991,72242776
Paraguay,PRY,1992,64432310
Paraguay,PRY,1993,72927090
Paraguay,PRY,1994,106951000
Paraguay,PRY,1995,90364280
Paraguay,PRY,1996,77013416
Paraguay,PRY,1997,95606810
Paraguay,PRY,1998,93166730
Paraguay,PRY,1999,83922680
Paraguay,PRY,2000,83042790
Paraguay,PRY,2001,87200510
Paraguay,PRY,2002,85755944
Paraguay,PRY,2003,92802570
Paraguay,PRY,2004,89551840
Paraguay,PRY,2005,90976910
Paraguay,PRY,2006,92060900
Paraguay,PRY,2007,92548650
Paraguay,PRY,2008,91697720
Paraguay,PRY,2009,96530296
Paraguay,PRY,2010,101074980
Paraguay,PRY,2011,110282620
Paraguay,PRY,2012,107482420
Paraguay,PRY,2013,116590350
Paraguay,PRY,2014,121418230
Paraguay,PRY,2015,105543160
Paraguay,PRY,2016,99022600
Paraguay,PRY,2017,97650360
Paraguay,PRY,2018,90562220
Paraguay,PRY,2019,86707620
Paraguay,PRY,2020,84094940
Paraguay,PRY,2021,86919896
Paraguay,PRY,2022,80804880
Paraguay,PRY,2023,82089210
Peru,PER,1850,9224413
Peru,PER,1851,5028075
Peru,PER,1852,9236906
Peru,PER,1853,13720959
Peru,PER,1854,7112956
Peru,PER,1855,9515500
Peru,PER,1856,10159894
Peru,PER,1857,9668575
Peru,PER,1858,7258393
Peru,PER,1859,9956376
Peru,PER,1860,8626377
Peru,PER,1861,11514730
Peru,PER,1862,10813721
Peru,PER,1863,8945702
Peru,PER,1864,11617282
Peru,PER,1865,10212515
Peru,PER,1866,8637732
Peru,PER,1867,10856789
Peru,PER,1868,11555945
Peru,PER,1869,9488977
Peru,PER,1870,14496187
Peru,PER,1871,9697925
Peru,PER,1872,12439179
Peru,PER,1873,12858904
Peru,PER,1874,12703591
Peru,PER,1875,15093321
Peru,PER,1876,13418341
Peru,PER,1877,15041094
Peru,PER,1878,14849274
Peru,PER,1879,15667194
Peru,PER,1880,16575136
Peru,PER,1881,17656270
Peru,PER,1882,17162136
Peru,PER,1883,19593402
Peru,PER,1884,21499192
Peru,PER,1885,21022942
Peru,PER,1886,21668426
Peru,PER,1887,20722506
Peru,PER,1888,25422444
Peru,PER,1889,22244530
Peru,PER,1890,22101326
Peru,PER,1891,23969996
Peru,PER,1892,22976294
Peru,PER,1893,23909418
Peru,PER,1894,25531678
Peru,PER,1895,24502028
Peru,PER,1896,23173422
Peru,PER,1897,22023128
Peru,PER,1898,24122568
Peru,PER,1899,26658510
Peru,PER,1900,24539124
Peru,PER,1901,23921928
Peru,PER,1902,25050786
Peru,PER,1903,23345522
Peru,PER,1904,25962500
Peru,PER,1905,24639698
Peru,PER,1906,23838062
Peru,PER,1907,23954786
Peru,PER,1908,26724588
Peru,PER,1909,25910884
Peru,PER,1910,27199414
Peru,PER,1911,27148724
Peru,PER,1912,26887798
Peru,PER,1913,28172956
Peru,PER,1914,27879840
Peru,PER,1915,26964256
Peru,PER,1916,27648974
Peru,PER,1917,32039570
Peru,PER,1918,28411618
Peru,PER,1919,27779298
Peru,PER,1920,29185208
Peru,PER,1921,32153710
Peru,PER,1922,31870776
Peru,PER,1923,30923742
Peru,PER,1924,32188770
Peru,PER,1925,33940624
Peru,PER,1926,35562870
Peru,PER,1927,35651870
Peru,PER,1928,35907516
Peru,PER,1929,35829724
Peru,PER,1930,41938104
Peru,PER,1931,35893932
Peru,PER,1932,42627216
Peru,PER,1933,43645210
Peru,PER,1934,40834164
Peru,PER,1935,43841544
Peru,PER,1936,45415436
Peru,PER,1937,46386460
Peru,PER,1938,44529476
Peru,PER,1939,45907996
Peru,PER,1940,43060412
Peru,PER,1941,38939332
Peru,PER,1942,43565670
Peru,PER,1943,39465856
Peru,PER,1944,43497804
Peru,PER,1945,40056220
Peru,PER,1946,42207070
Peru,PER,1947,41182268
Peru,PER,1948,43310588
Peru,PER,1949,43761116
Peru,PER,1950,47150016
Peru,PER,1951,49494292
Peru,PER,1952,55497076
Peru,PER,1953,56274464
Peru,PER,1954,60197052
Peru,PER,1955,63671760
Peru,PER,1956,65658572
Peru,PER,1957,71921010
Peru,PER,1958,78642540
Peru,PER,1959,83809920
Peru,PER,1960,93593560
Peru,PER,1961,85323490
Peru,PER,1962,98601050
Peru,PER,1963,105261510
Peru,PER,1964,106074130
Peru,PER,1965,90459320
Peru,PER,1966,85423060
Peru,PER,1967,84818640
Peru,PER,1968,82925730
Peru,PER,1969,85897610
Peru,PER,1970,92078290
Peru,PER,1971,122277750
Peru,PER,1972,119327700
Peru,PER,1973,115837510
Peru,PER,1974,107893890
Peru,PER,1975,106782340
Peru,PER,1976,107871290
Peru,PER,1977,104454264
Peru,PER,1978,106182120
Peru,PER,1979,105511270
Peru,PER,1980,108591864
Peru,PER,1981,103229144
Peru,PER,1982,103048790
Peru,PER,1983,98518790
Peru,PER,1984,101994700
Peru,PER,1985,101955784
Peru,PER,1986,97755220
Peru,PER,1987,102689460
Peru,PER,1988,102352790
Peru,PER,1989,130613060
Peru,PER,1990,130100460
Peru,PER,1991,115574260
Peru,PER,1992,117896424
Peru,PER,1993,144353070
Peru,PER,1994,139022460
Peru,PER,1995,122565980
Peru,PER,1996,125424900
Peru,PER,1997,124020136
Peru,PER,1998,150685600
Peru,PER,1999,143100450
Peru,PER,2000,154180450
Peru,PER,2001,148581340
Peru,PER,2002,140790820
Peru,PER,2003,190274560
Peru,PER,2004,158185420
Peru,PER,2005,153421800
Peru,PER,2006,147610560
Peru,PER,2007,151613940
Peru,PER,2008,142187490
Peru,PER,2009,148166860
Peru,PER,2010,150713970
Peru,PER,2011,156815800
Peru,PER,2012,151374780
Peru,PER,2013,144141040
Peru,PER,2014,148437620
Peru,PER,2015,132745790
Peru,PER,2016,138855330
Peru,PER,2017,144303980
Peru,PER,2018,141991900
Peru,PER,2019,140647570
Peru,PER,2020,130571820
Peru,PER,2021,134420740
Peru,PER,2022,137703120
Peru,PER,2023,140411540
Philippines,PHL,1850,44214330
Philippines,PHL,1851,54994560
Philippines,PHL,1852,46963340
Philippines,PHL,1853,63813116
Philippines,PHL,1854,49312870
Philippines,PHL,1855,51699616
Philippines,PHL,1856,45629196
Philippines,PHL,1857,55049920
Philippines,PHL,1858,52539490
Philippines,PHL,1859,52399944
Philippines,PHL,1860,49917924
Philippines,PHL,1861,47704440
Philippines,PHL,1862,53044664
Philippines,PHL,1863,52265908
Philippines,PHL,1864,45127540
Philippines,PHL,1865,44724884
Philippines,PHL,1866,52975280
Philippines,PHL,1867,53471836
Philippines,PHL,1868,53645376
Philippines,PHL,1869,51238316
Philippines,PHL,1870,60117304
Philippines,PHL,1871,51386984
Philippines,PHL,1872,61253140
Philippines,PHL,1873,47518220
Philippines,PHL,1874,55762580
Philippines,PHL,1875,50846776
Philippines,PHL,1876,50353764
Philippines,PHL,1877,49258456
Philippines,PHL,1878,59149664
Philippines,PHL,1879,52245396
Philippines,PHL,1880,53447756
Philippines,PHL,1881,45597556
Philippines,PHL,1882,34292190
Philippines,PHL,1883,43070988
Philippines,PHL,1884,51061704
Philippines,PHL,1885,46378628
Philippines,PHL,1886,52631076
Philippines,PHL,1887,54000056
Philippines,PHL,1888,52706504
Philippines,PHL,1889,47146068
Philippines,PHL,1890,41715660
Philippines,PHL,1891,52737170
Philippines,PHL,1892,40804430
Philippines,PHL,1893,59618236
Philippines,PHL,1894,55964604
Philippines,PHL,1895,54620370
Philippines,PHL,1896,60188980
Philippines,PHL,1897,53540616
Philippines,PHL,1898,55344564
Philippines,PHL,1899,51127510
Philippines,PHL,1900,61846900
Philippines,PHL,1901,73204880
Philippines,PHL,1902,64961920
Philippines,PHL,1903,72095410
Philippines,PHL,1904,81199120
Philippines,PHL,1905,80697260
Philippines,PHL,1906,84689900
Philippines,PHL,1907,86096490
Philippines,PHL,1908,84121890
Philippines,PHL,1909,79675160
Philippines,PHL,1910,82536456
Philippines,PHL,1911,83581510
Philippines,PHL,1912,98886584
Philippines,PHL,1913,84861880
Philippines,PHL,1914,98256880
Philippines,PHL,1915,99214420
Philippines,PHL,1916,90383650
Philippines,PHL,1917,88041120
Philippines,PHL,1918,99091800
Philippines,PHL,1919,96575410
Philippines,PHL,1920,90338696
Philippines,PHL,1921,88508504
Philippines,PHL,1922,87330480
Philippines,PHL,1923,81345960
Philippines,PHL,1924,81398230
Philippines,PHL,1925,88572160
Philippines,PHL,1926,79925780
Philippines,PHL,1927,81194140
Philippines,PHL,1928,73633340
Philippines,PHL,1929,80506240
Philippines,PHL,1930,84174930
Philippines,PHL,1931,91933064
Philippines,PHL,1932,89796070
Philippines,PHL,1933,102038420
Philippines,PHL,1934,91434490
Philippines,PHL,1935,100011710
Philippines,PHL,1936,94901210
Philippines,PHL,1937,99446360
Philippines,PHL,1938,102059460
Philippines,PHL,1939,98216820
Philippines,PHL,1940,77803660
Philippines,PHL,1941,65119020
Philippines,PHL,1942,62108640
Philippines,PHL,1943,63656076
Philippines,PHL,1944,59329700
Philippines,PHL,1945,62258040
Philippines,PHL,1946,67753460
Philippines,PHL,1947,60627280
Philippines,PHL,1948,63559510
Philippines,PHL,1949,63546308
Philippines,PHL,1950,100125130
Philippines,PHL,1951,118554104
Philippines,PHL,1952,138746500
Philippines,PHL,1953,151441500
Philippines,PHL,1954,174667860
Philippines,PHL,1955,178416160
Philippines,PHL,1956,186788600
Philippines,PHL,1957,196633970
Philippines,PHL,1958,198682290
Philippines,PHL,1959,215846750
Philippines,PHL,1960,165473780
Philippines,PHL,1961,151191900
Philippines,PHL,1962,154697220
Philippines,PHL,1963,199173000
Philippines,PHL,1964,168393170
Philippines,PHL,1965,146376380
Philippines,PHL,1966,179069860
Philippines,PHL,1967,150110340
Philippines,PHL,1968,143872270
Philippines,PHL,1969,154932500
Philippines,PHL,1970,143993920
Philippines,PHL,1971,172041440
Philippines,PHL,1972,195176460
Philippines,PHL,1973,238405330
Philippines,PHL,1974,275391230
Philippines,PHL,1975,329644540
Philippines,PHL,1976,343941020
Philippines,PHL,1977,278734600
Philippines,PHL,1978,288413280
Philippines,PHL,1979,293786800
Philippines,PHL,1980,259039740
Philippines,PHL,1981,249245170
Philippines,PHL,1982,239962060
Philippines,PHL,1983,227862980
Philippines,PHL,1984,228757330
Philippines,PHL,1985,223389860
Philippines,PHL,1986,221626690
Philippines,PHL,1987,221208240
Philippines,PHL,1988,224646030
Philippines,PHL,1989,219339500
Philippines,PHL,1990,223814260
Philippines,PHL,1991,207444320
Philippines,PHL,1992,182652320
Philippines,PHL,1993,170598200
Philippines,PHL,1994,178386160
Philippines,PHL,1995,189975150
Philippines,PHL,1996,219439280
Philippines,PHL,1997,179226690
Philippines,PHL,1998,171590800
Philippines,PHL,1999,179417550
Philippines,PHL,2000,179037680
Philippines,PHL,2001,175883400
Philippines,PHL,2002,198544430
Philippines,PHL,2003,224886050
Philippines,PHL,2004,199121660
Philippines,PHL,2005,237061820
Philippines,PHL,2006,234461360
Philippines,PHL,2007,253943000
Philippines,PHL,2008,243830370
Philippines,PHL,2009,226872020
Philippines,PHL,2010,255933460
Philippines,PHL,2011,261317900
Philippines,PHL,2012,244729920
Philippines,PHL,2013,249420350
Philippines,PHL,2014,249166140
Philippines,PHL,2015,250603300
Philippines,PHL,2016,257656600
Philippines,PHL,2017,270508350
Philippines,PHL,2018,270539200
Philippines,PHL,2019,272290940
Philippines,PHL,2020,260806510
Philippines,PHL,2021,269455600
Philippines,PHL,2022,275263360
Philippines,PHL,2023,284404060
Poland,POL,1850,52697530
Poland,POL,1851,53734370
Poland,POL,1852,55261536
Poland,POL,1853,55974200
Poland,POL,1854,56850270
Poland,POL,1855,58233730
Poland,POL,1856,58869230
Poland,POL,1857,59631596
Poland,POL,1858,60749150
Poland,POL,1859,60783590
Poland,POL,1860,61010696
Poland,POL,1861,61111650
Poland,POL,1862,62437052
Poland,POL,1863,64067944
Poland,POL,1864,65080776
Poland,POL,1865,66484080
Poland,POL,1866,66251720
Poland,POL,1867,67910720
Poland,POL,1868,69436230
Poland,POL,1869,70167930
Poland,POL,1870,73547896
Poland,POL,1871,77310344
Poland,POL,1872,80252936
Poland,POL,1873,82869430
Poland,POL,1874,86128060
Poland,POL,1875,86432580
Poland,POL,1876,87370424
Poland,POL,1877,86416780
Poland,POL,1878,88019410
Poland,POL,1879,91355800
Poland,POL,1880,91588090
Poland,POL,1881,91622870
Poland,POL,1882,93093230
Poland,POL,1883,96427750
Poland,POL,1884,97930020
Poland,POL,1885,99901420
Poland,POL,1886,101000180
Poland,POL,1887,102254530
Poland,POL,1888,105858090
Poland,POL,1889,109610904
Poland,POL,1890,109303620
Poland,POL,1891,111909800
Poland,POL,1892,109194690
Poland,POL,1893,110938380
Poland,POL,1894,111554010
Poland,POL,1895,114375920
Poland,POL,1896,117751180
Poland,POL,1897,120137656
Poland,POL,1898,124989730
Poland,POL,1899,127746110
Poland,POL,1900,129385176
Poland,POL,1901,133037750
Poland,POL,1902,131599030
Poland,POL,1903,135005010
Poland,POL,1904,136010720
Poland,POL,1905,142404800
Poland,POL,1906,146368210
Poland,POL,1907,154860930
Poland,POL,1908,160753760
Poland,POL,1909,162956850
Poland,POL,1910,156920340
Poland,POL,1911,158058720
Poland,POL,1912,166570050
Poland,POL,1913,168788960
Poland,POL,1914,144748750
Poland,POL,1915,139105120
Poland,POL,1916,151382610
Poland,POL,1917,161485710
Poland,POL,1918,138323550
Poland,POL,1919,28725410
Poland,POL,1920,114915750
Poland,POL,1921,118890100
Poland,POL,1922,120704590
Poland,POL,1923,104266860
Poland,POL,1924,103021750
Poland,POL,1925,107447180
Poland,POL,1926,111222440
Poland,POL,1927,128056760
Poland,POL,1928,133525380
Poland,POL,1929,146578820
Poland,POL,1930,121776460
Poland,POL,1931,114639540
Poland,POL,1932,97230200
Poland,POL,1933,95223430
Poland,POL,1934,94151980
Poland,POL,1935,91778800
Poland,POL,1936,92728430
Poland,POL,1937,96804130
Poland,POL,1938,98062720
Poland,POL,1939,87182180
Poland,POL,1940,208551710
Poland,POL,1941,203385100
Poland,POL,1942,219486050
Poland,POL,1943,235200980
Poland,POL,1944,224461170
Poland,POL,1945,84978184
Poland,POL,1946,134697940
Poland,POL,1947,121282740
Poland,POL,1948,118801600
Poland,POL,1949,137999360
Poland,POL,1950,154849710
Poland,POL,1951,173902060
Poland,POL,1952,188738800
Poland,POL,1953,208363630
Poland,POL,1954,224927470
Poland,POL,1955,238671300
Poland,POL,1956,259323660
Poland,POL,1957,278906080
Poland,POL,1958,280758460
Poland,POL,1959,301196580
Poland,POL,1960,314481470
Poland,POL,1961,326341300
Poland,POL,1962,340857540
Poland,POL,1963,362752030
Poland,POL,1964,378624640
Poland,POL,1965,388091550
Poland,POL,1966,397972220
Poland,POL,1967,411475900
Poland,POL,1968,436181340
Poland,POL,1969,464814240
Poland,POL,1970,465649800
Poland,POL,1971,475895800
Poland,POL,1972,496246430
Poland,POL,1973,510097730
Poland,POL,1974,527829100
Poland,POL,1975,561109500
Poland,POL,1976,586411700
Poland,POL,1977,607115970
Poland,POL,1978,628002400
Poland,POL,1979,639740700
Poland,POL,1980,651915970
Poland,POL,1981,575116900
Poland,POL,1982,601282900
Poland,POL,1983,600671200
Poland,POL,1984,607973060
Poland,POL,1985,617077570
Poland,POL,1986,623815600
Poland,POL,1987,632870460
Poland,POL,1988,609924700
Poland,POL,1989,576867260
Poland,POL,1990,504393060
Poland,POL,1991,494225800
Poland,POL,1992,480413100
Poland,POL,1993,478291200
Poland,POL,1994,473100450
Poland,POL,1995,470828030
Poland,POL,1996,484903420
Poland,POL,1997,476193630
Poland,POL,1998,437135360
Poland,POL,1999,421428380
Poland,POL,2000,399413300
Poland,POL,2001,386806270
Poland,POL,2002,372163620
Poland,POL,2003,385715680
Poland,POL,2004,382709280
Poland,POL,2005,387102300
Poland,POL,2006,392849060
Poland,POL,2007,397877250
Poland,POL,2008,386960960
Poland,POL,2009,356651200
Poland,POL,2010,388650720
Poland,POL,2011,379097760
Poland,POL,2012,371665000
Poland,POL,2013,368218620
Poland,POL,2014,350965900
Poland,POL,2015,353246460
Poland,POL,2016,368233060
Poland,POL,2017,382816480
Poland,POL,2018,385929600
Poland,POL,2019,368757100
Poland,POL,2020,350165150
Poland,POL,2021,381570560
Poland,POL,2022,364790200
Poland,POL,2023,338916380
Portugal,PRT,1850,4682929.5
Portugal,PRT,1851,4709537
Portugal,PRT,1852,4704085
Portugal,PRT,1853,4705551.5
Portugal,PRT,1854,4722494.5
Portugal,PRT,1855,4731414.5
Portugal,PRT,1856,4748958
Portugal,PRT,1857,4760379
Portugal,PRT,1858,4777170
Portugal,PRT,1859,4787426.5
Portugal,PRT,1860,5053770
Portugal,PRT,1861,5178791.5
Portugal,PRT,1862,5262242
Portugal,PRT,1863,5320980
Portugal,PRT,1864,5379082
Portugal,PRT,1865,5440250
Portugal,PRT,1866,5500030.5
Portugal,PRT,1867,5581726
Portugal,PRT,1868,5619830.5
Portugal,PRT,1869,5680024.5
Portugal,PRT,1870,5736566
Portugal,PRT,1871,5821154.5
Portugal,PRT,1872,6402753
Portugal,PRT,1873,6681661
Portugal,PRT,1874,6531719.5
Portugal,PRT,1875,7270977.5
Portugal,PRT,1876,7306948
Portugal,PRT,1877,6843544
Portugal,PRT,1878,6863353.5
Portugal,PRT,1879,6964413.5
Portugal,PRT,1880,7349948
Portugal,PRT,1881,7474609.5
Portugal,PRT,1882,7773746
Portugal,PRT,1883,7904992
Portugal,PRT,1884,8049143
Portugal,PRT,1885,8029931
Portugal,PRT,1886,8233364
Portugal,PRT,1887,8390764
Portugal,PRT,1888,8534510
Portugal,PRT,1889,8834832
Portugal,PRT,1890,8717310
Portugal,PRT,1891,8780477
Portugal,PRT,1892,8758394
Portugal,PRT,1893,8617554
Portugal,PRT,1894,8956325
Portugal,PRT,1895,8909498
Portugal,PRT,1896,8995964
Portugal,PRT,1897,9135815
Portugal,PRT,1898,9470045
Portugal,PRT,1899,9568251
Portugal,PRT,1900,10250125
Portugal,PRT,1901,10372627
Portugal,PRT,1902,10764830
Portugal,PRT,1903,10722603
Portugal,PRT,1904,10840871
Portugal,PRT,1905,10894563
Portugal,PRT,1906,11311491
Portugal,PRT,1907,11664252
Portugal,PRT,1908,11580993
Portugal,PRT,1909,11685689
Portugal,PRT,1910,11055849
Portugal,PRT,1911,10619995
Portugal,PRT,1912,10958732
Portugal,PRT,1913,11027924
Portugal,PRT,1914,10377172
Portugal,PRT,1915,9935522
Portugal,PRT,1916,9720348
Portugal,PRT,1917,8184925
Portugal,PRT,1918,7477462.5
Portugal,PRT,1919,8512602
Portugal,PRT,1920,9237893
Portugal,PRT,1921,9649829
Portugal,PRT,1922,10800638
Portugal,PRT,1923,10620513
Portugal,PRT,1924,11124471
Portugal,PRT,1925,11420925
Portugal,PRT,1926,11418742
Portugal,PRT,1927,12145434
Portugal,PRT,1928,12632077
Portugal,PRT,1929,12683547
Portugal,PRT,1930,13540994
Portugal,PRT,1931,13396958
Portugal,PRT,1932,13108192
Portugal,PRT,1933,13892204
Portugal,PRT,1934,14200503
Portugal,PRT,1935,14677730
Portugal,PRT,1936,14640854
Portugal,PRT,1937,15606633
Portugal,PRT,1938,14835565
Portugal,PRT,1939,15749549
Portugal,PRT,1940,14157692
Portugal,PRT,1941,14003811
Portugal,PRT,1942,13296487
Portugal,PRT,1943,13357359
Portugal,PRT,1944,14007383
Portugal,PRT,1945,14266232
Portugal,PRT,1946,15183498
Portugal,PRT,1947,17191660
Portugal,PRT,1948,17110166
Portugal,PRT,1949,17675890
Portugal,PRT,1950,17103516
Portugal,PRT,1951,16845820
Portugal,PRT,1952,16826578
Portugal,PRT,1953,17573818
Portugal,PRT,1954,17580648
Portugal,PRT,1955,18410666
Portugal,PRT,1956,19376664
Portugal,PRT,1957,20014668
Portugal,PRT,1958,19881362
Portugal,PRT,1959,21214742
Portugal,PRT,1960,20890588
Portugal,PRT,1961,21745200
Portugal,PRT,1962,22127268
Portugal,PRT,1963,23528056
Portugal,PRT,1964,24730674
Portugal,PRT,1965,25500696
Portugal,PRT,1966,25940820
Portugal,PRT,1967,26550416
Portugal,PRT,1968,27669196
Portugal,PRT,1969,29705100
Portugal,PRT,1970,30285104
Portugal,PRT,1971,31351624
Portugal,PRT,1972,34092164
Portugal,PRT,1973,35873804
Portugal,PRT,1974,36048396
Portugal,PRT,1975,36742020
Portugal,PRT,1976,37758788
Portugal,PRT,1977,39056692
Portugal,PRT,1978,40444896
Portugal,PRT,1979,43083090
Portugal,PRT,1980,44293332
Portugal,PRT,1981,44379270
Portugal,PRT,1982,46780500
Portugal,PRT,1983,47342456
Portugal,PRT,1984,45406468
Portugal,PRT,1985,44044870
Portugal,PRT,1986,47859136
Portugal,PRT,1987,48524790
Portugal,PRT,1988,49471390
Portugal,PRT,1989,57766364
Portugal,PRT,1990,62253980
Portugal,PRT,1991,65635372
Portugal,PRT,1992,70682024
Portugal,PRT,1993,67429280
Portugal,PRT,1994,68599420
Portugal,PRT,1995,69111064
Portugal,PRT,1996,65952012
Portugal,PRT,1997,73262984
Portugal,PRT,1998,78533720
Portugal,PRT,1999,89636690
Portugal,PRT,2000,83724280
Portugal,PRT,2001,82323660
Portugal,PRT,2002,83796080
Portugal,PRT,2003,79761770
Portugal,PRT,2004,77781544
Portugal,PRT,2005,80757110
Portugal,PRT,2006,75586180
Portugal,PRT,2007,77730480
Portugal,PRT,2008,72520030
Portugal,PRT,2009,67641080
Portugal,PRT,2010,63694600
Portugal,PRT,2011,63256652
Portugal,PRT,2012,62841880
Portugal,PRT,2013,59548544
Portugal,PRT,2014,58945350
Portugal,PRT,2015,63353732
Portugal,PRT,2016,63091736
Portugal,PRT,2017,69517730
Portugal,PRT,2018,67253440
Portugal,PRT,2019,62671204
Portugal,PRT,2020,56454730
Portugal,PRT,2021,56288932
Portugal,PRT,2022,57205920
Portugal,PRT,2023,54141936
Qatar,QAT,1850,24550.922
Qatar,QAT,1851,24816.455
Qatar,QAT,1852,25078.205
Qatar,QAT,1853,25343.07
Qatar,QAT,1854,25590.473
Qatar,QAT,1855,25808.992
Qatar,QAT,1856,26033.012
Qatar,QAT,1857,26241.953
Qatar,QAT,1858,26424.395
Qatar,QAT,1859,26596.398
Qatar,QAT,1860,26746.547
Qatar,QAT,1861,26811.406
Qatar,QAT,1862,26900.234
Qatar,QAT,1863,26968.129
Qatar,QAT,1864,27043.46
Qatar,QAT,1865,27127.125
Qatar,QAT,1866,27183.383
Qatar,QAT,1867,27258.924
Qatar,QAT,1868,27327.166
Qatar,QAT,1869,27407.324
Qatar,QAT,1870,27500.297
Qatar,QAT,1871,27699.63
Qatar,QAT,1872,28088.57
Qatar,QAT,1873,28639.39
Qatar,QAT,1874,29296.883
Qatar,QAT,1875,30015.002
Qatar,QAT,1876,30747.703
Qatar,QAT,1877,31439.777
Qatar,QAT,1878,32063.5
Qatar,QAT,1879,32563.666
Qatar,QAT,1880,32894.227
Qatar,QAT,1881,33109.38
Qatar,QAT,1882,33300.25
Qatar,QAT,1883,33471.71
Qatar,QAT,1884,33628.637
Qatar,QAT,1885,33766.742
Qatar,QAT,1886,33909.227
Qatar,QAT,1887,34051.805
Qatar,QAT,1888,34199.35
Qatar,QAT,1889,34356.74
Qatar,QAT,1890,34574.594
Qatar,QAT,1891,34746.496
Qatar,QAT,1892,34920.074
Qatar,QAT,1893,35096.746
Qatar,QAT,1894,35277.93
Qatar,QAT,1895,35474.215
Qatar,QAT,1896,35668.695
Qatar,QAT,1897,35881.11
Qatar,QAT,1898,36094.56
Qatar,QAT,1899,36319.63
Qatar,QAT,1900,36539.418
Qatar,QAT,1901,36736.43
Qatar,QAT,1902,36988.844
Qatar,QAT,1903,37262.812
Qatar,QAT,1904,37561.133
Qatar,QAT,1905,37877.434
Qatar,QAT,1906,38214.504
Qatar,QAT,1907,38547.67
Qatar,QAT,1908,38870.55
Qatar,QAT,1909,39176.785
Qatar,QAT,1910,39927.168
Qatar,QAT,1911,40478.23
Qatar,QAT,1912,40944.91
Qatar,QAT,1913,41392.285
Qatar,QAT,1914,41821.31
Qatar,QAT,1915,42251.24
Qatar,QAT,1916,42664.715
Qatar,QAT,1917,43071.848
Qatar,QAT,1918,43491.91
Qatar,QAT,1919,43889.21
Qatar,QAT,1920,44603.625
Qatar,QAT,1921,45145.016
Qatar,QAT,1922,45676.81
Qatar,QAT,1923,46236.65
Qatar,QAT,1924,46779.734
Qatar,QAT,1925,47343.69
Qatar,QAT,1926,47874.574
Qatar,QAT,1927,48410.02
Qatar,QAT,1928,48932.703
Qatar,QAT,1929,49425.3
Qatar,QAT,1930,50291.86
Qatar,QAT,1931,50874.695
Qatar,QAT,1932,51388.652
Qatar,QAT,1933,51853.656
Qatar,QAT,1934,52271.34
Qatar,QAT,1935,52689.11
Qatar,QAT,1936,53332.07
Qatar,QAT,1937,53953.527
Qatar,QAT,1938,54619.21
Qatar,QAT,1939,55330.74
Qatar,QAT,1940,56577.637
Qatar,QAT,1941,58258.61
Qatar,QAT,1942,60730.04
Qatar,QAT,1943,63817.605
Qatar,QAT,1944,67374.46
Qatar,QAT,1945,71114.516
Qatar,QAT,1946,74930.36
Qatar,QAT,1947,78629.195
Qatar,QAT,1948,82082.34
Qatar,QAT,1949,1609198.4
Qatar,QAT,1950,2154693
Qatar,QAT,1951,2378340.8
Qatar,QAT,1952,1240100.8
Qatar,QAT,1953,2263249.2
Qatar,QAT,1954,3703604
Qatar,QAT,1955,2581277.8
Qatar,QAT,1956,3112283.8
Qatar,QAT,1957,1960907.6
Qatar,QAT,1958,1111053.4
Qatar,QAT,1959,1197781.4
Qatar,QAT,1960,1163535.4
Qatar,QAT,1961,1082756.4
Qatar,QAT,1962,1268024.9
Qatar,QAT,1963,8083823.5
Qatar,QAT,1964,7935206.5
Qatar,QAT,1965,8057001
Qatar,QAT,1966,7998170
Qatar,QAT,1967,9034658
Qatar,QAT,1968,13478349
Qatar,QAT,1969,17195040
Qatar,QAT,1970,17079636
Qatar,QAT,1971,18694218
Qatar,QAT,1972,21627236
Qatar,QAT,1973,25268126
Qatar,QAT,1974,22022772
Qatar,QAT,1975,21305220
Qatar,QAT,1976,21803126
Qatar,QAT,1977,20169354
Qatar,QAT,1978,21657154
Qatar,QAT,1979,26582178
Qatar,QAT,1980,24860732
Qatar,QAT,1981,23540460
Qatar,QAT,1982,21740726
Qatar,QAT,1983,20025212
Qatar,QAT,1984,23530662
Qatar,QAT,1985,21658356
Qatar,QAT,1986,22968840
Qatar,QAT,1987,20861554
Qatar,QAT,1988,22446146
Qatar,QAT,1989,25809674
Qatar,QAT,1990,23460864
Qatar,QAT,1991,29540050
Qatar,QAT,1992,39685080
Qatar,QAT,1993,43503304
Qatar,QAT,1994,45396570
Qatar,QAT,1995,45462316
Qatar,QAT,1996,50531370
Qatar,QAT,1997,70875940
Qatar,QAT,1998,65734390
Qatar,QAT,1999,69345840
Qatar,QAT,2000,77916344
Qatar,QAT,2001,79772480
Qatar,QAT,2002,79464530
Qatar,QAT,2003,85120160
Qatar,QAT,2004,87488730
Qatar,QAT,2005,86196970
Qatar,QAT,2006,101137864
Qatar,QAT,2007,106175460
Qatar,QAT,2008,114364740
Qatar,QAT,2009,121323656
Qatar,QAT,2010,139804140
Qatar,QAT,2011,159355540
Qatar,QAT,2012,176268820
Qatar,QAT,2013,168963940
Qatar,QAT,2014,176363150
Qatar,QAT,2015,177826160
Qatar,QAT,2016,174933170
Qatar,QAT,2017,186889340
Qatar,QAT,2018,182216290
Qatar,QAT,2019,187826780
Qatar,QAT,2020,188647490
Qatar,QAT,2021,191763060
Qatar,QAT,2022,194465010
Qatar,QAT,2023,203970200
Romania,ROU,1850,23077984
Romania,ROU,1851,23078052
Romania,ROU,1852,23289836
Romania,ROU,1853,23422206
Romania,ROU,1854,22988354
Romania,ROU,1855,22682082
Romania,ROU,1856,22739740
Romania,ROU,1857,22794196
Romania,ROU,1858,22534492
Romania,ROU,1859,22500106
Romania,ROU,1860,22284560
Romania,ROU,1861,22121226
Romania,ROU,1862,21907914
Romania,ROU,1863,21729190
Romania,ROU,1864,21665542
Romania,ROU,1865,21817850
Romania,ROU,1866,21789918
Romania,ROU,1867,21807640
Romania,ROU,1868,21756956
Romania,ROU,1869,21408314
Romania,ROU,1870,21413968
Romania,ROU,1871,21470382
Romania,ROU,1872,21755470
Romania,ROU,1873,21993562
Romania,ROU,1874,21641410
Romania,ROU,1875,21401684
Romania,ROU,1876,21576440
Romania,ROU,1877,21698234
Romania,ROU,1878,21457592
Romania,ROU,1879,21573664
Romania,ROU,1880,21496928
Romania,ROU,1881,21418662
Romania,ROU,1882,21441918
Romania,ROU,1883,21545038
Romania,ROU,1884,21616994
Romania,ROU,1885,21836032
Romania,ROU,1886,21881522
Romania,ROU,1887,22088990
Romania,ROU,1888,22259036
Romania,ROU,1889,22081276
Romania,ROU,1890,22602524
Romania,ROU,1891,23187230
Romania,ROU,1892,23532030
Romania,ROU,1893,24008638
Romania,ROU,1894,23509554
Romania,ROU,1895,23345668
Romania,ROU,1896,23656316
Romania,ROU,1897,24087208
Romania,ROU,1898,24539910
Romania,ROU,1899,24733576
Romania,ROU,1900,25507400
Romania,ROU,1901,26505816
Romania,ROU,1902,27218490
Romania,ROU,1903,28122928
Romania,ROU,1904,29353596
Romania,ROU,1905,29870978
Romania,ROU,1906,31088728
Romania,ROU,1907,32554882
Romania,ROU,1908,32449676
Romania,ROU,1909,32607824
Romania,ROU,1910,30233444
Romania,ROU,1911,30818896
Romania,ROU,1912,30938010
Romania,ROU,1913,31202044
Romania,ROU,1914,29330084
Romania,ROU,1915,27975892
Romania,ROU,1916,24689690
Romania,ROU,1917,23708954
Romania,ROU,1918,24489642
Romania,ROU,1919,25837874
Romania,ROU,1920,32699368
Romania,ROU,1921,36199096
Romania,ROU,1922,39877216
Romania,ROU,1923,42346830
Romania,ROU,1924,45687944
Romania,ROU,1925,49517348
Romania,ROU,1926,54308260
Romania,ROU,1927,58034830
Romania,ROU,1928,61904172
Romania,ROU,1929,65695136
Romania,ROU,1930,64841190
Romania,ROU,1931,66879948
Romania,ROU,1932,67575450
Romania,ROU,1933,67104140
Romania,ROU,1934,71593430
Romania,ROU,1935,70809220
Romania,ROU,1936,72308650
Romania,ROU,1937,64772132
Romania,ROU,1938,61793270
Romania,ROU,1939,59343748
Romania,ROU,1940,57541650
Romania,ROU,1941,55462070
Romania,ROU,1942,56777064
Romania,ROU,1943,55210970
Romania,ROU,1944,45949210
Romania,ROU,1945,51595292
Romania,ROU,1946,50217468
Romania,ROU,1947,48582532
Romania,ROU,1948,57123484
Romania,ROU,1949,58125372
Romania,ROU,1950,58363456
Romania,ROU,1951,62984816
Romania,ROU,1952,70307040
Romania,ROU,1953,75778780
Romania,ROU,1954,80782730
Romania,ROU,1955,86182824
Romania,ROU,1956,92382320
Romania,ROU,1957,99938250
Romania,ROU,1958,105229270
Romania,ROU,1959,107701410
Romania,ROU,1960,111765816
Romania,ROU,1961,118738700
Romania,ROU,1962,124601950
Romania,ROU,1963,130027090
Romania,ROU,1964,133166590
Romania,ROU,1965,140838370
Romania,ROU,1966,148157140
Romania,ROU,1967,162726540
Romania,ROU,1968,168005760
Romania,ROU,1969,178350780
Romania,ROU,1970,183981980
Romania,ROU,1971,189822180
Romania,ROU,1972,196252030
Romania,ROU,1973,211919650
Romania,ROU,1974,219467090
Romania,ROU,1975,232562320
Romania,ROU,1976,246474460
Romania,ROU,1977,249793760
Romania,ROU,1978,265515790
Romania,ROU,1979,266529340
Romania,ROU,1980,265416980
Romania,ROU,1981,269629900
Romania,ROU,1982,268257390
Romania,ROU,1983,274354270
Romania,ROU,1984,267069020
Romania,ROU,1985,272993760
Romania,ROU,1986,278822940
Romania,ROU,1987,285700100
Romania,ROU,1988,275487600
Romania,ROU,1989,273902370
Romania,ROU,1990,230541280
Romania,ROU,1991,184926980
Romania,ROU,1992,171369330
Romania,ROU,1993,158347700
Romania,ROU,1994,155463800
Romania,ROU,1995,158872200
Romania,ROU,1996,163331650
Romania,ROU,1997,150138050
Romania,ROU,1998,136292110
Romania,ROU,1999,120260904
Romania,ROU,2000,122108100
Romania,ROU,2001,127752936
Romania,ROU,2002,129197050
Romania,ROU,2003,128687960
Romania,ROU,2004,132458060
Romania,ROU,2005,126940700
Romania,ROU,2006,125813784
Romania,ROU,2007,131642216
Romania,ROU,2008,131680760
Romania,ROU,2009,126626690
Romania,ROU,2010,114868640
Romania,ROU,2011,119924424
Romania,ROU,2012,118898960
Romania,ROU,2013,104690250
Romania,ROU,2014,104500610
Romania,ROU,2015,100242660
Romania,ROU,2016,99327920
Romania,ROU,2017,102292730
Romania,ROU,2018,110894320
Romania,ROU,2019,105487784
Romania,ROU,2020,102381384
Romania,ROU,2021,106956040
Romania,ROU,2022,102138776
Romania,ROU,2023,96832860
Russia,RUS,1850,418860600
Russia,RUS,1851,493347330
Russia,RUS,1852,479006560
Russia,RUS,1853,484811840
Russia,RUS,1854,520604060
Russia,RUS,1855,459195420
Russia,RUS,1856,537988500
Russia,RUS,1857,467223970
Russia,RUS,1858,470382880
Russia,RUS,1859,461620000
Russia,RUS,1860,409483070
Russia,RUS,1861,518383870
Russia,RUS,1862,523376860
Russia,RUS,1863,496075100
Russia,RUS,1864,476829600
Russia,RUS,1865,482685980
Russia,RUS,1866,513604350
Russia,RUS,1867,469218240
Russia,RUS,1868,475720320
Russia,RUS,1869,474453300
Russia,RUS,1870,541964160
Russia,RUS,1871,463687700
Russia,RUS,1872,568770560
Russia,RUS,1873,491720500
Russia,RUS,1874,600731700
Russia,RUS,1875,608449600
Russia,RUS,1876,595447740
Russia,RUS,1877,576204860
Russia,RUS,1878,579581950
Russia,RUS,1879,557612540
Russia,RUS,1880,634536100
Russia,RUS,1881,618859000
Russia,RUS,1882,675129340
Russia,RUS,1883,565156600
Russia,RUS,1884,723873500
Russia,RUS,1885,693909950
Russia,RUS,1886,633593800
Russia,RUS,1887,691995970
Russia,RUS,1888,632435300
Russia,RUS,1889,683082100
Russia,RUS,1890,761290200
Russia,RUS,1891,828063400
Russia,RUS,1892,829603700
Russia,RUS,1893,877507000
Russia,RUS,1894,872702300
Russia,RUS,1895,858465400
Russia,RUS,1896,800820030
Russia,RUS,1897,876613700
Russia,RUS,1898,887893100
Russia,RUS,1899,890638800
Russia,RUS,1900,967817340
Russia,RUS,1901,959650370
Russia,RUS,1902,1033094000
Russia,RUS,1903,1012900740
Russia,RUS,1904,1038856200
Russia,RUS,1905,1096403100
Russia,RUS,1906,1130456200
Russia,RUS,1907,1071248640
Russia,RUS,1908,1121966600
Russia,RUS,1909,1169159700
Russia,RUS,1910,1033831700
Russia,RUS,1911,943553860
Russia,RUS,1912,876516860
Russia,RUS,1913,802970700
Russia,RUS,1914,801821600
Russia,RUS,1915,756440640
Russia,RUS,1916,779085000
Russia,RUS,1917,732006850
Russia,RUS,1918,652961150
Russia,RUS,1919,639089860
Russia,RUS,1920,706424200
Russia,RUS,1921,802765600
Russia,RUS,1922,772361500
Russia,RUS,1923,828575040
Russia,RUS,1924,885067260
Russia,RUS,1925,810311550
Russia,RUS,1926,836598850
Russia,RUS,1927,906257200
Russia,RUS,1928,918248500
Russia,RUS,1929,915584800
Russia,RUS,1930,1059537200
Russia,RUS,1931,1228644200
Russia,RUS,1932,1270841700
Russia,RUS,1933,1296169500
Russia,RUS,1934,1395566000
Russia,RUS,1935,1390273300
Russia,RUS,1936,1495088800
Russia,RUS,1937,1552911100
Russia,RUS,1938,1572403100
Russia,RUS,1939,1573061100
Russia,RUS,1940,1292558800
Russia,RUS,1941,1206567700
Russia,RUS,1942,963550660
Russia,RUS,1943,853706050
Russia,RUS,1944,904735900
Russia,RUS,1945,851479940
Russia,RUS,1946,792614600
Russia,RUS,1947,824420000
Russia,RUS,1948,744125800
Russia,RUS,1949,738050370
Russia,RUS,1950,990349500
Russia,RUS,1951,1119113900
Russia,RUS,1952,1202794500
Russia,RUS,1953,1306783100
Russia,RUS,1954,1456438400
Russia,RUS,1955,1618351400
Russia,RUS,1956,1753361500
Russia,RUS,1957,1887512800
Russia,RUS,1958,1791935900
Russia,RUS,1959,2210004200
Russia,RUS,1960,2028518400
Russia,RUS,1961,2179327700
Russia,RUS,1962,1951729700
Russia,RUS,1963,2004253600
Russia,RUS,1964,2019145500
Russia,RUS,1965,2088008300
Russia,RUS,1966,2136958500
Russia,RUS,1967,2185686300
Russia,RUS,1968,2210619400
Russia,RUS,1969,2227905500
Russia,RUS,1970,2436287700
Russia,RUS,1971,2351254500
Russia,RUS,1972,2411222000
Russia,RUS,1973,2569080000
Russia,RUS,1974,2592365300
Russia,RUS,1975,2641038000
Russia,RUS,1976,2791084300
Russia,RUS,1977,2874075600
Russia,RUS,1978,2954440000
Russia,RUS,1979,2899907600
Russia,RUS,1980,3099423000
Russia,RUS,1981,2983114200
Russia,RUS,1982,2965074400
Russia,RUS,1983,3028788500
Russia,RUS,1984,3064345900
Russia,RUS,1985,3233770800
Russia,RUS,1986,3232795100
Russia,RUS,1987,3273885200
Russia,RUS,1988,3369382700
Russia,RUS,1989,3249832200
Russia,RUS,1990,3406328000
Russia,RUS,1991,3244497200
Russia,RUS,1992,2695619000
Russia,RUS,1993,2471992000
Russia,RUS,1994,2249905400
Russia,RUS,1995,2107940100
Russia,RUS,1996,2490945300
Russia,RUS,1997,1987877800
Russia,RUS,1998,1898417200
Russia,RUS,1999,1966774100
Russia,RUS,2000,1885174000
Russia,RUS,2001,1858479900
Russia,RUS,2002,1840282800
Russia,RUS,2003,1948089000
Russia,RUS,2004,1999549200
Russia,RUS,2005,1963805300
Russia,RUS,2006,2101987800
Russia,RUS,2007,2103189400
Russia,RUS,2008,2156936400
Russia,RUS,2009,2121338800
Russia,RUS,2010,2441981000
Russia,RUS,2011,2218148000
Russia,RUS,2012,2521217000
Russia,RUS,2013,2351991000
Russia,RUS,2014,2249937400
Russia,RUS,2015,2484872200
Russia,RUS,2016,2468241700
Russia,RUS,2017,2461815600
Russia,RUS,2018,2543357700
Russia,RUS,2019,2419921000
Russia,RUS,2020,2403698000
Russia,RUS,2021,2528804000
Russia,RUS,2022,2668347000
Russia,RUS,2023,2691068200
Rwanda,RWA,1850,1129900.2
Rwanda,RWA,1851,1120210.1
Rwanda,RWA,1852,1135835.1
Rwanda,RWA,1853,1121759.2
Rwanda,RWA,1854,1121986.5
Rwanda,RWA,1855,1118489.6
Rwanda,RWA,1856,1128479.4
Rwanda,RWA,1857,1126728.6
Rwanda,RWA,1858,1123569
Rwanda,RWA,1859,1123515.9
Rwanda,RWA,1860,1125221.9
Rwanda,RWA,1861,1127361.9
Rwanda,RWA,1862,1129838.1
Rwanda,RWA,1863,1132177.6
Rwanda,RWA,1864,1137097.2
Rwanda,RWA,1865,1137015.4
Rwanda,RWA,1866,1139520.2
Rwanda,RWA,1867,1141812.9
Rwanda,RWA,1868,1143704.9
Rwanda,RWA,1869,1146161.9
Rwanda,RWA,1870,1150598.2
Rwanda,RWA,1871,1176061.8
Rwanda,RWA,1872,1165275.5
Rwanda,RWA,1873,1165012.1
Rwanda,RWA,1874,1168833.6
Rwanda,RWA,1875,1172876.2
Rwanda,RWA,1876,1177956.8
Rwanda,RWA,1877,1182226.2
Rwanda,RWA,1878,1212039.9
Rwanda,RWA,1879,1199313
Rwanda,RWA,1880,1204768.8
Rwanda,RWA,1881,1209758.9
Rwanda,RWA,1882,1213896.2
Rwanda,RWA,1883,1216130.5
Rwanda,RWA,1884,1222171.1
Rwanda,RWA,1885,1222284
Rwanda,RWA,1886,1225165
Rwanda,RWA,1887,1229836.9
Rwanda,RWA,1888,1231548.4
Rwanda,RWA,1889,1234461.2
Rwanda,RWA,1890,1258503.4
Rwanda,RWA,1891,1266193.4
Rwanda,RWA,1892,1276178.8
Rwanda,RWA,1893,1283118
Rwanda,RWA,1894,1287019.1
Rwanda,RWA,1895,1293184.5
Rwanda,RWA,1896,1294211.5
Rwanda,RWA,1897,1300798.1
Rwanda,RWA,1898,1305779.9
Rwanda,RWA,1899,1305693.2
Rwanda,RWA,1900,1364098.2
Rwanda,RWA,1901,1409935.5
Rwanda,RWA,1902,1420526.8
Rwanda,RWA,1903,1456597.5
Rwanda,RWA,1904,1539183
Rwanda,RWA,1905,1472904.4
Rwanda,RWA,1906,1460165
Rwanda,RWA,1907,1469449.1
Rwanda,RWA,1908,1462041.8
Rwanda,RWA,1909,1463273.9
Rwanda,RWA,1910,1467268.9
Rwanda,RWA,1911,1488294.6
Rwanda,RWA,1912,1502166.1
Rwanda,RWA,1913,1512655.2
Rwanda,RWA,1914,1553842.6
Rwanda,RWA,1915,1570953.1
Rwanda,RWA,1916,1595847.4
Rwanda,RWA,1917,1624359.1
Rwanda,RWA,1918,1668731.1
Rwanda,RWA,1919,1692717.2
Rwanda,RWA,1920,1785666.2
Rwanda,RWA,1921,1863818.4
Rwanda,RWA,1922,1931415.1
Rwanda,RWA,1923,2014276.8
Rwanda,RWA,1924,2050629.5
Rwanda,RWA,1925,2130630.8
Rwanda,RWA,1926,2177763.2
Rwanda,RWA,1927,2227526.5
Rwanda,RWA,1928,2277912.5
Rwanda,RWA,1929,2333607
Rwanda,RWA,1930,2554466
Rwanda,RWA,1931,2667796
Rwanda,RWA,1932,2800725.8
Rwanda,RWA,1933,2878002.2
Rwanda,RWA,1934,2970760
Rwanda,RWA,1935,3007070.8
Rwanda,RWA,1936,3032609.8
Rwanda,RWA,1937,3104898.2
Rwanda,RWA,1938,3136560.8
Rwanda,RWA,1939,3171915.2
Rwanda,RWA,1940,3563574.8
Rwanda,RWA,1941,3878482.2
Rwanda,RWA,1942,4002652.5
Rwanda,RWA,1943,4162015.5
Rwanda,RWA,1944,4346447.5
Rwanda,RWA,1945,4662199.5
Rwanda,RWA,1946,4795921
Rwanda,RWA,1947,5003506
Rwanda,RWA,1948,5080310
Rwanda,RWA,1949,5315198.5
Rwanda,RWA,1950,5439690.5
Rwanda,RWA,1951,5316733.5
Rwanda,RWA,1952,5342943.5
Rwanda,RWA,1953,5470681
Rwanda,RWA,1954,5624228
Rwanda,RWA,1955,5960835
Rwanda,RWA,1956,6198422.5
Rwanda,RWA,1957,6221843.5
Rwanda,RWA,1958,6421582.5
Rwanda,RWA,1959,6592935
Rwanda,RWA,1960,6118342.5
Rwanda,RWA,1961,6424151
Rwanda,RWA,1962,7022389.5
Rwanda,RWA,1963,7485252
Rwanda,RWA,1964,7502008
Rwanda,RWA,1965,7741853.5
Rwanda,RWA,1966,8288638
Rwanda,RWA,1967,8901262
Rwanda,RWA,1968,9620738
Rwanda,RWA,1969,10082840
Rwanda,RWA,1970,11868315
Rwanda,RWA,1971,12919400
Rwanda,RWA,1972,13115153
Rwanda,RWA,1973,14748448
Rwanda,RWA,1974,14710016
Rwanda,RWA,1975,14425092
Rwanda,RWA,1976,14092031
Rwanda,RWA,1977,13668047
Rwanda,RWA,1978,13551244
Rwanda,RWA,1979,13184158
Rwanda,RWA,1980,13684394
Rwanda,RWA,1981,13600821
Rwanda,RWA,1982,13213914
Rwanda,RWA,1983,12946568
Rwanda,RWA,1984,12373751
Rwanda,RWA,1985,12137714
Rwanda,RWA,1986,11639012
Rwanda,RWA,1987,11312945
Rwanda,RWA,1988,10879574
Rwanda,RWA,1989,10937736
Rwanda,RWA,1990,9637162
Rwanda,RWA,1991,8820516
Rwanda,RWA,1992,7761121
Rwanda,RWA,1993,6891529
Rwanda,RWA,1994,7391375
Rwanda,RWA,1995,7508494.5
Rwanda,RWA,1996,7964261
Rwanda,RWA,1997,9540238
Rwanda,RWA,1998,8407400
Rwanda,RWA,1999,11229176
Rwanda,RWA,2000,11310375
Rwanda,RWA,2001,10738948
Rwanda,RWA,2002,9836530
Rwanda,RWA,2003,9516498
Rwanda,RWA,2004,9009317
Rwanda,RWA,2005,8386768
Rwanda,RWA,2006,8717046
Rwanda,RWA,2007,8515763
Rwanda,RWA,2008,8883670
Rwanda,RWA,2009,9286457
Rwanda,RWA,2010,9520591
Rwanda,RWA,2011,9746043
Rwanda,RWA,2012,9567874
Rwanda,RWA,2013,9659356
Rwanda,RWA,2014,9347210
Rwanda,RWA,2015,9851581
Rwanda,RWA,2016,9661004
Rwanda,RWA,2017,9685227
Rwanda,RWA,2018,9790267
Rwanda,RWA,2019,10103257
Rwanda,RWA,2020,10148128
Rwanda,RWA,2021,10611454
Rwanda,RWA,2022,10560648
Rwanda,RWA,2023,10699637
Saint Kitts and Nevis,KNA,1850,86757.56
Saint Kitts and Nevis,KNA,1851,82822.68
Saint Kitts and Nevis,KNA,1852,80307.97
Saint Kitts and Nevis,KNA,1853,79343.13
Saint Kitts and Nevis,KNA,1854,78563.25
Saint Kitts and Nevis,KNA,1855,77876.67
Saint Kitts and Nevis,KNA,1856,78950.88
Saint Kitts and Nevis,KNA,1857,80103.92
Saint Kitts and Nevis,KNA,1858,81336.56
Saint Kitts and Nevis,KNA,1859,82640.43
Saint Kitts and Nevis,KNA,1860,96519.734
Saint Kitts and Nevis,KNA,1861,104053.44
Saint Kitts and Nevis,KNA,1862,108977.59
Saint Kitts and Nevis,KNA,1863,113135.16
Saint Kitts and Nevis,KNA,1864,116816.07
Saint Kitts and Nevis,KNA,1865,119192.88
Saint Kitts and Nevis,KNA,1866,121393.55
Saint Kitts and Nevis,KNA,1867,123464.11
Saint Kitts and Nevis,KNA,1868,125441.46
Saint Kitts and Nevis,KNA,1869,126838.445
Saint Kitts and Nevis,KNA,1870,118715.164
Saint Kitts and Nevis,KNA,1871,115604.81
Saint Kitts and Nevis,KNA,1872,114240.734
Saint Kitts and Nevis,KNA,1873,113542.65
Saint Kitts and Nevis,KNA,1874,113161.59
Saint Kitts and Nevis,KNA,1875,112819.125
Saint Kitts and Nevis,KNA,1876,112598.59
Saint Kitts and Nevis,KNA,1877,112480.74
Saint Kitts and Nevis,KNA,1878,112249.59
Saint Kitts and Nevis,KNA,1879,112063.984
Saint Kitts and Nevis,KNA,1880,113956.45
Saint Kitts and Nevis,KNA,1881,114927.375
Saint Kitts and Nevis,KNA,1882,117350.06
Saint Kitts and Nevis,KNA,1883,118759.55
Saint Kitts and Nevis,KNA,1884,119072.45
Saint Kitts and Nevis,KNA,1885,118939.5
Saint Kitts and Nevis,KNA,1886,118798.89
Saint Kitts and Nevis,KNA,1887,119221.85
Saint Kitts and Nevis,KNA,1888,119364.44
Saint Kitts and Nevis,KNA,1889,119928.766
Saint Kitts and Nevis,KNA,1890,118026.77
Saint Kitts and Nevis,KNA,1891,115691.43
Saint Kitts and Nevis,KNA,1892,114993.66
Saint Kitts and Nevis,KNA,1893,114927.086
Saint Kitts and Nevis,KNA,1894,114897.586
Saint Kitts and Nevis,KNA,1895,114846.195
Saint Kitts and Nevis,KNA,1896,114862.36
Saint Kitts and Nevis,KNA,1897,114936.85
Saint Kitts and Nevis,KNA,1898,115169.36
Saint Kitts and Nevis,KNA,1899,115546.16
Saint Kitts and Nevis,KNA,1900,113917.23
Saint Kitts and Nevis,KNA,1901,114144.93
Saint Kitts and Nevis,KNA,1902,114278.21
Saint Kitts and Nevis,KNA,1903,114224.77
Saint Kitts and Nevis,KNA,1904,114297
Saint Kitts and Nevis,KNA,1905,114340.695
Saint Kitts and Nevis,KNA,1906,114351.945
Saint Kitts and Nevis,KNA,1907,114336.04
Saint Kitts and Nevis,KNA,1908,114298.27
Saint Kitts and Nevis,KNA,1909,114216.516
Saint Kitts and Nevis,KNA,1910,112026.01
Saint Kitts and Nevis,KNA,1911,108932.1
Saint Kitts and Nevis,KNA,1912,105938.23
Saint Kitts and Nevis,KNA,1913,103191.07
Saint Kitts and Nevis,KNA,1914,99836.73
Saint Kitts and Nevis,KNA,1915,96522.88
Saint Kitts and Nevis,KNA,1916,93404.98
Saint Kitts and Nevis,KNA,1917,90167.15
Saint Kitts and Nevis,KNA,1918,87182.87
Saint Kitts and Nevis,KNA,1919,84247.87
Saint Kitts and Nevis,KNA,1920,81688.5
Saint Kitts and Nevis,KNA,1921,79655.45
Saint Kitts and Nevis,KNA,1922,78705.625
Saint Kitts and Nevis,KNA,1923,77163.11
Saint Kitts and Nevis,KNA,1924,75541.07
Saint Kitts and Nevis,KNA,1925,73887.39
Saint Kitts and Nevis,KNA,1926,72992.79
Saint Kitts and Nevis,KNA,1927,71898.36
Saint Kitts and Nevis,KNA,1928,71023.09
Saint Kitts and Nevis,KNA,1929,69902.42
Saint Kitts and Nevis,KNA,1930,69252.86
Saint Kitts and Nevis,KNA,1931,69114.945
Saint Kitts and Nevis,KNA,1932,68146.766
Saint Kitts and Nevis,KNA,1933,67242.766
Saint Kitts and Nevis,KNA,1934,65942.77
Saint Kitts and Nevis,KNA,1935,64730.434
Saint Kitts and Nevis,KNA,1936,63662.207
Saint Kitts and Nevis,KNA,1937,62112.145
Saint Kitts and Nevis,KNA,1938,61285.96
Saint Kitts and Nevis,KNA,1939,60564.176
Saint Kitts and Nevis,KNA,1940,78314.91
Saint Kitts and Nevis,KNA,1941,89922.44
Saint Kitts and Nevis,KNA,1942,98017.24
Saint Kitts and Nevis,KNA,1943,103270.59
Saint Kitts and Nevis,KNA,1944,108604.984
Saint Kitts and Nevis,KNA,1945,111100.45
Saint Kitts and Nevis,KNA,1946,114404.98
Saint Kitts and Nevis,KNA,1947,117116.37
Saint Kitts and Nevis,KNA,1948,119241.914
Saint Kitts and Nevis,KNA,1949,121093.75
Saint Kitts and Nevis,KNA,1950,109223.25
Saint Kitts and Nevis,KNA,1951,105669.336
Saint Kitts and Nevis,KNA,1952,100635.91
Saint Kitts and Nevis,KNA,1953,99941.34
Saint Kitts and Nevis,KNA,1954,95540.18
Saint Kitts and Nevis,KNA,1955,97980.984
Saint Kitts and Nevis,KNA,1956,94745.46
Saint Kitts and Nevis,KNA,1957,89730.59
Saint Kitts and Nevis,KNA,1958,81008.01
Saint Kitts and Nevis,KNA,1959,101058.42
Saint Kitts and Nevis,KNA,1960,83818.17
Saint Kitts and Nevis,KNA,1961,85389.664
Saint Kitts and Nevis,KNA,1962,72794.4
Saint Kitts and Nevis,KNA,1963,73418
Saint Kitts and Nevis,KNA,1964,71430.85
Saint Kitts and Nevis,KNA,1965,73909.484
Saint Kitts and Nevis,KNA,1966,73079.12
Saint Kitts and Nevis,KNA,1967,72514.1
Saint Kitts and Nevis,KNA,1968,55813.387
Saint Kitts and Nevis,KNA,1969,61183.805
Saint Kitts and Nevis,KNA,1970,61594.645
Saint Kitts and Nevis,KNA,1971,66690.555
Saint Kitts and Nevis,KNA,1972,67370.25
Saint Kitts and Nevis,KNA,1973,67135.24
Saint Kitts and Nevis,KNA,1974,75820.16
Saint Kitts and Nevis,KNA,1975,73319.12
Saint Kitts and Nevis,KNA,1976,78020.89
Saint Kitts and Nevis,KNA,1977,79055.375
Saint Kitts and Nevis,KNA,1978,75637.82
Saint Kitts and Nevis,KNA,1979,80023.2
Saint Kitts and Nevis,KNA,1980,94096.42
Saint Kitts and Nevis,KNA,1981,91618.336
Saint Kitts and Nevis,KNA,1982,103187.11
Saint Kitts and Nevis,KNA,1983,81299.05
Saint Kitts and Nevis,KNA,1984,83051.2
Saint Kitts and Nevis,KNA,1985,76376.95
Saint Kitts and Nevis,KNA,1986,84856.42
Saint Kitts and Nevis,KNA,1987,82374.234
Saint Kitts and Nevis,KNA,1988,93698.52
Saint Kitts and Nevis,KNA,1989,86210.13
Saint Kitts and Nevis,KNA,1990,131345.75
Saint Kitts and Nevis,KNA,1991,132829.86
Saint Kitts and Nevis,KNA,1992,139163.88
Saint Kitts and Nevis,KNA,1993,129511.98
Saint Kitts and Nevis,KNA,1994,139613.17
Saint Kitts and Nevis,KNA,1995,135386.1
Saint Kitts and Nevis,KNA,1996,147598.67
Saint Kitts and Nevis,KNA,1997,164228.1
Saint Kitts and Nevis,KNA,1998,211814.06
Saint Kitts and Nevis,KNA,1999,199291.08
Saint Kitts and Nevis,KNA,2000,205705.36
Saint Kitts and Nevis,KNA,2001,204403.48
Saint Kitts and Nevis,KNA,2002,223910.03
Saint Kitts and Nevis,KNA,2003,225555.28
Saint Kitts and Nevis,KNA,2004,220069.27
Saint Kitts and Nevis,KNA,2005,209491.16
Saint Kitts and Nevis,KNA,2006,216239.62
Saint Kitts and Nevis,KNA,2007,232246.66
Saint Kitts and Nevis,KNA,2008,245283.64
Saint Kitts and Nevis,KNA,2009,259413.39
Saint Kitts and Nevis,KNA,2010,267278.94
Saint Kitts and Nevis,KNA,2011,268211.88
Saint Kitts and Nevis,KNA,2012,250815.47
Saint Kitts and Nevis,KNA,2013,250902.34
Saint Kitts and Nevis,KNA,2014,257419.44
Saint Kitts and Nevis,KNA,2015,260384.58
Saint Kitts and Nevis,KNA,2016,267932.38
Saint Kitts and Nevis,KNA,2017,270571.34
Saint Kitts and Nevis,KNA,2018,274791.4
Saint Kitts and Nevis,KNA,2019,283560
Saint Kitts and Nevis,KNA,2020,261954.73
Saint Kitts and Nevis,KNA,2021,263608.25
Saint Kitts and Nevis,KNA,2022,257927.6
Saint Kitts and Nevis,KNA,2023,268783.34
Saint Lucia,LCA,1850,11809.11
Saint Lucia,LCA,1851,12223.839
Saint Lucia,LCA,1852,12182.786
Saint Lucia,LCA,1853,12431.732
Saint Lucia,LCA,1854,12341.55
Saint Lucia,LCA,1855,12260.259
Saint Lucia,LCA,1856,12416.187
Saint Lucia,LCA,1857,12480.225
Saint Lucia,LCA,1858,12360.713
Saint Lucia,LCA,1859,11663.711
Saint Lucia,LCA,1860,12395.199
Saint Lucia,LCA,1861,13221.765
Saint Lucia,LCA,1862,11785.265
Saint Lucia,LCA,1863,12657.411
Saint Lucia,LCA,1864,12558.276
Saint Lucia,LCA,1865,12664.969
Saint Lucia,LCA,1866,12616.007
Saint Lucia,LCA,1867,12823.611
Saint Lucia,LCA,1868,12857.284
Saint Lucia,LCA,1869,12907.325
Saint Lucia,LCA,1870,12545.361
Saint Lucia,LCA,1871,12760.1455
Saint Lucia,LCA,1872,12888.171
Saint Lucia,LCA,1873,13130.393
Saint Lucia,LCA,1874,13320.658
Saint Lucia,LCA,1875,13484.432
Saint Lucia,LCA,1876,13502.088
Saint Lucia,LCA,1877,13637.992
Saint Lucia,LCA,1878,13825.947
Saint Lucia,LCA,1879,10575.513
Saint Lucia,LCA,1880,14465.215
Saint Lucia,LCA,1881,16736.03
Saint Lucia,LCA,1882,14187.136
Saint Lucia,LCA,1883,14345.175
Saint Lucia,LCA,1884,14470.76
Saint Lucia,LCA,1885,14722.341
Saint Lucia,LCA,1886,14918.815
Saint Lucia,LCA,1887,15246.159
Saint Lucia,LCA,1888,15563.157
Saint Lucia,LCA,1889,15900.729
Saint Lucia,LCA,1890,18712.148
Saint Lucia,LCA,1891,19221.408
Saint Lucia,LCA,1892,19418.27
Saint Lucia,LCA,1893,19786.332
Saint Lucia,LCA,1894,20139.883
Saint Lucia,LCA,1895,20551.674
Saint Lucia,LCA,1896,20985.184
Saint Lucia,LCA,1897,21320.791
Saint Lucia,LCA,1898,21824.252
Saint Lucia,LCA,1899,20113.416
Saint Lucia,LCA,1900,25258.432
Saint Lucia,LCA,1901,25689.162
Saint Lucia,LCA,1902,26454.674
Saint Lucia,LCA,1903,25046.889
Saint Lucia,LCA,1904,26352.883
Saint Lucia,LCA,1905,27544.375
Saint Lucia,LCA,1906,27873.338
Saint Lucia,LCA,1907,28405.412
Saint Lucia,LCA,1908,28777.29
Saint Lucia,LCA,1909,29248.53
Saint Lucia,LCA,1910,21981.262
Saint Lucia,LCA,1911,21313.754
Saint Lucia,LCA,1912,21028.865
Saint Lucia,LCA,1913,21054.656
Saint Lucia,LCA,1914,21210.988
Saint Lucia,LCA,1915,21401.406
Saint Lucia,LCA,1916,21755.504
Saint Lucia,LCA,1917,22170.893
Saint Lucia,LCA,1918,23958.822
Saint Lucia,LCA,1919,24516.215
Saint Lucia,LCA,1920,22305.562
Saint Lucia,LCA,1921,21673.582
Saint Lucia,LCA,1922,21512.395
Saint Lucia,LCA,1923,21441.266
Saint Lucia,LCA,1924,16738.334
Saint Lucia,LCA,1925,15121.224
Saint Lucia,LCA,1926,13521.406
Saint Lucia,LCA,1927,12185.711
Saint Lucia,LCA,1928,11388.1875
Saint Lucia,LCA,1929,10192.088
Saint Lucia,LCA,1930,11095.868
Saint Lucia,LCA,1931,12762.369
Saint Lucia,LCA,1932,13189.525
Saint Lucia,LCA,1933,13700.38
Saint Lucia,LCA,1934,14600.742
Saint Lucia,LCA,1935,16258.439
Saint Lucia,LCA,1936,18264.666
Saint Lucia,LCA,1937,20641.514
Saint Lucia,LCA,1938,23613.77
Saint Lucia,LCA,1939,26829.549
Saint Lucia,LCA,1940,28662.217
Saint Lucia,LCA,1941,36876.965
Saint Lucia,LCA,1942,45803.008
Saint Lucia,LCA,1943,55088.664
Saint Lucia,LCA,1944,65111.824
Saint Lucia,LCA,1945,76058.11
Saint Lucia,LCA,1946,87823.836
Saint Lucia,LCA,1947,100195.914
Saint Lucia,LCA,1948,112969.28
Saint Lucia,LCA,1949,125893.76
Saint Lucia,LCA,1950,156938.97
Saint Lucia,LCA,1951,173190.02
Saint Lucia,LCA,1952,181450.95
Saint Lucia,LCA,1953,184571.8
Saint Lucia,LCA,1954,186909.27
Saint Lucia,LCA,1955,187206.64
Saint Lucia,LCA,1956,189177.48
Saint Lucia,LCA,1957,187939.42
Saint Lucia,LCA,1958,184393.03
Saint Lucia,LCA,1959,204093.38
Saint Lucia,LCA,1960,166034.88
Saint Lucia,LCA,1961,165472.55
Saint Lucia,LCA,1962,235811.39
Saint Lucia,LCA,1963,186095.94
Saint Lucia,LCA,1964,160786.2
Saint Lucia,LCA,1965,182517.97
Saint Lucia,LCA,1966,257667.83
Saint Lucia,LCA,1967,195068.53
Saint Lucia,LCA,1968,180795.66
Saint Lucia,LCA,1969,218779.62
Saint Lucia,LCA,1970,288145.62
Saint Lucia,LCA,1971,232906.56
Saint Lucia,LCA,1972,219861
Saint Lucia,LCA,1973,215733.94
Saint Lucia,LCA,1974,203884.3
Saint Lucia,LCA,1975,185066.88
Saint Lucia,LCA,1976,183631.78
Saint Lucia,LCA,1977,173877.33
Saint Lucia,LCA,1978,235670.64
Saint Lucia,LCA,1979,294889.34
Saint Lucia,LCA,1980,267872.88
Saint Lucia,LCA,1981,254388.17
Saint Lucia,LCA,1982,287814.34
Saint Lucia,LCA,1983,290350.06
Saint Lucia,LCA,1984,298675.88
Saint Lucia,LCA,1985,286969.34
Saint Lucia,LCA,1986,265952.5
Saint Lucia,LCA,1987,268046.12
Saint Lucia,LCA,1988,282511.88
Saint Lucia,LCA,1989,284457.2
Saint Lucia,LCA,1990,286128.34
Saint Lucia,LCA,1991,303527.84
Saint Lucia,LCA,1992,327531.4
Saint Lucia,LCA,1993,347969.44
Saint Lucia,LCA,1994,344835.62
Saint Lucia,LCA,1995,355798.06
Saint Lucia,LCA,1996,374062.62
Saint Lucia,LCA,1997,355911
Saint Lucia,LCA,1998,408182.47
Saint Lucia,LCA,1999,396172.47
Saint Lucia,LCA,2000,401681.62
Saint Lucia,LCA,2001,397068.56
Saint Lucia,LCA,2002,388802.4
Saint Lucia,LCA,2003,406922.5
Saint Lucia,LCA,2004,445222.3
Saint Lucia,LCA,2005,424379.66
Saint Lucia,LCA,2006,475332.8
Saint Lucia,LCA,2007,448371.97
Saint Lucia,LCA,2008,456017.28
Saint Lucia,LCA,2009,447379.3
Saint Lucia,LCA,2010,534451.9
Saint Lucia,LCA,2011,543789.2
Saint Lucia,LCA,2012,543101.94
Saint Lucia,LCA,2013,535089.94
Saint Lucia,LCA,2014,529196.3
Saint Lucia,LCA,2015,530485.56
Saint Lucia,LCA,2016,532503.4
Saint Lucia,LCA,2017,547157.4
Saint Lucia,LCA,2018,559551.94
Saint Lucia,LCA,2019,551399.06
Saint Lucia,LCA,2020,539384.1
Saint Lucia,LCA,2021,558438.25
Saint Lucia,LCA,2022,548698.8
Saint Lucia,LCA,2023,572420.5
Saint Vincent and the Grenadines,VCT,1850,29732.416
Saint Vincent and the Grenadines,VCT,1851,29640.89
Saint Vincent and the Grenadines,VCT,1852,29566.666
Saint Vincent and the Grenadines,VCT,1853,29651.635
Saint Vincent and the Grenadines,VCT,1854,29727.248
Saint Vincent and the Grenadines,VCT,1855,29802.615
Saint Vincent and the Grenadines,VCT,1856,30113.94
Saint Vincent and the Grenadines,VCT,1857,30422.527
Saint Vincent and the Grenadines,VCT,1858,30728.516
Saint Vincent and the Grenadines,VCT,1859,31013.723
Saint Vincent and the Grenadines,VCT,1860,31424.855
Saint Vincent and the Grenadines,VCT,1861,31729.21
Saint Vincent and the Grenadines,VCT,1862,31902.764
Saint Vincent and the Grenadines,VCT,1863,32173.44
Saint Vincent and the Grenadines,VCT,1864,32410.377
Saint Vincent and the Grenadines,VCT,1865,32513.416
Saint Vincent and the Grenadines,VCT,1866,32599.764
Saint Vincent and the Grenadines,VCT,1867,32724.363
Saint Vincent and the Grenadines,VCT,1868,32832.246
Saint Vincent and the Grenadines,VCT,1869,32872.66
Saint Vincent and the Grenadines,VCT,1870,32933.09
Saint Vincent and the Grenadines,VCT,1871,33096.848
Saint Vincent and the Grenadines,VCT,1872,33252.258
Saint Vincent and the Grenadines,VCT,1873,33421.996
Saint Vincent and the Grenadines,VCT,1874,33586.71
Saint Vincent and the Grenadines,VCT,1875,33758.168
Saint Vincent and the Grenadines,VCT,1876,33913.27
Saint Vincent and the Grenadines,VCT,1877,34078.453
Saint Vincent and the Grenadines,VCT,1878,34227.4
Saint Vincent and the Grenadines,VCT,1879,34219.445
Saint Vincent and the Grenadines,VCT,1880,34557.355
Saint Vincent and the Grenadines,VCT,1881,34807.59
Saint Vincent and the Grenadines,VCT,1882,35079.797
Saint Vincent and the Grenadines,VCT,1883,35368.48
Saint Vincent and the Grenadines,VCT,1884,35520.156
Saint Vincent and the Grenadines,VCT,1885,35624.4
Saint Vincent and the Grenadines,VCT,1886,35739.844
Saint Vincent and the Grenadines,VCT,1887,35942.066
Saint Vincent and the Grenadines,VCT,1888,36098.547
Saint Vincent and the Grenadines,VCT,1889,36348.98
Saint Vincent and the Grenadines,VCT,1890,37081.332
Saint Vincent and the Grenadines,VCT,1891,37347
Saint Vincent and the Grenadines,VCT,1892,37652.594
Saint Vincent and the Grenadines,VCT,1893,38033.234
Saint Vincent and the Grenadines,VCT,1894,38397.652
Saint Vincent and the Grenadines,VCT,1895,38746.01
Saint Vincent and the Grenadines,VCT,1896,39114.277
Saint Vincent and the Grenadines,VCT,1897,39474.66
Saint Vincent and the Grenadines,VCT,1898,39853.234
Saint Vincent and the Grenadines,VCT,1899,40166.84
Saint Vincent and the Grenadines,VCT,1900,40375.582
Saint Vincent and the Grenadines,VCT,1901,40801.934
Saint Vincent and the Grenadines,VCT,1902,41309.45
Saint Vincent and the Grenadines,VCT,1903,41676.902
Saint Vincent and the Grenadines,VCT,1904,42181.8
Saint Vincent and the Grenadines,VCT,1905,42723.273
Saint Vincent and the Grenadines,VCT,1906,43242.375
Saint Vincent and the Grenadines,VCT,1907,43725.96
Saint Vincent and the Grenadines,VCT,1908,44215.855
Saint Vincent and the Grenadines,VCT,1909,44744.72
Saint Vincent and the Grenadines,VCT,1910,43797.184
Saint Vincent and the Grenadines,VCT,1911,43703.387
Saint Vincent and the Grenadines,VCT,1912,43743.81
Saint Vincent and the Grenadines,VCT,1913,43887.68
Saint Vincent and the Grenadines,VCT,1914,43957.332
Saint Vincent and the Grenadines,VCT,1915,43988.945
Saint Vincent and the Grenadines,VCT,1916,43877.81
Saint Vincent and the Grenadines,VCT,1917,43719.645
Saint Vincent and the Grenadines,VCT,1918,43647.4
Saint Vincent and the Grenadines,VCT,1919,43409.242
Saint Vincent and the Grenadines,VCT,1920,42881.13
Saint Vincent and the Grenadines,VCT,1921,42363.17
Saint Vincent and the Grenadines,VCT,1922,41925.32
Saint Vincent and the Grenadines,VCT,1923,41261.5
Saint Vincent and the Grenadines,VCT,1924,40280.59
Saint Vincent and the Grenadines,VCT,1925,39520.965
Saint Vincent and the Grenadines,VCT,1926,38886.668
Saint Vincent and the Grenadines,VCT,1927,38234.555
Saint Vincent and the Grenadines,VCT,1928,37664.49
Saint Vincent and the Grenadines,VCT,1929,37177.88
Saint Vincent and the Grenadines,VCT,1930,37044.01
Saint Vincent and the Grenadines,VCT,1931,37217.895
Saint Vincent and the Grenadines,VCT,1932,37418.53
Saint Vincent and the Grenadines,VCT,1933,37881.19
Saint Vincent and the Grenadines,VCT,1934,38386.996
Saint Vincent and the Grenadines,VCT,1935,39393.188
Saint Vincent and the Grenadines,VCT,1936,40597.75
Saint Vincent and the Grenadines,VCT,1937,41850.426
Saint Vincent and the Grenadines,VCT,1938,43856.79
Saint Vincent and the Grenadines,VCT,1939,45917.45
Saint Vincent and the Grenadines,VCT,1940,47918.668
Saint Vincent and the Grenadines,VCT,1941,50569.438
Saint Vincent and the Grenadines,VCT,1942,53704.746
Saint Vincent and the Grenadines,VCT,1943,56687.53
Saint Vincent and the Grenadines,VCT,1944,60063.26
Saint Vincent and the Grenadines,VCT,1945,63580.516
Saint Vincent and the Grenadines,VCT,1946,67698.52
Saint Vincent and the Grenadines,VCT,1947,71942.03
Saint Vincent and the Grenadines,VCT,1948,76106.336
Saint Vincent and the Grenadines,VCT,1949,79765.35
Saint Vincent and the Grenadines,VCT,1950,94205.56
Saint Vincent and the Grenadines,VCT,1951,101719.27
Saint Vincent and the Grenadines,VCT,1952,115606.02
Saint Vincent and the Grenadines,VCT,1953,116872.54
Saint Vincent and the Grenadines,VCT,1954,120939.24
Saint Vincent and the Grenadines,VCT,1955,123487.586
Saint Vincent and the Grenadines,VCT,1956,124806.36
Saint Vincent and the Grenadines,VCT,1957,124897.97
Saint Vincent and the Grenadines,VCT,1958,126505.16
Saint Vincent and the Grenadines,VCT,1959,128331.53
Saint Vincent and the Grenadines,VCT,1960,112049.016
Saint Vincent and the Grenadines,VCT,1961,108387.82
Saint Vincent and the Grenadines,VCT,1962,180277.4
Saint Vincent and the Grenadines,VCT,1963,127596.49
Saint Vincent and the Grenadines,VCT,1964,115408.37
Saint Vincent and the Grenadines,VCT,1965,105232.99
Saint Vincent and the Grenadines,VCT,1966,101833.56
Saint Vincent and the Grenadines,VCT,1967,93978.875
Saint Vincent and the Grenadines,VCT,1968,91341.33
Saint Vincent and the Grenadines,VCT,1969,96698.89
Saint Vincent and the Grenadines,VCT,1970,95770.37
Saint Vincent and the Grenadines,VCT,1971,93632.8
Saint Vincent and the Grenadines,VCT,1972,91607.51
Saint Vincent and the Grenadines,VCT,1973,96598.79
Saint Vincent and the Grenadines,VCT,1974,91706.7
Saint Vincent and the Grenadines,VCT,1975,96562.73
Saint Vincent and the Grenadines,VCT,1976,150409.75
Saint Vincent and the Grenadines,VCT,1977,125792.72
Saint Vincent and the Grenadines,VCT,1978,197331.81
Saint Vincent and the Grenadines,VCT,1979,148309.23
Saint Vincent and the Grenadines,VCT,1980,141580.88
Saint Vincent and the Grenadines,VCT,1981,131586.83
Saint Vincent and the Grenadines,VCT,1982,199287.47
Saint Vincent and the Grenadines,VCT,1983,162104.84
Saint Vincent and the Grenadines,VCT,1984,174301.33
Saint Vincent and the Grenadines,VCT,1985,234442.19
Saint Vincent and the Grenadines,VCT,1986,173084
Saint Vincent and the Grenadines,VCT,1987,161867.62
Saint Vincent and the Grenadines,VCT,1988,143054.55
Saint Vincent and the Grenadines,VCT,1989,138003.25
Saint Vincent and the Grenadines,VCT,1990,130690.94
Saint Vincent and the Grenadines,VCT,1991,127662.78
Saint Vincent and the Grenadines,VCT,1992,124927.73
Saint Vincent and the Grenadines,VCT,1993,142245.66
Saint Vincent and the Grenadines,VCT,1994,156913.7
Saint Vincent and the Grenadines,VCT,1995,162446.42
Saint Vincent and the Grenadines,VCT,1996,194552.94
Saint Vincent and the Grenadines,VCT,1997,169370.7
Saint Vincent and the Grenadines,VCT,1998,197891.94
Saint Vincent and the Grenadines,VCT,1999,223553.97
Saint Vincent and the Grenadines,VCT,2000,188290.69
Saint Vincent and the Grenadines,VCT,2001,217232.27
Saint Vincent and the Grenadines,VCT,2002,217155.39
Saint Vincent and the Grenadines,VCT,2003,226277.34
Saint Vincent and the Grenadines,VCT,2004,253308.19
Saint Vincent and the Grenadines,VCT,2005,253935.83
Saint Vincent and the Grenadines,VCT,2006,253033.53
Saint Vincent and the Grenadines,VCT,2007,313169.62
Saint Vincent and the Grenadines,VCT,2008,293984.66
Saint Vincent and the Grenadines,VCT,2009,360066.7
Saint Vincent and the Grenadines,VCT,2010,279195.5
Saint Vincent and the Grenadines,VCT,2011,270337.56
Saint Vincent and the Grenadines,VCT,2012,285285.25
Saint Vincent and the Grenadines,VCT,2013,338173.72
Saint Vincent and the Grenadines,VCT,2014,320887.2
Saint Vincent and the Grenadines,VCT,2015,289399.7
Saint Vincent and the Grenadines,VCT,2016,293941.84
Saint Vincent and the Grenadines,VCT,2017,266429.72
Saint Vincent and the Grenadines,VCT,2018,290643.47
Saint Vincent and the Grenadines,VCT,2019,269703.38
Saint Vincent and the Grenadines,VCT,2020,284058.34
Saint Vincent and the Grenadines,VCT,2021,283781.47
Saint Vincent and the Grenadines,VCT,2022,274848.8
Saint Vincent and the Grenadines,VCT,2023,284444.62
Samoa,WSM,1850,181271.39
Samoa,WSM,1851,142404.67
Samoa,WSM,1852,126006.984
Samoa,WSM,1853,115763.516
Samoa,WSM,1854,108339.23
Samoa,WSM,1855,102606.64
Samoa,WSM,1856,98024.516
Samoa,WSM,1857,94317.24
Samoa,WSM,1858,91300.82
Samoa,WSM,1859,88873.68
Samoa,WSM,1860,88427.35
Samoa,WSM,1861,91627.72
Samoa,WSM,1862,93133.49
Samoa,WSM,1863,94199.95
Samoa,WSM,1864,95102.29
Samoa,WSM,1865,95914.16
Samoa,WSM,1866,96800.82
Samoa,WSM,1867,97698.55
Samoa,WSM,1868,98598.555
Samoa,WSM,1869,99519.56
Samoa,WSM,1870,102165.73
Samoa,WSM,1871,102977.914
Samoa,WSM,1872,103801.164
Samoa,WSM,1873,104802.1
Samoa,WSM,1874,105872.09
Samoa,WSM,1875,107104.03
Samoa,WSM,1876,108361.78
Samoa,WSM,1877,109637.47
Samoa,WSM,1878,110886.61
Samoa,WSM,1879,112174.59
Samoa,WSM,1880,112385.195
Samoa,WSM,1881,114649.41
Samoa,WSM,1882,116750.59
Samoa,WSM,1883,118647.63
Samoa,WSM,1884,120424.98
Samoa,WSM,1885,122167.125
Samoa,WSM,1886,123830.31
Samoa,WSM,1887,125489.87
Samoa,WSM,1888,127111.22
Samoa,WSM,1889,128769.73
Samoa,WSM,1890,132781.11
Samoa,WSM,1891,134121.84
Samoa,WSM,1892,135265.33
Samoa,WSM,1893,136438.94
Samoa,WSM,1894,137751.2
Samoa,WSM,1895,139054.2
Samoa,WSM,1896,140441.39
Samoa,WSM,1897,141881
Samoa,WSM,1898,143344.17
Samoa,WSM,1899,144829.56
Samoa,WSM,1900,138128.4
Samoa,WSM,1901,127914.62
Samoa,WSM,1902,120730.84
Samoa,WSM,1903,116582.92
Samoa,WSM,1904,111627.016
Samoa,WSM,1905,105060.41
Samoa,WSM,1906,101613.01
Samoa,WSM,1907,98897.43
Samoa,WSM,1908,96257.5
Samoa,WSM,1909,90344.016
Samoa,WSM,1910,103061.9
Samoa,WSM,1911,122813.086
Samoa,WSM,1912,134932.08
Samoa,WSM,1913,147042.36
Samoa,WSM,1914,154263.8
Samoa,WSM,1915,160207.62
Samoa,WSM,1916,170133.81
Samoa,WSM,1917,175131.86
Samoa,WSM,1918,179197.67
Samoa,WSM,1919,184852.39
Samoa,WSM,1920,200360.52
Samoa,WSM,1921,210440.72
Samoa,WSM,1922,219802.53
Samoa,WSM,1923,223342.45
Samoa,WSM,1924,232015.6
Samoa,WSM,1925,234311.73
Samoa,WSM,1926,241882.62
Samoa,WSM,1927,250287.06
Samoa,WSM,1928,254973.27
Samoa,WSM,1929,256508.08
Samoa,WSM,1930,265319.66
Samoa,WSM,1931,280239.75
Samoa,WSM,1932,288304.03
Samoa,WSM,1933,297608.88
Samoa,WSM,1934,302541.22
Samoa,WSM,1935,310980.53
Samoa,WSM,1936,312389.8
Samoa,WSM,1937,317530.03
Samoa,WSM,1938,327474.8
Samoa,WSM,1939,328229.6
Samoa,WSM,1940,334149.97
Samoa,WSM,1941,341865.12
Samoa,WSM,1942,352725.16
Samoa,WSM,1943,356013.28
Samoa,WSM,1944,366606.28
Samoa,WSM,1945,376097.03
Samoa,WSM,1946,381120.34
Samoa,WSM,1947,388901.56
Samoa,WSM,1948,394415.1
Samoa,WSM,1949,396536.06
Samoa,WSM,1950,402501.2
Samoa,WSM,1951,386330.44
Samoa,WSM,1952,387983.25
Samoa,WSM,1953,385332.97
Samoa,WSM,1954,394206.06
Samoa,WSM,1955,393716.06
Samoa,WSM,1956,393160.8
Samoa,WSM,1957,400620.38
Samoa,WSM,1958,403064.8
Samoa,WSM,1959,415979.12
Samoa,WSM,1960,385025.75
Samoa,WSM,1961,372015.3
Samoa,WSM,1962,354637.34
Samoa,WSM,1963,354697.12
Samoa,WSM,1964,456916.3
Samoa,WSM,1965,447301.53
Samoa,WSM,1966,394080.28
Samoa,WSM,1967,397853.62
Samoa,WSM,1968,373138.25
Samoa,WSM,1969,353657.06
Samoa,WSM,1970,352893.47
Samoa,WSM,1971,349529.5
Samoa,WSM,1972,344062.1
Samoa,WSM,1973,345337.62
Samoa,WSM,1974,394123.16
Samoa,WSM,1975,524796.5
Samoa,WSM,1976,568448.1
Samoa,WSM,1977,587710.56
Samoa,WSM,1978,669155.75
Samoa,WSM,1979,660137.1
Samoa,WSM,1980,671780.7
Samoa,WSM,1981,626964.5
Samoa,WSM,1982,540372.56
Samoa,WSM,1983,489237.25
Samoa,WSM,1984,452094.28
Samoa,WSM,1985,444428.75
Samoa,WSM,1986,436586.84
Samoa,WSM,1987,407998.03
Samoa,WSM,1988,222130.69
Samoa,WSM,1989,158887.16
Samoa,WSM,1990,113715.836
Samoa,WSM,1991,69268.09
Samoa,WSM,1992,66438.336
Samoa,WSM,1993,92710.164
Samoa,WSM,1994,80482.98
Samoa,WSM,1995,98431.06
Samoa,WSM,1996,116215.67
Samoa,WSM,1997,127034.04
Samoa,WSM,1998,147789.66
Samoa,WSM,1999,118566.164
Samoa,WSM,2000,137983.11
Samoa,WSM,2001,157725.84
Samoa,WSM,2002,153237.05
Samoa,WSM,2003,146901.39
Samoa,WSM,2004,141215.19
Samoa,WSM,2005,135119.83
Samoa,WSM,2006,133736.83
Samoa,WSM,2007,108327.27
Samoa,WSM,2008,84698.98
Samoa,WSM,2009,248712.81
Samoa,WSM,2010,491403.97
Samoa,WSM,2011,691379.8
Samoa,WSM,2012,873324
Samoa,WSM,2013,1041461.6
Samoa,WSM,2014,1164822.6
Samoa,WSM,2015,1107114.6
Samoa,WSM,2016,909020.2
Samoa,WSM,2017,798646.2
Samoa,WSM,2018,685508.7
Samoa,WSM,2019,582300.44
Samoa,WSM,2020,501696.47
Samoa,WSM,2021,471422.28
Samoa,WSM,2022,418141.75
Samoa,WSM,2023,376444.12
Sao Tome and Principe,STP,1850,53133.258
Sao Tome and Principe,STP,1851,1714.946
Sao Tome and Principe,STP,1852,29521.51
Sao Tome and Principe,STP,1853,-3265.57
Sao Tome and Principe,STP,1854,90877.13
Sao Tome and Principe,STP,1855,19232.56
Sao Tome and Principe,STP,1856,64753.02
Sao Tome and Principe,STP,1857,52235.098
Sao Tome and Principe,STP,1858,34687.625
Sao Tome and Principe,STP,1859,48365.777
Sao Tome and Principe,STP,1860,37448.426
Sao Tome and Principe,STP,1861,17439.457
Sao Tome and Principe,STP,1862,33365.027
Sao Tome and Principe,STP,1863,11001.6875
Sao Tome and Principe,STP,1864,65939.52
Sao Tome and Principe,STP,1865,20593.646
Sao Tome and Principe,STP,1866,62148.695
Sao Tome and Principe,STP,1867,5133.0327
Sao Tome and Principe,STP,1868,38435.05
Sao Tome and Principe,STP,1869,14707.025
Sao Tome and Principe,STP,1870,67868.195
Sao Tome and Principe,STP,1871,48449.184
Sao Tome and Principe,STP,1872,51917.508
Sao Tome and Principe,STP,1873,1723.766
Sao Tome and Principe,STP,1874,93349.6
Sao Tome and Principe,STP,1875,68563.53
Sao Tome and Principe,STP,1876,39399.59
Sao Tome and Principe,STP,1877,30542.057
Sao Tome and Principe,STP,1878,56077.09
Sao Tome and Principe,STP,1879,41449.53
Sao Tome and Principe,STP,1880,29260.613
Sao Tome and Principe,STP,1881,51468.707
Sao Tome and Principe,STP,1882,26565.906
Sao Tome and Principe,STP,1883,51501.86
Sao Tome and Principe,STP,1884,55396.684
Sao Tome and Principe,STP,1885,45935.832
Sao Tome and Principe,STP,1886,37207.586
Sao Tome and Principe,STP,1887,49171.78
Sao Tome and Principe,STP,1888,38089.63
Sao Tome and Principe,STP,1889,10584.012
Sao Tome and Principe,STP,1890,106720.27
Sao Tome and Principe,STP,1891,86625.99
Sao Tome and Principe,STP,1892,51335.676
Sao Tome and Principe,STP,1893,9368.131
Sao Tome and Principe,STP,1894,30833.98
Sao Tome and Principe,STP,1895,4411.7334
Sao Tome and Principe,STP,1896,35542.137
Sao Tome and Principe,STP,1897,52392.465
Sao Tome and Principe,STP,1898,46233.215
Sao Tome and Principe,STP,1899,59859.91
Sao Tome and Principe,STP,1900,74256.37
Sao Tome and Principe,STP,1901,21752.688
Sao Tome and Principe,STP,1902,-40935.617
Sao Tome and Principe,STP,1903,62429.848
Sao Tome and Principe,STP,1904,44362.477
Sao Tome and Principe,STP,1905,93768.95
Sao Tome and Principe,STP,1906,34401.703
Sao Tome and Principe,STP,1907,49158.457
Sao Tome and Principe,STP,1908,43663.72
Sao Tome and Principe,STP,1909,68444.06
Sao Tome and Principe,STP,1910,288.3062
Sao Tome and Principe,STP,1911,40170.445
Sao Tome and Principe,STP,1912,44089.918
Sao Tome and Principe,STP,1913,14463.614
Sao Tome and Principe,STP,1914,70003.766
Sao Tome and Principe,STP,1915,20825.889
Sao Tome and Principe,STP,1916,49988.125
Sao Tome and Principe,STP,1917,42137.258
Sao Tome and Principe,STP,1918,56784.47
Sao Tome and Principe,STP,1919,54137.383
Sao Tome and Principe,STP,1920,78510.75
Sao Tome and Principe,STP,1921,36110.145
Sao Tome and Principe,STP,1922,66174.52
Sao Tome and Principe,STP,1923,20676.396
Sao Tome and Principe,STP,1924,29136.299
Sao Tome and Principe,STP,1925,39322.023
Sao Tome and Principe,STP,1926,14793.214
Sao Tome and Principe,STP,1927,38683.402
Sao Tome and Principe,STP,1928,74296.37
Sao Tome and Principe,STP,1929,21190.81
Sao Tome and Principe,STP,1930,50858.367
Sao Tome and Principe,STP,1931,48602.91
Sao Tome and Principe,STP,1932,47060.027
Sao Tome and Principe,STP,1933,46616.42
Sao Tome and Principe,STP,1934,69404.85
Sao Tome and Principe,STP,1935,39811.71
Sao Tome and Principe,STP,1936,72619.93
Sao Tome and Principe,STP,1937,27411.885
Sao Tome and Principe,STP,1938,63108.71
Sao Tome and Principe,STP,1939,33122.246
Sao Tome and Principe,STP,1940,38547.926
Sao Tome and Principe,STP,1941,45225.12
Sao Tome and Principe,STP,1942,41140.645
Sao Tome and Principe,STP,1943,6340.874
Sao Tome and Principe,STP,1944,-20274.81
Sao Tome and Principe,STP,1945,10989.801
Sao Tome and Principe,STP,1946,31334.012
Sao Tome and Principe,STP,1947,13003.908
Sao Tome and Principe,STP,1948,17717.453
Sao Tome and Principe,STP,1949,33066.867
Sao Tome and Principe,STP,1950,50381.227
Sao Tome and Principe,STP,1951,11272.451
Sao Tome and Principe,STP,1952,43300.223
Sao Tome and Principe,STP,1953,10020.506
Sao Tome and Principe,STP,1954,-63118.105
Sao Tome and Principe,STP,1955,12118.186
Sao Tome and Principe,STP,1956,-5554.5503
Sao Tome and Principe,STP,1957,-8154.46
Sao Tome and Principe,STP,1958,-6712.977
Sao Tome and Principe,STP,1959,-35355.895
Sao Tome and Principe,STP,1960,-31233.502
Sao Tome and Principe,STP,1961,-10180.538
Sao Tome and Principe,STP,1962,-23652.008
Sao Tome and Principe,STP,1963,-55517.926
Sao Tome and Principe,STP,1964,-21326.492
Sao Tome and Principe,STP,1965,-19883.682
Sao Tome and Principe,STP,1966,-38370.55
Sao Tome and Principe,STP,1967,-38729.99
Sao Tome and Principe,STP,1968,-26874.75
Sao Tome and Principe,STP,1969,685.6219
Sao Tome and Principe,STP,1970,63771.637
Sao Tome and Principe,STP,1971,1517.7327
Sao Tome and Principe,STP,1972,-29304.521
Sao Tome and Principe,STP,1973,-18421.494
Sao Tome and Principe,STP,1974,4562.545
Sao Tome and Principe,STP,1975,22964.943
Sao Tome and Principe,STP,1976,2004.7429
Sao Tome and Principe,STP,1977,41864.727
Sao Tome and Principe,STP,1978,26234.531
Sao Tome and Principe,STP,1979,8432.572
Sao Tome and Principe,STP,1980,31346.334
Sao Tome and Principe,STP,1981,33907.832
Sao Tome and Principe,STP,1982,45314.543
Sao Tome and Principe,STP,1983,36619.867
Sao Tome and Principe,STP,1984,83888.07
Sao Tome and Principe,STP,1985,47522.805
Sao Tome and Principe,STP,1986,23698.44
Sao Tome and Principe,STP,1987,93917.086
Sao Tome and Principe,STP,1988,63646.305
Sao Tome and Principe,STP,1989,24935.723
Sao Tome and Principe,STP,1990,70540.945
Sao Tome and Principe,STP,1991,89565.09
Sao Tome and Principe,STP,1992,65072.203
Sao Tome and Principe,STP,1993,102565.11
Sao Tome and Principe,STP,1994,68116.04
Sao Tome and Principe,STP,1995,69373.23
Sao Tome and Principe,STP,1996,51036.863
Sao Tome and Principe,STP,1997,198983.78
Sao Tome and Principe,STP,1998,232432.22
Sao Tome and Principe,STP,1999,202799.67
Sao Tome and Principe,STP,2000,153278.33
Sao Tome and Principe,STP,2001,108143.25
Sao Tome and Principe,STP,2002,129209.12
Sao Tome and Principe,STP,2003,183113.33
Sao Tome and Principe,STP,2004,138658.84
Sao Tome and Principe,STP,2005,89291.32
Sao Tome and Principe,STP,2006,178232.66
Sao Tome and Principe,STP,2007,132937.44
Sao Tome and Principe,STP,2008,128361.53
Sao Tome and Principe,STP,2009,136245.7
Sao Tome and Principe,STP,2010,221124.39
Sao Tome and Principe,STP,2011,236345.08
Sao Tome and Principe,STP,2012,196318.86
Sao Tome and Principe,STP,2013,255348.83
Sao Tome and Principe,STP,2014,241405.72
Sao Tome and Principe,STP,2015,357026.22
Sao Tome and Principe,STP,2016,315162.84
Sao Tome and Principe,STP,2017,240628.77
Sao Tome and Principe,STP,2018,274822.8
Sao Tome and Principe,STP,2019,257729.1
Sao Tome and Principe,STP,2020,257513.12
Sao Tome and Principe,STP,2021,269343.66
Sao Tome and Principe,STP,2022,280609.94
Sao Tome and Principe,STP,2023,290164.2
Saudi Arabia,SAU,1850,-690279.7
Saudi Arabia,SAU,1851,-568462.4
Saudi Arabia,SAU,1852,-430922.25
Saudi Arabia,SAU,1853,-309568.4
Saudi Arabia,SAU,1854,-204304.78
Saudi Arabia,SAU,1855,-112993.016
Saudi Arabia,SAU,1856,-33677.4
Saudi Arabia,SAU,1857,35322.484
Saudi Arabia,SAU,1858,95403.48
Saudi Arabia,SAU,1859,147806.38
Saudi Arabia,SAU,1860,191766.2
Saudi Arabia,SAU,1861,230557.58
Saudi Arabia,SAU,1862,264774.16
Saudi Arabia,SAU,1863,295035.22
Saudi Arabia,SAU,1864,321786.06
Saudi Arabia,SAU,1865,345545.16
Saudi Arabia,SAU,1866,366647.7
Saudi Arabia,SAU,1867,385474.9
Saudi Arabia,SAU,1868,402334.53
Saudi Arabia,SAU,1869,417479.5
Saudi Arabia,SAU,1870,432875.5
Saudi Arabia,SAU,1871,443305.75
Saudi Arabia,SAU,1872,451950.9
Saudi Arabia,SAU,1873,461008.56
Saudi Arabia,SAU,1874,470523.66
Saudi Arabia,SAU,1875,480348.66
Saudi Arabia,SAU,1876,490162.1
Saudi Arabia,SAU,1877,499688.22
Saudi Arabia,SAU,1878,508633.16
Saudi Arabia,SAU,1879,516712
Saudi Arabia,SAU,1880,525819.94
Saudi Arabia,SAU,1881,529619.44
Saudi Arabia,SAU,1882,532946.8
Saudi Arabia,SAU,1883,536464.3
Saudi Arabia,SAU,1884,540211.25
Saudi Arabia,SAU,1885,543906.3
Saudi Arabia,SAU,1886,547799.6
Saudi Arabia,SAU,1887,551884.6
Saudi Arabia,SAU,1888,556173.06
Saudi Arabia,SAU,1889,560667.7
Saudi Arabia,SAU,1890,563963.56
Saudi Arabia,SAU,1891,566200.4
Saudi Arabia,SAU,1892,568980.8
Saudi Arabia,SAU,1893,572243.44
Saudi Arabia,SAU,1894,575890.3
Saudi Arabia,SAU,1895,579850.75
Saudi Arabia,SAU,1896,584054.06
Saudi Arabia,SAU,1897,588484.7
Saudi Arabia,SAU,1898,593117.8
Saudi Arabia,SAU,1899,597947
Saudi Arabia,SAU,1900,599860.4
Saudi Arabia,SAU,1901,591694.7
Saudi Arabia,SAU,1902,591056.56
Saudi Arabia,SAU,1903,595488.94
Saudi Arabia,SAU,1904,590562.44
Saudi Arabia,SAU,1905,588521.9
Saudi Arabia,SAU,1906,585508.44
Saudi Arabia,SAU,1907,586218.94
Saudi Arabia,SAU,1908,580904.94
Saudi Arabia,SAU,1909,576617.25
Saudi Arabia,SAU,1910,563992
Saudi Arabia,SAU,1911,577227.75
Saudi Arabia,SAU,1912,590150.1
Saudi Arabia,SAU,1913,606185
Saudi Arabia,SAU,1914,616081
Saudi Arabia,SAU,1915,625517.56
Saudi Arabia,SAU,1916,636995.44
Saudi Arabia,SAU,1917,647052.25
Saudi Arabia,SAU,1918,656219.56
Saudi Arabia,SAU,1919,661721.94
Saudi Arabia,SAU,1920,690709.94
Saudi Arabia,SAU,1921,673587.7
Saudi Arabia,SAU,1922,648195.56
Saudi Arabia,SAU,1923,629281.3
Saudi Arabia,SAU,1924,611898.56
Saudi Arabia,SAU,1925,602780.25
Saudi Arabia,SAU,1926,594112.8
Saudi Arabia,SAU,1927,586253.8
Saudi Arabia,SAU,1928,580989.56
Saudi Arabia,SAU,1929,579968.75
Saudi Arabia,SAU,1930,568407.7
Saudi Arabia,SAU,1931,561734.06
Saudi Arabia,SAU,1932,558682.06
Saudi Arabia,SAU,1933,558958.8
Saudi Arabia,SAU,1934,555089.1
Saudi Arabia,SAU,1935,550727.75
Saudi Arabia,SAU,1936,576205.56
Saudi Arabia,SAU,1937,637193.94
Saudi Arabia,SAU,1938,1256946.8
Saudi Arabia,SAU,1939,6237699
Saudi Arabia,SAU,1940,7935365
Saudi Arabia,SAU,1941,6784256
Saudi Arabia,SAU,1942,7116556
Saudi Arabia,SAU,1943,7458625
Saudi Arabia,SAU,1944,11844356
Saudi Arabia,SAU,1945,30697624
Saudi Arabia,SAU,1946,85590630
Saudi Arabia,SAU,1947,88918136
Saudi Arabia,SAU,1948,60128010
Saudi Arabia,SAU,1949,61023972
Saudi Arabia,SAU,1950,17648962
Saudi Arabia,SAU,1951,8846016
Saudi Arabia,SAU,1952,5228783
Saudi Arabia,SAU,1953,2199841
Saudi Arabia,SAU,1954,4439566.5
Saudi Arabia,SAU,1955,7003336.5
Saudi Arabia,SAU,1956,5425962
Saudi Arabia,SAU,1957,6724031
Saudi Arabia,SAU,1958,6292982.5
Saudi Arabia,SAU,1959,5760245
Saudi Arabia,SAU,1960,7808548
Saudi Arabia,SAU,1961,10954595
Saudi Arabia,SAU,1962,18838986
Saudi Arabia,SAU,1963,21091088
Saudi Arabia,SAU,1964,21438956
Saudi Arabia,SAU,1965,13817147
Saudi Arabia,SAU,1966,19923246
Saudi Arabia,SAU,1967,39908104
Saudi Arabia,SAU,1968,46938836
Saudi Arabia,SAU,1969,57669236
Saudi Arabia,SAU,1970,75279700
Saudi Arabia,SAU,1971,90457570
Saudi Arabia,SAU,1972,108056536
Saudi Arabia,SAU,1973,141857360
Saudi Arabia,SAU,1974,150815040
Saudi Arabia,SAU,1975,129068060
Saudi Arabia,SAU,1976,156209100
Saudi Arabia,SAU,1977,176667800
Saudi Arabia,SAU,1978,171018740
Saudi Arabia,SAU,1979,201237150
Saudi Arabia,SAU,1980,238139760
Saudi Arabia,SAU,1981,246434430
Saudi Arabia,SAU,1982,214898530
Saudi Arabia,SAU,1983,211960700
Saudi Arabia,SAU,1984,207402850
Saudi Arabia,SAU,1985,219035940
Saudi Arabia,SAU,1986,262976590
Saudi Arabia,SAU,1987,246330980
Saudi Arabia,SAU,1988,263928060
Saudi Arabia,SAU,1989,266308260
Saudi Arabia,SAU,1990,250656540
Saudi Arabia,SAU,1991,321770370
Saudi Arabia,SAU,1992,355098750
Saudi Arabia,SAU,1993,376264600
Saudi Arabia,SAU,1994,369067070
Saudi Arabia,SAU,1995,349682560
Saudi Arabia,SAU,1996,347089660
Saudi Arabia,SAU,1997,307008450
Saudi Arabia,SAU,1998,297785730
Saudi Arabia,SAU,1999,312153630
Saudi Arabia,SAU,2000,389804900
Saudi Arabia,SAU,2001,404558530
Saudi Arabia,SAU,2002,428146530
Saudi Arabia,SAU,2003,441142200
Saudi Arabia,SAU,2004,500331400
Saudi Arabia,SAU,2005,510968320
Saudi Arabia,SAU,2006,547591740
Saudi Arabia,SAU,2007,526378850
Saudi Arabia,SAU,2008,576369800
Saudi Arabia,SAU,2009,607230300
Saudi Arabia,SAU,2010,664019700
Saudi Arabia,SAU,2011,656581570
Saudi Arabia,SAU,2012,728561400
Saudi Arabia,SAU,2013,710399100
Saudi Arabia,SAU,2014,714487500
Saudi Arabia,SAU,2015,757385500
Saudi Arabia,SAU,2016,777778600
Saudi Arabia,SAU,2017,749783940
Saudi Arabia,SAU,2018,776315600
Saudi Arabia,SAU,2019,795167740
Saudi Arabia,SAU,2020,752065900
Saudi Arabia,SAU,2021,832776640
Saudi Arabia,SAU,2022,868805100
Saudi Arabia,SAU,2023,879087200
Senegal,SEN,1850,1834833
Senegal,SEN,1851,1849663
Senegal,SEN,1852,1855552.6
Senegal,SEN,1853,1856311.8
Senegal,SEN,1854,1856171.6
Senegal,SEN,1855,1855286.8
Senegal,SEN,1856,1853995.5
Senegal,SEN,1857,1852077.1
Senegal,SEN,1858,1850190.2
Senegal,SEN,1859,1848269.8
Senegal,SEN,1860,1852351.5
Senegal,SEN,1861,1853747
Senegal,SEN,1862,1855136.8
Senegal,SEN,1863,1856136.1
Senegal,SEN,1864,1857487.8
Senegal,SEN,1865,1859026.5
Senegal,SEN,1866,1860606.1
Senegal,SEN,1867,1862199.4
Senegal,SEN,1868,1863787.9
Senegal,SEN,1869,1865362.9
Senegal,SEN,1870,1893259.6
Senegal,SEN,1871,1911890.8
Senegal,SEN,1872,1929729.1
Senegal,SEN,1873,1946932
Senegal,SEN,1874,1965095.1
Senegal,SEN,1875,1983459.8
Senegal,SEN,1876,2001496.5
Senegal,SEN,1877,2018410
Senegal,SEN,1878,2033350
Senegal,SEN,1879,2045191.6
Senegal,SEN,1880,2097006.9
Senegal,SEN,1881,2117360
Senegal,SEN,1882,2136419.2
Senegal,SEN,1883,2149960.8
Senegal,SEN,1884,2161199.8
Senegal,SEN,1885,2171052.2
Senegal,SEN,1886,2185252.2
Senegal,SEN,1887,2187504
Senegal,SEN,1888,2194616.2
Senegal,SEN,1889,2201724.8
Senegal,SEN,1890,2277049.8
Senegal,SEN,1891,2317098.2
Senegal,SEN,1892,2345898.2
Senegal,SEN,1893,2370672.2
Senegal,SEN,1894,2383180.5
Senegal,SEN,1895,2398431
Senegal,SEN,1896,2417172
Senegal,SEN,1897,2487958.2
Senegal,SEN,1898,2458042
Senegal,SEN,1899,2457784.2
Senegal,SEN,1900,3270335.8
Senegal,SEN,1901,3910929.8
Senegal,SEN,1902,4184406.2
Senegal,SEN,1903,4437418
Senegal,SEN,1904,4723699.5
Senegal,SEN,1905,4896693.5
Senegal,SEN,1906,5060386
Senegal,SEN,1907,5342251
Senegal,SEN,1908,5441943.5
Senegal,SEN,1909,5563505
Senegal,SEN,1910,4540503
Senegal,SEN,1911,3972693
Senegal,SEN,1912,3656616
Senegal,SEN,1913,3494930
Senegal,SEN,1914,3368115.8
Senegal,SEN,1915,3312961
Senegal,SEN,1916,3276513.8
Senegal,SEN,1917,3261846.5
Senegal,SEN,1918,3238203.2
Senegal,SEN,1919,3262082.2
Senegal,SEN,1920,4455574
Senegal,SEN,1921,5203811.5
Senegal,SEN,1922,5713591.5
Senegal,SEN,1923,6093485
Senegal,SEN,1924,6477181
Senegal,SEN,1925,6804084
Senegal,SEN,1926,7010612
Senegal,SEN,1927,7455621
Senegal,SEN,1928,7663125
Senegal,SEN,1929,7941077.5
Senegal,SEN,1930,8203831
Senegal,SEN,1931,8316683.5
Senegal,SEN,1932,8258725.5
Senegal,SEN,1933,8561530
Senegal,SEN,1934,8586480
Senegal,SEN,1935,8661841
Senegal,SEN,1936,8652061
Senegal,SEN,1937,9031598
Senegal,SEN,1938,9043670
Senegal,SEN,1939,9118180
Senegal,SEN,1940,10731466
Senegal,SEN,1941,11988987
Senegal,SEN,1942,12544525
Senegal,SEN,1943,13197107
Senegal,SEN,1944,13837151
Senegal,SEN,1945,14583783
Senegal,SEN,1946,15157403
Senegal,SEN,1947,15734799
Senegal,SEN,1948,16378098
Senegal,SEN,1949,16592838
Senegal,SEN,1950,16865808
Senegal,SEN,1951,16534940
Senegal,SEN,1952,16395480
Senegal,SEN,1953,16468230
Senegal,SEN,1954,16465597
Senegal,SEN,1955,16453659
Senegal,SEN,1956,16477765
Senegal,SEN,1957,16755024
Senegal,SEN,1958,16701370
Senegal,SEN,1959,16894794
Senegal,SEN,1960,15058634
Senegal,SEN,1961,13819947
Senegal,SEN,1962,15955688
Senegal,SEN,1963,14493443
Senegal,SEN,1964,16972676
Senegal,SEN,1965,15877114
Senegal,SEN,1966,18222810
Senegal,SEN,1967,20142778
Senegal,SEN,1968,14076612
Senegal,SEN,1969,12163819
Senegal,SEN,1970,14687984
Senegal,SEN,1971,13562084
Senegal,SEN,1972,14365928
Senegal,SEN,1973,15120812
Senegal,SEN,1974,13177172
Senegal,SEN,1975,13482351
Senegal,SEN,1976,10498724
Senegal,SEN,1977,11473711
Senegal,SEN,1978,11354874
Senegal,SEN,1979,12058912
Senegal,SEN,1980,13614297
Senegal,SEN,1981,12907031
Senegal,SEN,1982,13239020
Senegal,SEN,1983,12175069
Senegal,SEN,1984,12700290
Senegal,SEN,1985,12122931
Senegal,SEN,1986,12650849
Senegal,SEN,1987,13199420
Senegal,SEN,1988,13011460
Senegal,SEN,1989,14659326
Senegal,SEN,1990,13539542
Senegal,SEN,1991,16006619
Senegal,SEN,1992,16795766
Senegal,SEN,1993,19750134
Senegal,SEN,1994,17970428
Senegal,SEN,1995,21346080
Senegal,SEN,1996,14723671
Senegal,SEN,1997,12786261
Senegal,SEN,1998,31986130
Senegal,SEN,1999,24144938
Senegal,SEN,2000,20144158
Senegal,SEN,2001,17143144
Senegal,SEN,2002,15748955
Senegal,SEN,2003,17394288
Senegal,SEN,2004,22447314
Senegal,SEN,2005,18242432
Senegal,SEN,2006,20365338
Senegal,SEN,2007,41820236
Senegal,SEN,2008,33673950
Senegal,SEN,2009,31159724
Senegal,SEN,2010,26679954
Senegal,SEN,2011,26222848
Senegal,SEN,2012,24238260
Senegal,SEN,2013,24766506
Senegal,SEN,2014,34537764
Senegal,SEN,2015,30799570
Senegal,SEN,2016,30414502
Senegal,SEN,2017,29404590
Senegal,SEN,2018,29697708
Senegal,SEN,2019,31355504
Senegal,SEN,2020,30332696
Senegal,SEN,2021,31894934
Senegal,SEN,2022,31901918
Senegal,SEN,2023,32271778
Serbia,SRB,1850,9128071
Serbia,SRB,1851,9264375
Serbia,SRB,1852,9374025
Serbia,SRB,1853,9496655
Serbia,SRB,1854,9474933
Serbia,SRB,1855,9452280
Serbia,SRB,1856,9600206
Serbia,SRB,1857,9562336
Serbia,SRB,1858,9540462
Serbia,SRB,1859,9603810
Serbia,SRB,1860,9679502
Serbia,SRB,1861,9530867
Serbia,SRB,1862,9474869
Serbia,SRB,1863,9490056
Serbia,SRB,1864,9504246
Serbia,SRB,1865,9677967
Serbia,SRB,1866,9697930
Serbia,SRB,1867,9795972
Serbia,SRB,1868,9730719
Serbia,SRB,1869,9678628
Serbia,SRB,1870,9707373
Serbia,SRB,1871,9772640
Serbia,SRB,1872,9828816
Serbia,SRB,1873,9912547
Serbia,SRB,1874,9828972
Serbia,SRB,1875,9795932
Serbia,SRB,1876,9980960
Serbia,SRB,1877,9913103
Serbia,SRB,1878,9888455
Serbia,SRB,1879,9958805
Serbia,SRB,1880,10104649
Serbia,SRB,1881,9932326
Serbia,SRB,1882,9845210
Serbia,SRB,1883,9896158
Serbia,SRB,1884,9871685
Serbia,SRB,1885,10099471
Serbia,SRB,1886,10122300
Serbia,SRB,1887,10233371
Serbia,SRB,1888,10146180
Serbia,SRB,1889,10085977
Serbia,SRB,1890,10088490
Serbia,SRB,1891,10150578
Serbia,SRB,1892,10226518
Serbia,SRB,1893,10343495
Serbia,SRB,1894,10312852
Serbia,SRB,1895,10289747
Serbia,SRB,1896,10518819
Serbia,SRB,1897,10339236
Serbia,SRB,1898,10416287
Serbia,SRB,1899,10550575
Serbia,SRB,1900,10796128
Serbia,SRB,1901,10691520
Serbia,SRB,1902,10827693
Serbia,SRB,1903,10870719
Serbia,SRB,1904,11027215
Serbia,SRB,1905,10959937
Serbia,SRB,1906,11022482
Serbia,SRB,1907,11231002
Serbia,SRB,1908,11248949
Serbia,SRB,1909,11205153
Serbia,SRB,1910,11139407
Serbia,SRB,1911,11390778
Serbia,SRB,1912,11334589
Serbia,SRB,1913,12425802
Serbia,SRB,1914,10648653
Serbia,SRB,1915,10688092
Serbia,SRB,1916,10953032
Serbia,SRB,1917,11112677
Serbia,SRB,1918,11271380
Serbia,SRB,1919,12580368
Serbia,SRB,1920,12875354
Serbia,SRB,1921,13378796
Serbia,SRB,1922,14305739
Serbia,SRB,1923,14510299
Serbia,SRB,1924,14520120
Serbia,SRB,1925,15180662
Serbia,SRB,1926,14984015
Serbia,SRB,1927,15901576
Serbia,SRB,1928,16599271
Serbia,SRB,1929,16699484
Serbia,SRB,1930,16520330
Serbia,SRB,1931,16244740
Serbia,SRB,1932,15503846
Serbia,SRB,1933,15359586
Serbia,SRB,1934,15327615
Serbia,SRB,1935,15695259
Serbia,SRB,1936,15559805
Serbia,SRB,1937,15683028
Serbia,SRB,1938,15556746
Serbia,SRB,1939,15849525
Serbia,SRB,1940,16315818
Serbia,SRB,1941,11719498
Serbia,SRB,1942,11816581
Serbia,SRB,1943,12858814
Serbia,SRB,1944,12666425
Serbia,SRB,1945,15119727
Serbia,SRB,1946,18039376
Serbia,SRB,1947,19993290
Serbia,SRB,1948,21206776
Serbia,SRB,1949,22382736
Serbia,SRB,1950,25859916
Serbia,SRB,1951,25999906
Serbia,SRB,1952,27157118
Serbia,SRB,1953,26705872
Serbia,SRB,1954,28325938
Serbia,SRB,1955,29542518
Serbia,SRB,1956,30761538
Serbia,SRB,1957,31857718
Serbia,SRB,1958,31711528
Serbia,SRB,1959,34006080
Serbia,SRB,1960,33222712
Serbia,SRB,1961,33755320
Serbia,SRB,1962,33495030
Serbia,SRB,1963,34201244
Serbia,SRB,1964,35591810
Serbia,SRB,1965,35779570
Serbia,SRB,1966,35903776
Serbia,SRB,1967,36245136
Serbia,SRB,1968,37723604
Serbia,SRB,1969,37483270
Serbia,SRB,1970,46674596
Serbia,SRB,1971,49329770
Serbia,SRB,1972,46885108
Serbia,SRB,1973,53282064
Serbia,SRB,1974,54167876
Serbia,SRB,1975,56064536
Serbia,SRB,1976,57072096
Serbia,SRB,1977,56027470
Serbia,SRB,1978,60497720
Serbia,SRB,1979,64985350
Serbia,SRB,1980,63582190
Serbia,SRB,1981,68123400
Serbia,SRB,1982,64189028
Serbia,SRB,1983,68147060
Serbia,SRB,1984,71514610
Serbia,SRB,1985,72419830
Serbia,SRB,1986,74437490
Serbia,SRB,1987,72958760
Serbia,SRB,1988,74711890
Serbia,SRB,1989,73683110
Serbia,SRB,1990,73273080
Serbia,SRB,1991,52642784
Serbia,SRB,1992,54172540
Serbia,SRB,1993,48185696
Serbia,SRB,1994,46679376
Serbia,SRB,1995,49538340
Serbia,SRB,1996,56342240
Serbia,SRB,1997,61098600
Serbia,SRB,1998,59019700
Serbia,SRB,1999,42013896
Serbia,SRB,2000,50761076
Serbia,SRB,2001,54774800
Serbia,SRB,2002,57813620
Serbia,SRB,2003,62079096
Serbia,SRB,2004,68734136
Serbia,SRB,2005,49477056
Serbia,SRB,2006,59504956
Serbia,SRB,2007,59792560
Serbia,SRB,2008,50898216
Serbia,SRB,2009,46857604
Serbia,SRB,2010,45837120
Serbia,SRB,2011,49383016
Serbia,SRB,2012,44984820
Serbia,SRB,2013,46368732
Serbia,SRB,2014,38080492
Serbia,SRB,2015,45359156
Serbia,SRB,2016,46884120
Serbia,SRB,2017,47894650
Serbia,SRB,2018,45898956
Serbia,SRB,2019,46828264
Serbia,SRB,2020,48974856
Serbia,SRB,2021,46649680
Serbia,SRB,2022,46599176
Serbia,SRB,2023,45890030
Seychelles,SYC,1850,3306.3765
Seychelles,SYC,1851,3318.9219
Seychelles,SYC,1852,3325.4695
Seychelles,SYC,1853,3331.9365
Seychelles,SYC,1854,3338.2908
Seychelles,SYC,1855,3344.8928
Seychelles,SYC,1856,3351.33
Seychelles,SYC,1857,3357.571
Seychelles,SYC,1858,3363.585
Seychelles,SYC,1859,3369.3408
Seychelles,SYC,1860,3374.8079
Seychelles,SYC,1861,3383.7314
Seychelles,SYC,1862,3392.4043
Seychelles,SYC,1863,3426.8096
Seychelles,SYC,1864,3435.4495
Seychelles,SYC,1865,3444.0813
Seychelles,SYC,1866,3452.7168
Seychelles,SYC,1867,3461.369
Seychelles,SYC,1868,3470.0508
Seychelles,SYC,1869,3478.7742
Seychelles,SYC,1870,3487.5522
Seychelles,SYC,1871,3498.0896
Seychelles,SYC,1872,3511.4373
Seychelles,SYC,1873,3526.9265
Seychelles,SYC,1874,3543.9138
Seychelles,SYC,1875,3561.7537
Seychelles,SYC,1876,3579.803
Seychelles,SYC,1877,3597.4165
Seychelles,SYC,1878,3613.9502
Seychelles,SYC,1879,3628.7598
Seychelles,SYC,1880,3641.201
Seychelles,SYC,1881,3652.176
Seychelles,SYC,1882,3662.8164
Seychelles,SYC,1883,3673.191
Seychelles,SYC,1884,3683.3677
Seychelles,SYC,1885,3693.4148
Seychelles,SYC,1886,3703.4014
Seychelles,SYC,1887,3713.2402
Seychelles,SYC,1888,3723.15
Seychelles,SYC,1889,3733.1975
Seychelles,SYC,1890,3751.5728
Seychelles,SYC,1891,3762.722
Seychelles,SYC,1892,3774.1504
Seychelles,SYC,1893,3785.7034
Seychelles,SYC,1894,3797.3794
Seychelles,SYC,1895,3809.177
Seychelles,SYC,1896,3821.095
Seychelles,SYC,1897,3833.199
Seychelles,SYC,1898,3845.4243
Seychelles,SYC,1899,3857.769
Seychelles,SYC,1900,3870.2324
Seychelles,SYC,1901,3880.7576
Seychelles,SYC,1902,3893.9836
Seychelles,SYC,1903,3906.1177
Seychelles,SYC,1904,3918.4304
Seychelles,SYC,1905,3930.9258
Seychelles,SYC,1906,3943.6074
Seychelles,SYC,1907,3957.089
Seychelles,SYC,1908,3970.4011
Seychelles,SYC,1909,3983.9187
Seychelles,SYC,1910,3997.645
Seychelles,SYC,1911,4072.7764
Seychelles,SYC,1912,4149.9614
Seychelles,SYC,1913,4230.581
Seychelles,SYC,1914,4312.188
Seychelles,SYC,1915,4394.9644
Seychelles,SYC,1916,4478.4653
Seychelles,SYC,1917,4561.7095
Seychelles,SYC,1918,4645.306
Seychelles,SYC,1919,4728.0176
Seychelles,SYC,1920,4809.9355
Seychelles,SYC,1921,4906.8486
Seychelles,SYC,1922,5018.8647
Seychelles,SYC,1923,5119.714
Seychelles,SYC,1924,5220.846
Seychelles,SYC,1925,5321.486
Seychelles,SYC,1926,5421.111
Seychelles,SYC,1927,5519.0747
Seychelles,SYC,1928,5614.9067
Seychelles,SYC,1929,5707.7817
Seychelles,SYC,1930,5797.053
Seychelles,SYC,1931,5898.3926
Seychelles,SYC,1932,5998.0635
Seychelles,SYC,1933,6095.528
Seychelles,SYC,1934,6191.848
Seychelles,SYC,1935,6287.733
Seychelles,SYC,1936,6370.5576
Seychelles,SYC,1937,6454.224
Seychelles,SYC,1938,6538.49
Seychelles,SYC,1939,6625.08
Seychelles,SYC,1940,6714.195
Seychelles,SYC,1941,6860.755
Seychelles,SYC,1942,7072.769
Seychelles,SYC,1943,7334.385
Seychelles,SYC,1944,7629.319
Seychelles,SYC,1945,8261.938
Seychelles,SYC,1946,8910.347
Seychelles,SYC,1947,9558.847
Seychelles,SYC,1948,10191.734
Seychelles,SYC,1949,10792.993
Seychelles,SYC,1950,11344.734
Seychelles,SYC,1951,11910.832
Seychelles,SYC,1952,12465.87
Seychelles,SYC,1953,13011.493
Seychelles,SYC,1954,13550.037
Seychelles,SYC,1955,14091.059
Seychelles,SYC,1956,14645.049
Seychelles,SYC,1957,15227.411
Seychelles,SYC,1958,15861.058
Seychelles,SYC,1959,16573.518
Seychelles,SYC,1960,17389.27
Seychelles,SYC,1961,19016.193
Seychelles,SYC,1962,19856.537
Seychelles,SYC,1963,28612.436
Seychelles,SYC,1964,29750.805
Seychelles,SYC,1965,30979.512
Seychelles,SYC,1966,32490.65
Seychelles,SYC,1967,33771.34
Seychelles,SYC,1968,35323.695
Seychelles,SYC,1969,36842.305
Seychelles,SYC,1970,57613.727
Seychelles,SYC,1971,65190.48
Seychelles,SYC,1972,78645.914
Seychelles,SYC,1973,84269.914
Seychelles,SYC,1974,93904.19
Seychelles,SYC,1975,100134.58
Seychelles,SYC,1976,123825.97
Seychelles,SYC,1977,128218.79
Seychelles,SYC,1978,122851.74
Seychelles,SYC,1979,168796.12
Seychelles,SYC,1980,145010.31
Seychelles,SYC,1981,149256.6
Seychelles,SYC,1982,139255.9
Seychelles,SYC,1983,153269.75
Seychelles,SYC,1984,152155.48
Seychelles,SYC,1985,204612.75
Seychelles,SYC,1986,219899.03
Seychelles,SYC,1987,257643.86
Seychelles,SYC,1988,255827.95
Seychelles,SYC,1989,292639.16
Seychelles,SYC,1990,209821.97
Seychelles,SYC,1991,235888.77
Seychelles,SYC,1992,234625.55
Seychelles,SYC,1993,246976.19
Seychelles,SYC,1994,266404.9
Seychelles,SYC,1995,264163.12
Seychelles,SYC,1996,300791.34
Seychelles,SYC,1997,343024.62
Seychelles,SYC,1998,358030.8
Seychelles,SYC,1999,373485.78
Seychelles,SYC,2000,391864.7
Seychelles,SYC,2001,420961.72
Seychelles,SYC,2002,424126.78
Seychelles,SYC,2003,417710.8
Seychelles,SYC,2004,453393.53
Seychelles,SYC,2005,463564.8
Seychelles,SYC,2006,470484.9
Seychelles,SYC,2007,486658.72
Seychelles,SYC,2008,499276.28
Seychelles,SYC,2009,527303.6
Seychelles,SYC,2010,529170.44
Seychelles,SYC,2011,492329.97
Seychelles,SYC,2012,513494
Seychelles,SYC,2013,501292.84
Seychelles,SYC,2014,550011.06
Seychelles,SYC,2015,593017.25
Seychelles,SYC,2016,652680.5
Seychelles,SYC,2017,676425.44
Seychelles,SYC,2018,699362.56
Seychelles,SYC,2019,694131.75
Seychelles,SYC,2020,699169.06
Seychelles,SYC,2021,716173.2
Seychelles,SYC,2022,659422.3
Seychelles,SYC,2023,658681.5
Sierra Leone,SLE,1850,2295756
Sierra Leone,SLE,1851,2863292.5
Sierra Leone,SLE,1852,3160694.8
Sierra Leone,SLE,1853,3380761.8
Sierra Leone,SLE,1854,3436171
Sierra Leone,SLE,1855,3503298.2
Sierra Leone,SLE,1856,3587071
Sierra Leone,SLE,1857,3649731.8
Sierra Leone,SLE,1858,3699596.8
Sierra Leone,SLE,1859,3887669.2
Sierra Leone,SLE,1860,2929350
Sierra Leone,SLE,1861,2778604.5
Sierra Leone,SLE,1862,2693658.5
Sierra Leone,SLE,1863,2663075.2
Sierra Leone,SLE,1864,2580153.8
Sierra Leone,SLE,1865,2680466
Sierra Leone,SLE,1866,2586000
Sierra Leone,SLE,1867,2572064
Sierra Leone,SLE,1868,2592064.5
Sierra Leone,SLE,1869,2546921.8
Sierra Leone,SLE,1870,2874413.8
Sierra Leone,SLE,1871,3266405.8
Sierra Leone,SLE,1872,3145705.2
Sierra Leone,SLE,1873,3331497.5
Sierra Leone,SLE,1874,3287216.2
Sierra Leone,SLE,1875,3289548.2
Sierra Leone,SLE,1876,3348193.8
Sierra Leone,SLE,1877,3320723
Sierra Leone,SLE,1878,3378107.8
Sierra Leone,SLE,1879,3432456.8
Sierra Leone,SLE,1880,3940139.5
Sierra Leone,SLE,1881,4240678.5
Sierra Leone,SLE,1882,4338763.5
Sierra Leone,SLE,1883,4464366.5
Sierra Leone,SLE,1884,4567889
Sierra Leone,SLE,1885,4514404.5
Sierra Leone,SLE,1886,4737396
Sierra Leone,SLE,1887,4561881.5
Sierra Leone,SLE,1888,4661656
Sierra Leone,SLE,1889,4862002.5
Sierra Leone,SLE,1890,5461069.5
Sierra Leone,SLE,1891,5821591.5
Sierra Leone,SLE,1892,6328046
Sierra Leone,SLE,1893,6242029
Sierra Leone,SLE,1894,6465709
Sierra Leone,SLE,1895,6382714.5
Sierra Leone,SLE,1896,6436633.5
Sierra Leone,SLE,1897,6639142
Sierra Leone,SLE,1898,6707010.5
Sierra Leone,SLE,1899,6605930
Sierra Leone,SLE,1900,7833549.5
Sierra Leone,SLE,1901,8248799.5
Sierra Leone,SLE,1902,8684724
Sierra Leone,SLE,1903,8778413
Sierra Leone,SLE,1904,9058712
Sierra Leone,SLE,1905,9220527
Sierra Leone,SLE,1906,9206165
Sierra Leone,SLE,1907,9246841
Sierra Leone,SLE,1908,9416281
Sierra Leone,SLE,1909,9426366
Sierra Leone,SLE,1910,10244930
Sierra Leone,SLE,1911,10851703
Sierra Leone,SLE,1912,11941976
Sierra Leone,SLE,1913,11504210
Sierra Leone,SLE,1914,11194920
Sierra Leone,SLE,1915,12064120
Sierra Leone,SLE,1916,11710240
Sierra Leone,SLE,1917,11946025
Sierra Leone,SLE,1918,11945561
Sierra Leone,SLE,1919,12327860
Sierra Leone,SLE,1920,13821698
Sierra Leone,SLE,1921,14597671
Sierra Leone,SLE,1922,15312566
Sierra Leone,SLE,1923,15639987
Sierra Leone,SLE,1924,15556519
Sierra Leone,SLE,1925,16287394
Sierra Leone,SLE,1926,15826167
Sierra Leone,SLE,1927,16647143
Sierra Leone,SLE,1928,16393134
Sierra Leone,SLE,1929,16520699
Sierra Leone,SLE,1930,18622540
Sierra Leone,SLE,1931,19992330
Sierra Leone,SLE,1932,20346008
Sierra Leone,SLE,1933,20561668
Sierra Leone,SLE,1934,20688750
Sierra Leone,SLE,1935,20649734
Sierra Leone,SLE,1936,21301836
Sierra Leone,SLE,1937,21540302
Sierra Leone,SLE,1938,21672016
Sierra Leone,SLE,1939,21306250
Sierra Leone,SLE,1940,23571194
Sierra Leone,SLE,1941,24656222
Sierra Leone,SLE,1942,25259418
Sierra Leone,SLE,1943,25697164
Sierra Leone,SLE,1944,25888296
Sierra Leone,SLE,1945,26637150
Sierra Leone,SLE,1946,26542108
Sierra Leone,SLE,1947,26425960
Sierra Leone,SLE,1948,27161716
Sierra Leone,SLE,1949,27148540
Sierra Leone,SLE,1950,19173950
Sierra Leone,SLE,1951,16329681
Sierra Leone,SLE,1952,12790824
Sierra Leone,SLE,1953,11654237
Sierra Leone,SLE,1954,10866569
Sierra Leone,SLE,1955,10036702
Sierra Leone,SLE,1956,9196047
Sierra Leone,SLE,1957,9065221
Sierra Leone,SLE,1958,8361159.5
Sierra Leone,SLE,1959,8029357
Sierra Leone,SLE,1960,8201780
Sierra Leone,SLE,1961,8367962
Sierra Leone,SLE,1962,8710461
Sierra Leone,SLE,1963,8651198
Sierra Leone,SLE,1964,8591632
Sierra Leone,SLE,1965,8574805
Sierra Leone,SLE,1966,8906562
Sierra Leone,SLE,1967,9224632
Sierra Leone,SLE,1968,9057986
Sierra Leone,SLE,1969,9678357
Sierra Leone,SLE,1970,9106501
Sierra Leone,SLE,1971,9028689
Sierra Leone,SLE,1972,8760243
Sierra Leone,SLE,1973,8655789
Sierra Leone,SLE,1974,8448984
Sierra Leone,SLE,1975,8544618
Sierra Leone,SLE,1976,8688872
Sierra Leone,SLE,1977,9368403
Sierra Leone,SLE,1978,9958115
Sierra Leone,SLE,1979,9453429
Sierra Leone,SLE,1980,9429786
Sierra Leone,SLE,1981,10334270
Sierra Leone,SLE,1982,9627744
Sierra Leone,SLE,1983,10743188
Sierra Leone,SLE,1984,14902003
Sierra Leone,SLE,1985,12760197
Sierra Leone,SLE,1986,11252052
Sierra Leone,SLE,1987,10127505
Sierra Leone,SLE,1988,9495644
Sierra Leone,SLE,1989,9338448
Sierra Leone,SLE,1990,9453362
Sierra Leone,SLE,1991,9072429
Sierra Leone,SLE,1992,8857539
Sierra Leone,SLE,1993,8794856
Sierra Leone,SLE,1994,9092859
Sierra Leone,SLE,1995,8826414
Sierra Leone,SLE,1996,8506044
Sierra Leone,SLE,1997,8535939
Sierra Leone,SLE,1998,9196384
Sierra Leone,SLE,1999,10917553
Sierra Leone,SLE,2000,29654398
Sierra Leone,SLE,2001,46774110
Sierra Leone,SLE,2002,66570816
Sierra Leone,SLE,2003,66131284
Sierra Leone,SLE,2004,56481896
Sierra Leone,SLE,2005,68451030
Sierra Leone,SLE,2006,42682410
Sierra Leone,SLE,2007,34527896
Sierra Leone,SLE,2008,32990552
Sierra Leone,SLE,2009,34915130
Sierra Leone,SLE,2010,34870308
Sierra Leone,SLE,2011,26599710
Sierra Leone,SLE,2012,27441924
Sierra Leone,SLE,2013,22571392
Sierra Leone,SLE,2014,20534600
Sierra Leone,SLE,2015,18966106
Sierra Leone,SLE,2016,18683212
Sierra Leone,SLE,2017,17779006
Sierra Leone,SLE,2018,17291198
Sierra Leone,SLE,2019,15364367
Sierra Leone,SLE,2020,15289824
Sierra Leone,SLE,2021,16518743
Sierra Leone,SLE,2022,16257109
Sierra Leone,SLE,2023,16629090
Singapore,SGP,1850,359938.9
Singapore,SGP,1851,306846.97
Singapore,SGP,1852,702061.7
Singapore,SGP,1853,388664.66
Singapore,SGP,1854,307972.75
Singapore,SGP,1855,693106.7
Singapore,SGP,1856,401932.16
Singapore,SGP,1857,338448.34
Singapore,SGP,1858,293741.78
Singapore,SGP,1859,520471.44
Singapore,SGP,1860,355479.5
Singapore,SGP,1861,322049.88
Singapore,SGP,1862,295195.22
Singapore,SGP,1863,300545.7
Singapore,SGP,1864,284085.4
Singapore,SGP,1865,297697
Singapore,SGP,1866,346364.1
Singapore,SGP,1867,309422.6
Singapore,SGP,1868,284930.75
Singapore,SGP,1869,298619.5
Singapore,SGP,1870,263451.16
Singapore,SGP,1871,224514.48
Singapore,SGP,1872,230815.73
Singapore,SGP,1873,232222.97
Singapore,SGP,1874,211140.55
Singapore,SGP,1875,210080.7
Singapore,SGP,1876,211402.02
Singapore,SGP,1877,224714.02
Singapore,SGP,1878,207698.22
Singapore,SGP,1879,194357.25
Singapore,SGP,1880,205778.14
Singapore,SGP,1881,217934.36
Singapore,SGP,1882,188625.9
Singapore,SGP,1883,212251.47
Singapore,SGP,1884,208150.95
Singapore,SGP,1885,175777.61
Singapore,SGP,1886,198114.77
Singapore,SGP,1887,210642.22
Singapore,SGP,1888,186313.38
Singapore,SGP,1889,175318.73
Singapore,SGP,1890,173890.94
Singapore,SGP,1891,173804.22
Singapore,SGP,1892,172356.5
Singapore,SGP,1893,176810
Singapore,SGP,1894,178451.94
Singapore,SGP,1895,167626
Singapore,SGP,1896,129190.16
Singapore,SGP,1897,155163.11
Singapore,SGP,1898,161197.95
Singapore,SGP,1899,169625.14
Singapore,SGP,1900,173673.77
Singapore,SGP,1901,183713.4
Singapore,SGP,1902,138092.84
Singapore,SGP,1903,189802.12
Singapore,SGP,1904,138573.1
Singapore,SGP,1905,176616.08
Singapore,SGP,1906,165850.19
Singapore,SGP,1907,180275.97
Singapore,SGP,1908,164673.86
Singapore,SGP,1909,178086.12
Singapore,SGP,1910,167876.31
Singapore,SGP,1911,180958.8
Singapore,SGP,1912,181432.89
Singapore,SGP,1913,161857.9
Singapore,SGP,1914,189676.06
Singapore,SGP,1915,240876.16
Singapore,SGP,1916,195111.28
Singapore,SGP,1917,235725.16
Singapore,SGP,1918,221751.7
Singapore,SGP,1919,219854.56
Singapore,SGP,1920,125725.97
Singapore,SGP,1921,173412.44
Singapore,SGP,1922,184644.9
Singapore,SGP,1923,224898.16
Singapore,SGP,1924,216819.72
Singapore,SGP,1925,238780.52
Singapore,SGP,1926,215886.1
Singapore,SGP,1927,212419.66
Singapore,SGP,1928,189339.12
Singapore,SGP,1929,242629.36
Singapore,SGP,1930,221268.75
Singapore,SGP,1931,252508.38
Singapore,SGP,1932,250114.77
Singapore,SGP,1933,301035.22
Singapore,SGP,1934,325959.06
Singapore,SGP,1935,380487.06
Singapore,SGP,1936,447439.22
Singapore,SGP,1937,483975.56
Singapore,SGP,1938,500281.72
Singapore,SGP,1939,575774.44
Singapore,SGP,1940,620850.1
Singapore,SGP,1941,668338.4
Singapore,SGP,1942,704143.5
Singapore,SGP,1943,748717.9
Singapore,SGP,1944,789582.1
Singapore,SGP,1945,834952.06
Singapore,SGP,1946,884379.1
Singapore,SGP,1947,941964.44
Singapore,SGP,1948,997168.44
Singapore,SGP,1949,1054040.1
Singapore,SGP,1950,3108825
Singapore,SGP,1951,4150505.2
Singapore,SGP,1952,4921340.5
Singapore,SGP,1953,5116678
Singapore,SGP,1954,5595888
Singapore,SGP,1955,6067772
Singapore,SGP,1956,6211637.5
Singapore,SGP,1957,3850458
Singapore,SGP,1958,4566785.5
Singapore,SGP,1959,4199725.5
Singapore,SGP,1960,3906180.8
Singapore,SGP,1961,4850611
Singapore,SGP,1962,5488986
Singapore,SGP,1963,6505103
Singapore,SGP,1964,6948759
Singapore,SGP,1965,5998124
Singapore,SGP,1966,4251747
Singapore,SGP,1967,6936021
Singapore,SGP,1968,9410267
Singapore,SGP,1969,11487489
Singapore,SGP,1970,22670352
Singapore,SGP,1971,21327210
Singapore,SGP,1972,26619058
Singapore,SGP,1973,25688976
Singapore,SGP,1974,25208544
Singapore,SGP,1975,28450836
Singapore,SGP,1976,33733804
Singapore,SGP,1977,31080022
Singapore,SGP,1978,35879320
Singapore,SGP,1979,39534230
Singapore,SGP,1980,34653036
Singapore,SGP,1981,31157806
Singapore,SGP,1982,33437982
Singapore,SGP,1983,38461172
Singapore,SGP,1984,36821812
Singapore,SGP,1985,36984710
Singapore,SGP,1986,39843876
Singapore,SGP,1987,37882444
Singapore,SGP,1988,41111836
Singapore,SGP,1989,46682236
Singapore,SGP,1990,49003696
Singapore,SGP,1991,51023376
Singapore,SGP,1992,55543064
Singapore,SGP,1993,52522908
Singapore,SGP,1994,63757028
Singapore,SGP,1995,45810084
Singapore,SGP,1996,53924070
Singapore,SGP,1997,64483810
Singapore,SGP,1998,60769280
Singapore,SGP,1999,59802736
Singapore,SGP,2000,47905212
Singapore,SGP,2001,50117824
Singapore,SGP,2002,44518856
Singapore,SGP,2003,44367604
Singapore,SGP,2004,46157388
Singapore,SGP,2005,44720548
Singapore,SGP,2006,45838092
Singapore,SGP,2007,46519012
Singapore,SGP,2008,45246336
Singapore,SGP,2009,45694270
Singapore,SGP,2010,50447276
Singapore,SGP,2011,53051610
Singapore,SGP,2012,52172140
Singapore,SGP,2013,53760110
Singapore,SGP,2014,54750532
Singapore,SGP,2015,56664984
Singapore,SGP,2016,56120784
Singapore,SGP,2017,57727170
Singapore,SGP,2018,58039944
Singapore,SGP,2019,56921730
Singapore,SGP,2020,54421910
Singapore,SGP,2021,57858084
Singapore,SGP,2022,55556190
Singapore,SGP,2023,56959340
Slovakia,SVK,1850,5974036
Slovakia,SVK,1851,5838200
Slovakia,SVK,1852,5822533.5
Slovakia,SVK,1853,5825063
Slovakia,SVK,1854,5740629
Slovakia,SVK,1855,5670398
Slovakia,SVK,1856,5618251
Slovakia,SVK,1857,5567503
Slovakia,SVK,1858,5537725
Slovakia,SVK,1859,5559590.5
Slovakia,SVK,1860,5437370
Slovakia,SVK,1861,5468442
Slovakia,SVK,1862,5568084
Slovakia,SVK,1863,5695725
Slovakia,SVK,1864,5773679.5
Slovakia,SVK,1865,5896697
Slovakia,SVK,1866,6085380.5
Slovakia,SVK,1867,6233748.5
Slovakia,SVK,1868,6270763.5
Slovakia,SVK,1869,6379497.5
Slovakia,SVK,1870,6602152.5
Slovakia,SVK,1871,6730778.5
Slovakia,SVK,1872,6869185.5
Slovakia,SVK,1873,7063245
Slovakia,SVK,1874,7196466
Slovakia,SVK,1875,7273455
Slovakia,SVK,1876,8995326
Slovakia,SVK,1877,9172199
Slovakia,SVK,1878,9364129
Slovakia,SVK,1879,9702451
Slovakia,SVK,1880,10067096
Slovakia,SVK,1881,10300302
Slovakia,SVK,1882,10408402
Slovakia,SVK,1883,10772296
Slovakia,SVK,1884,10955208
Slovakia,SVK,1885,11268891
Slovakia,SVK,1886,11663021
Slovakia,SVK,1887,12050259
Slovakia,SVK,1888,12445133
Slovakia,SVK,1889,12879905
Slovakia,SVK,1890,13386361
Slovakia,SVK,1891,13645548
Slovakia,SVK,1892,13774621
Slovakia,SVK,1893,14037009
Slovakia,SVK,1894,14235452
Slovakia,SVK,1895,14537256
Slovakia,SVK,1896,14808501
Slovakia,SVK,1897,15398462
Slovakia,SVK,1898,15650680
Slovakia,SVK,1899,15997080
Slovakia,SVK,1900,15982142
Slovakia,SVK,1901,16453486
Slovakia,SVK,1902,16599320
Slovakia,SVK,1903,16787720
Slovakia,SVK,1904,16998624
Slovakia,SVK,1905,17371534
Slovakia,SVK,1906,17841770
Slovakia,SVK,1907,18449274
Slovakia,SVK,1908,18623706
Slovakia,SVK,1909,18516260
Slovakia,SVK,1910,18180452
Slovakia,SVK,1911,18309900
Slovakia,SVK,1912,19142464
Slovakia,SVK,1913,19745656
Slovakia,SVK,1914,18335818
Slovakia,SVK,1915,18282112
Slovakia,SVK,1916,19061258
Slovakia,SVK,1917,18173960
Slovakia,SVK,1918,16110935
Slovakia,SVK,1919,15324340
Slovakia,SVK,1920,16083242
Slovakia,SVK,1921,15964653
Slovakia,SVK,1922,15124920
Slovakia,SVK,1923,15802470
Slovakia,SVK,1924,18221380
Slovakia,SVK,1925,17670366
Slovakia,SVK,1926,17965722
Slovakia,SVK,1927,18971298
Slovakia,SVK,1928,19767348
Slovakia,SVK,1929,21422862
Slovakia,SVK,1930,18633534
Slovakia,SVK,1931,17399468
Slovakia,SVK,1932,15488429
Slovakia,SVK,1933,14366418
Slovakia,SVK,1934,13904825
Slovakia,SVK,1935,13930888
Slovakia,SVK,1936,14528940
Slovakia,SVK,1937,16621119
Slovakia,SVK,1938,18363130
Slovakia,SVK,1939,19687962
Slovakia,SVK,1940,21731754
Slovakia,SVK,1941,21705936
Slovakia,SVK,1942,23123322
Slovakia,SVK,1943,25202276
Slovakia,SVK,1944,24166228
Slovakia,SVK,1945,13945765
Slovakia,SVK,1946,16753541
Slovakia,SVK,1947,18757454
Slovakia,SVK,1948,20100766
Slovakia,SVK,1949,21032610
Slovakia,SVK,1950,23209426
Slovakia,SVK,1951,25328708
Slovakia,SVK,1952,27683708
Slovakia,SVK,1953,29098514
Slovakia,SVK,1954,31315652
Slovakia,SVK,1955,32726524
Slovakia,SVK,1956,35067330
Slovakia,SVK,1957,36721116
Slovakia,SVK,1958,39722164
Slovakia,SVK,1959,40717596
Slovakia,SVK,1960,42852292
Slovakia,SVK,1961,45272124
Slovakia,SVK,1962,47713060
Slovakia,SVK,1963,49641990
Slovakia,SVK,1964,51537130
Slovakia,SVK,1965,50654304
Slovakia,SVK,1966,50740890
Slovakia,SVK,1967,51407852
Slovakia,SVK,1968,53917170
Slovakia,SVK,1969,57211816
Slovakia,SVK,1970,62806708
Slovakia,SVK,1971,65395870
Slovakia,SVK,1972,65930224
Slovakia,SVK,1973,65895656
Slovakia,SVK,1974,66323276
Slovakia,SVK,1975,68876430
Slovakia,SVK,1976,71239620
Slovakia,SVK,1977,73076900
Slovakia,SVK,1978,74283190
Slovakia,SVK,1979,72586640
Slovakia,SVK,1980,73345840
Slovakia,SVK,1981,72666776
Slovakia,SVK,1982,72325760
Slovakia,SVK,1983,72515070
Slovakia,SVK,1984,74713700
Slovakia,SVK,1985,73815970
Slovakia,SVK,1986,73884750
Slovakia,SVK,1987,73148440
Slovakia,SVK,1988,72184744
Slovakia,SVK,1989,69504380
Slovakia,SVK,1990,75972290
Slovakia,SVK,1991,65524360
Slovakia,SVK,1992,60375456
Slovakia,SVK,1993,56824548
Slovakia,SVK,1994,54597360
Slovakia,SVK,1995,54735080
Slovakia,SVK,1996,55231628
Slovakia,SVK,1997,54944484
Slovakia,SVK,1998,54855010
Slovakia,SVK,1999,53814050
Slovakia,SVK,2000,50536828
Slovakia,SVK,2001,52853790
Slovakia,SVK,2002,51803132
Slovakia,SVK,2003,51449470
Slovakia,SVK,2004,53237450
Slovakia,SVK,2005,54324260
Slovakia,SVK,2006,55375324
Slovakia,SVK,2007,55212856
Slovakia,SVK,2008,56450532
Slovakia,SVK,2009,53656692
Slovakia,SVK,2010,56003684
Slovakia,SVK,2011,56972640
Slovakia,SVK,2012,55466416
Slovakia,SVK,2013,57092640
Slovakia,SVK,2014,57506210
Slovakia,SVK,2015,62561244
Slovakia,SVK,2016,56656980
Slovakia,SVK,2017,52375292
Slovakia,SVK,2018,46625380
Slovakia,SVK,2019,40352696
Slovakia,SVK,2020,34526124
Slovakia,SVK,2021,36120230
Slovakia,SVK,2022,29907428
Slovakia,SVK,2023,27257910
Slovenia,SVN,1850,1188987.1
Slovenia,SVN,1851,1214282.5
Slovenia,SVN,1852,1260599
Slovenia,SVN,1853,1257777.4
Slovenia,SVN,1854,1237710.1
Slovenia,SVN,1855,1273033.1
Slovenia,SVN,1856,1304716.9
Slovenia,SVN,1857,1339692.6
Slovenia,SVN,1858,1357054.5
Slovenia,SVN,1859,1319592
Slovenia,SVN,1860,1410154.2
Slovenia,SVN,1861,1381960.9
Slovenia,SVN,1862,1389399.4
Slovenia,SVN,1863,1375792.2
Slovenia,SVN,1864,1392339.6
Slovenia,SVN,1865,1423556.5
Slovenia,SVN,1866,1449726
Slovenia,SVN,1867,1500696.4
Slovenia,SVN,1868,1487134.8
Slovenia,SVN,1869,1558473
Slovenia,SVN,1870,1552757.6
Slovenia,SVN,1871,1639355.6
Slovenia,SVN,1872,1707478.4
Slovenia,SVN,1873,1740807.9
Slovenia,SVN,1874,1740842.4
Slovenia,SVN,1875,1827958.5
Slovenia,SVN,1876,1865430.2
Slovenia,SVN,1877,1941143.9
Slovenia,SVN,1878,1967754.4
Slovenia,SVN,1879,1949059.8
Slovenia,SVN,1880,2060670.9
Slovenia,SVN,1881,2063133.4
Slovenia,SVN,1882,2115608.8
Slovenia,SVN,1883,2124654.8
Slovenia,SVN,1884,2159316.8
Slovenia,SVN,1885,2222369
Slovenia,SVN,1886,2285495.8
Slovenia,SVN,1887,2304828.2
Slovenia,SVN,1888,2319157
Slovenia,SVN,1889,2400010.8
Slovenia,SVN,1890,2401582.8
Slovenia,SVN,1891,2447428.8
Slovenia,SVN,1892,2532336.2
Slovenia,SVN,1893,2554428.5
Slovenia,SVN,1894,2547967.8
Slovenia,SVN,1895,2610295.2
Slovenia,SVN,1896,2640936.2
Slovenia,SVN,1897,2707420
Slovenia,SVN,1898,2742701.8
Slovenia,SVN,1899,2682736.5
Slovenia,SVN,1900,2850561
Slovenia,SVN,1901,2851204
Slovenia,SVN,1902,2878444
Slovenia,SVN,1903,2943911.8
Slovenia,SVN,1904,2948652.8
Slovenia,SVN,1905,2937858.8
Slovenia,SVN,1906,3034945.8
Slovenia,SVN,1907,3056185
Slovenia,SVN,1908,3135943.2
Slovenia,SVN,1909,3128180
Slovenia,SVN,1910,3111227.8
Slovenia,SVN,1911,3257303.8
Slovenia,SVN,1912,3274627.8
Slovenia,SVN,1913,3667462.8
Slovenia,SVN,1914,3159072.8
Slovenia,SVN,1915,3205052.5
Slovenia,SVN,1916,3260873
Slovenia,SVN,1917,3393272
Slovenia,SVN,1918,3392163.8
Slovenia,SVN,1919,3843265.8
Slovenia,SVN,1920,4052922.8
Slovenia,SVN,1921,4170655
Slovenia,SVN,1922,4550948
Slovenia,SVN,1923,4537190.5
Slovenia,SVN,1924,4502506
Slovenia,SVN,1925,4610191
Slovenia,SVN,1926,4615702
Slovenia,SVN,1927,4875825
Slovenia,SVN,1928,4956937
Slovenia,SVN,1929,5166636.5
Slovenia,SVN,1930,4888593
Slovenia,SVN,1931,4954454.5
Slovenia,SVN,1932,4698759.5
Slovenia,SVN,1933,4644819.5
Slovenia,SVN,1934,4543950
Slovenia,SVN,1935,4792397
Slovenia,SVN,1936,4658225
Slovenia,SVN,1937,4718081
Slovenia,SVN,1938,4838924.5
Slovenia,SVN,1939,4791235.5
Slovenia,SVN,1940,4971296.5
Slovenia,SVN,1941,3705537.8
Slovenia,SVN,1942,3929347
Slovenia,SVN,1943,4088918.2
Slovenia,SVN,1944,4145092.2
Slovenia,SVN,1945,4985814
Slovenia,SVN,1946,5848475
Slovenia,SVN,1947,6311838
Slovenia,SVN,1948,6489186
Slovenia,SVN,1949,7170802
Slovenia,SVN,1950,6878328.5
Slovenia,SVN,1951,6510145.5
Slovenia,SVN,1952,6796740.5
Slovenia,SVN,1953,6685597.5
Slovenia,SVN,1954,7075748.5
Slovenia,SVN,1955,7477385.5
Slovenia,SVN,1956,7973675.5
Slovenia,SVN,1957,8262679.5
Slovenia,SVN,1958,8249134
Slovenia,SVN,1959,8877772
Slovenia,SVN,1960,9219980
Slovenia,SVN,1961,9588565
Slovenia,SVN,1962,9756683
Slovenia,SVN,1963,10140658
Slovenia,SVN,1964,10884260
Slovenia,SVN,1965,11056512
Slovenia,SVN,1966,11081001
Slovenia,SVN,1967,11494873
Slovenia,SVN,1968,12057697
Slovenia,SVN,1969,12208938
Slovenia,SVN,1970,14420014
Slovenia,SVN,1971,15330148
Slovenia,SVN,1972,14367358
Slovenia,SVN,1973,16179879
Slovenia,SVN,1974,16165771
Slovenia,SVN,1975,16664990
Slovenia,SVN,1976,16988666
Slovenia,SVN,1977,16775767
Slovenia,SVN,1978,18084620
Slovenia,SVN,1979,19253020
Slovenia,SVN,1980,18719084
Slovenia,SVN,1981,20012532
Slovenia,SVN,1982,19015960
Slovenia,SVN,1983,20224602
Slovenia,SVN,1984,21218988
Slovenia,SVN,1985,21592746
Slovenia,SVN,1986,22627682
Slovenia,SVN,1987,21800712
Slovenia,SVN,1988,21320290
Slovenia,SVN,1989,21001502
Slovenia,SVN,1990,20720272
Slovenia,SVN,1991,18885920
Slovenia,SVN,1992,17985230
Slovenia,SVN,1993,17954172
Slovenia,SVN,1994,17972490
Slovenia,SVN,1995,18522552
Slovenia,SVN,1996,18874350
Slovenia,SVN,1997,19956790
Slovenia,SVN,1998,20065382
Slovenia,SVN,1999,19600082
Slovenia,SVN,2000,19361474
Slovenia,SVN,2001,20998078
Slovenia,SVN,2002,21289294
Slovenia,SVN,2003,21452358
Slovenia,SVN,2004,21765334
Slovenia,SVN,2005,21856674
Slovenia,SVN,2006,22510174
Slovenia,SVN,2007,28042980
Slovenia,SVN,2008,25025690
Slovenia,SVN,2009,23418116
Slovenia,SVN,2010,23963640
Slovenia,SVN,2011,23765690
Slovenia,SVN,2012,23666532
Slovenia,SVN,2013,22525284
Slovenia,SVN,2014,20344140
Slovenia,SVN,2015,20779568
Slovenia,SVN,2016,21581474
Slovenia,SVN,2017,21757388
Slovenia,SVN,2018,20910318
Slovenia,SVN,2019,20625720
Slovenia,SVN,2020,18887566
Slovenia,SVN,2021,18890754
Slovenia,SVN,2022,18106360
Slovenia,SVN,2023,16490728
Solomon Islands,SLB,1850,641570.25
Solomon Islands,SLB,1851,73299.88
Solomon Islands,SLB,1852,189485.06
Solomon Islands,SLB,1853,-270839.94
Solomon Islands,SLB,1854,-42285.324
Solomon Islands,SLB,1855,-292705.38
Solomon Islands,SLB,1856,588328.5
Solomon Islands,SLB,1857,79956.84
Solomon Islands,SLB,1858,-212997.66
Solomon Islands,SLB,1859,834404.56
Solomon Islands,SLB,1860,19360.168
Solomon Islands,SLB,1861,118298.516
Solomon Islands,SLB,1862,234267.25
Solomon Islands,SLB,1863,111354.445
Solomon Islands,SLB,1864,89955
Solomon Islands,SLB,1865,196404.06
Solomon Islands,SLB,1866,-230311.34
Solomon Islands,SLB,1867,290669.6
Solomon Islands,SLB,1868,567630.9
Solomon Islands,SLB,1869,127687.86
Solomon Islands,SLB,1870,162300.08
Solomon Islands,SLB,1871,-124629.625
Solomon Islands,SLB,1872,-138335.45
Solomon Islands,SLB,1873,291794.28
Solomon Islands,SLB,1874,680404.2
Solomon Islands,SLB,1875,25121.086
Solomon Islands,SLB,1876,278560.2
Solomon Islands,SLB,1877,-163399.56
Solomon Islands,SLB,1878,744189.9
Solomon Islands,SLB,1879,230937.92
Solomon Islands,SLB,1880,122282.38
Solomon Islands,SLB,1881,36575.105
Solomon Islands,SLB,1882,-225156.72
Solomon Islands,SLB,1883,-14071.207
Solomon Islands,SLB,1884,278242.38
Solomon Islands,SLB,1885,-95918.57
Solomon Islands,SLB,1886,-33863.38
Solomon Islands,SLB,1887,685796.75
Solomon Islands,SLB,1888,293029.88
Solomon Islands,SLB,1889,158914.88
Solomon Islands,SLB,1890,-97500.055
Solomon Islands,SLB,1891,194413.86
Solomon Islands,SLB,1892,20136.35
Solomon Islands,SLB,1893,673131.8
Solomon Islands,SLB,1894,140966.5
Solomon Islands,SLB,1895,198518.25
Solomon Islands,SLB,1896,29224.324
Solomon Islands,SLB,1897,466501.62
Solomon Islands,SLB,1898,-1077.5541
Solomon Islands,SLB,1899,118705.53
Solomon Islands,SLB,1900,147250.38
Solomon Islands,SLB,1901,309155.97
Solomon Islands,SLB,1902,-73290.62
Solomon Islands,SLB,1903,60191.7
Solomon Islands,SLB,1904,-67369.414
Solomon Islands,SLB,1905,1042086.3
Solomon Islands,SLB,1906,-48349.215
Solomon Islands,SLB,1907,302778.5
Solomon Islands,SLB,1908,255790.56
Solomon Islands,SLB,1909,386573.4
Solomon Islands,SLB,1910,96472.43
Solomon Islands,SLB,1911,41613.105
Solomon Islands,SLB,1912,-325099.2
Solomon Islands,SLB,1913,356284.8
Solomon Islands,SLB,1914,779155.5
Solomon Islands,SLB,1915,347316.16
Solomon Islands,SLB,1916,385541.28
Solomon Islands,SLB,1917,412665.38
Solomon Islands,SLB,1918,28021.195
Solomon Islands,SLB,1919,-68869.27
Solomon Islands,SLB,1920,549280.75
Solomon Islands,SLB,1921,-39712.137
Solomon Islands,SLB,1922,-293362
Solomon Islands,SLB,1923,59762.89
Solomon Islands,SLB,1924,-491.30182
Solomon Islands,SLB,1925,267971.84
Solomon Islands,SLB,1926,295776.94
Solomon Islands,SLB,1927,174620.83
Solomon Islands,SLB,1928,381629.56
Solomon Islands,SLB,1929,344627.8
Solomon Islands,SLB,1930,144790.56
Solomon Islands,SLB,1931,580138.5
Solomon Islands,SLB,1932,-137530
Solomon Islands,SLB,1933,400438.66
Solomon Islands,SLB,1934,304787.94
Solomon Islands,SLB,1935,255775.58
Solomon Islands,SLB,1936,811868.1
Solomon Islands,SLB,1937,115706.84
Solomon Islands,SLB,1938,577030.8
Solomon Islands,SLB,1939,196587.14
Solomon Islands,SLB,1940,139692.3
Solomon Islands,SLB,1941,-118830.67
Solomon Islands,SLB,1942,276905.1
Solomon Islands,SLB,1943,445792.34
Solomon Islands,SLB,1944,688588.56
Solomon Islands,SLB,1945,-103931.42
Solomon Islands,SLB,1946,143917.94
Solomon Islands,SLB,1947,406486.06
Solomon Islands,SLB,1948,259012.23
Solomon Islands,SLB,1949,640686.56
Solomon Islands,SLB,1950,265086.5
Solomon Islands,SLB,1951,293539.03
Solomon Islands,SLB,1952,449139.94
Solomon Islands,SLB,1953,262565.47
Solomon Islands,SLB,1954,856102.4
Solomon Islands,SLB,1955,490606.9
Solomon Islands,SLB,1956,188194.23
Solomon Islands,SLB,1957,-102100.664
Solomon Islands,SLB,1958,1121757.9
Solomon Islands,SLB,1959,927368.4
Solomon Islands,SLB,1960,976151.56
Solomon Islands,SLB,1961,68391.33
Solomon Islands,SLB,1962,529675.7
Solomon Islands,SLB,1963,-43720.832
Solomon Islands,SLB,1964,461598.06
Solomon Islands,SLB,1965,203748.27
Solomon Islands,SLB,1966,333705.6
Solomon Islands,SLB,1967,222640.88
Solomon Islands,SLB,1968,225140.05
Solomon Islands,SLB,1969,111097.555
Solomon Islands,SLB,1970,287479.06
Solomon Islands,SLB,1971,360705.75
Solomon Islands,SLB,1972,383367.06
Solomon Islands,SLB,1973,382911.66
Solomon Islands,SLB,1974,391498.28
Solomon Islands,SLB,1975,387753.78
Solomon Islands,SLB,1976,586222.8
Solomon Islands,SLB,1977,682187.1
Solomon Islands,SLB,1978,887731.25
Solomon Islands,SLB,1979,686518.94
Solomon Islands,SLB,1980,652774.6
Solomon Islands,SLB,1981,1190791.6
Solomon Islands,SLB,1982,963706.7
Solomon Islands,SLB,1983,1189019.6
Solomon Islands,SLB,1984,984156.06
Solomon Islands,SLB,1985,1509235.2
Solomon Islands,SLB,1986,951744.06
Solomon Islands,SLB,1987,1174793.4
Solomon Islands,SLB,1988,1170200.4
Solomon Islands,SLB,1989,1056919
Solomon Islands,SLB,1990,1137188.2
Solomon Islands,SLB,1991,1286901.6
Solomon Islands,SLB,1992,1220524.8
Solomon Islands,SLB,1993,1250907.4
Solomon Islands,SLB,1994,1249470.8
Solomon Islands,SLB,1995,1138813
Solomon Islands,SLB,1996,1149177.6
Solomon Islands,SLB,1997,1267066.1
Solomon Islands,SLB,1998,1387675.4
Solomon Islands,SLB,1999,1166418.2
Solomon Islands,SLB,2000,1309952.9
Solomon Islands,SLB,2001,1497792.4
Solomon Islands,SLB,2002,1760092.5
Solomon Islands,SLB,2003,1808813.4
Solomon Islands,SLB,2004,2568274
Solomon Islands,SLB,2005,2501205.8
Solomon Islands,SLB,2006,2426579.2
Solomon Islands,SLB,2007,2540188.8
Solomon Islands,SLB,2008,2719824.8
Solomon Islands,SLB,2009,3212096.2
Solomon Islands,SLB,2010,3129284.5
Solomon Islands,SLB,2011,3113591.2
Solomon Islands,SLB,2012,2639781
Solomon Islands,SLB,2013,4657456
Solomon Islands,SLB,2014,3325791
Solomon Islands,SLB,2015,3778421.8
Solomon Islands,SLB,2016,3538731
Solomon Islands,SLB,2017,3585046
Solomon Islands,SLB,2018,3224319.8
Solomon Islands,SLB,2019,3064536.8
Solomon Islands,SLB,2020,2952839.2
Solomon Islands,SLB,2021,3032794.2
Solomon Islands,SLB,2022,3047308.8
Solomon Islands,SLB,2023,3042024
Somalia,SOM,1850,3459248
Somalia,SOM,1851,3476135.8
Somalia,SOM,1852,3493141.2
Somalia,SOM,1853,3510542.8
Somalia,SOM,1854,3527757
Somalia,SOM,1855,3544718.5
Somalia,SOM,1856,3561334
Somalia,SOM,1857,3577483.5
Somalia,SOM,1858,3593091.8
Somalia,SOM,1859,3608103.5
Somalia,SOM,1860,3647120
Somalia,SOM,1861,3673506.8
Somalia,SOM,1862,3692771.2
Somalia,SOM,1863,3710490.5
Somalia,SOM,1864,3727126
Somalia,SOM,1865,3743635
Somalia,SOM,1866,3760193.5
Somalia,SOM,1867,3776904.5
Somalia,SOM,1868,3793769.8
Somalia,SOM,1869,3810865.5
Somalia,SOM,1870,3826058.8
Somalia,SOM,1871,3849775
Somalia,SOM,1872,3878887.5
Somalia,SOM,1873,3912837
Somalia,SOM,1874,3950313.2
Somalia,SOM,1875,3989795.2
Somalia,SOM,1876,4029788.2
Somalia,SOM,1877,4068826
Somalia,SOM,1878,4105388.5
Somalia,SOM,1879,4137898.2
Somalia,SOM,1880,4172694.8
Somalia,SOM,1881,4198995
Somalia,SOM,1882,4222819.5
Somalia,SOM,1883,4245401.5
Somalia,SOM,1884,4267471
Somalia,SOM,1885,4289188.5
Somalia,SOM,1886,4310807.5
Somalia,SOM,1887,4332497
Somalia,SOM,1888,4354429.5
Somalia,SOM,1889,4376747
Somalia,SOM,1890,4424150.5
Somalia,SOM,1891,4450631
Somalia,SOM,1892,4475645
Somalia,SOM,1893,4500319
Somalia,SOM,1894,4525221.5
Somalia,SOM,1895,4550360.5
Somalia,SOM,1896,4575827
Somalia,SOM,1897,4601750
Somalia,SOM,1898,4628257
Somalia,SOM,1899,4655540.5
Somalia,SOM,1900,4687933
Somalia,SOM,1901,4721036
Somalia,SOM,1902,4754482.5
Somalia,SOM,1903,4786017
Somalia,SOM,1904,4823333
Somalia,SOM,1905,4861675
Somalia,SOM,1906,4899823.5
Somalia,SOM,1907,4937686.5
Somalia,SOM,1908,4974153.5
Somalia,SOM,1909,5017202.5
Somalia,SOM,1910,5176735.5
Somalia,SOM,1911,5333040
Somalia,SOM,1912,5464288.5
Somalia,SOM,1913,5584192
Somalia,SOM,1914,5697178
Somalia,SOM,1915,5826975.5
Somalia,SOM,1916,5961881.5
Somalia,SOM,1917,6097677
Somalia,SOM,1918,6231962.5
Somalia,SOM,1919,6367211.5
Somalia,SOM,1920,6532092
Somalia,SOM,1921,6714511.5
Somalia,SOM,1922,6919879.5
Somalia,SOM,1923,7150801.5
Somalia,SOM,1924,7341235.5
Somalia,SOM,1925,7569941
Somalia,SOM,1926,7790835.5
Somalia,SOM,1927,7996758
Somalia,SOM,1928,8187472
Somalia,SOM,1929,8390744
Somalia,SOM,1930,8595366
Somalia,SOM,1931,8766866
Somalia,SOM,1932,8950430
Somalia,SOM,1933,9113291
Somalia,SOM,1934,9274368
Somalia,SOM,1935,9432559
Somalia,SOM,1936,9570959
Somalia,SOM,1937,9701603
Somalia,SOM,1938,9838567
Somalia,SOM,1939,9973081
Somalia,SOM,1940,10164707
Somalia,SOM,1941,10482548
Somalia,SOM,1942,10971002
Somalia,SOM,1943,11600338
Somalia,SOM,1944,12342350
Somalia,SOM,1945,13118587
Somalia,SOM,1946,13894535
Somalia,SOM,1947,14629664
Somalia,SOM,1948,15254572
Somalia,SOM,1949,15736356
Somalia,SOM,1950,16482708
Somalia,SOM,1951,16779062
Somalia,SOM,1952,16810036
Somalia,SOM,1953,16817980
Somalia,SOM,1954,16764352
Somalia,SOM,1955,16713900
Somalia,SOM,1956,16688059
Somalia,SOM,1957,16696901
Somalia,SOM,1958,16702080
Somalia,SOM,1959,16828132
Somalia,SOM,1960,16185417
Somalia,SOM,1961,16116636
Somalia,SOM,1962,16677031
Somalia,SOM,1963,17451520
Somalia,SOM,1964,18261406
Somalia,SOM,1965,18899348
Somalia,SOM,1966,19571536
Somalia,SOM,1967,20587696
Somalia,SOM,1968,21339660
Somalia,SOM,1969,21690210
Somalia,SOM,1970,22365270
Somalia,SOM,1971,22242390
Somalia,SOM,1972,22656024
Somalia,SOM,1973,22525390
Somalia,SOM,1974,22492146
Somalia,SOM,1975,24138820
Somalia,SOM,1976,24035050
Somalia,SOM,1977,25798584
Somalia,SOM,1978,27264208
Somalia,SOM,1979,27272974
Somalia,SOM,1980,27754056
Somalia,SOM,1981,28323830
Somalia,SOM,1982,29606150
Somalia,SOM,1983,29223026
Somalia,SOM,1984,29611692
Somalia,SOM,1985,30566638
Somalia,SOM,1986,30915622
Somalia,SOM,1987,32076352
Somalia,SOM,1988,33310380
Somalia,SOM,1989,33595910
Somalia,SOM,1990,32149144
Somalia,SOM,1991,29797468
Somalia,SOM,1992,28707806
Somalia,SOM,1993,31615258
Somalia,SOM,1994,34023856
Somalia,SOM,1995,35079780
Somalia,SOM,1996,35992684
Somalia,SOM,1997,36861204
Somalia,SOM,1998,37031620
Somalia,SOM,1999,37626216
Somalia,SOM,2000,38492364
Somalia,SOM,2001,39939068
Somalia,SOM,2002,41856268
Somalia,SOM,2003,43162800
Somalia,SOM,2004,42276660
Somalia,SOM,2005,41659176
Somalia,SOM,2006,40535932
Somalia,SOM,2007,42467076
Somalia,SOM,2008,41574140
Somalia,SOM,2009,41684796
Somalia,SOM,2010,40986210
Somalia,SOM,2011,41579824
Somalia,SOM,2012,44723256
Somalia,SOM,2013,43162536
Somalia,SOM,2014,42621144
Somalia,SOM,2015,42459176
Somalia,SOM,2016,42564264
Somalia,SOM,2017,42825788
Somalia,SOM,2018,42996588
Somalia,SOM,2019,43733056
Somalia,SOM,2020,44324570
Somalia,SOM,2021,44513444
Somalia,SOM,2022,44988024
Somalia,SOM,2023,45544636
South Africa,ZAF,1850,2952494.2
South Africa,ZAF,1851,3126851.2
South Africa,ZAF,1852,3271059
South Africa,ZAF,1853,3379010.8
South Africa,ZAF,1854,3486010.8
South Africa,ZAF,1855,3589332.2
South Africa,ZAF,1856,3688532.5
South Africa,ZAF,1857,3782291.2
South Africa,ZAF,1858,3869054
South Africa,ZAF,1859,3952010.8
South Africa,ZAF,1860,4408043.5
South Africa,ZAF,1861,4658877.5
South Africa,ZAF,1862,4848120.5
South Africa,ZAF,1863,4988452
South Africa,ZAF,1864,5109791
South Africa,ZAF,1865,5219485
South Africa,ZAF,1866,5339216
South Africa,ZAF,1867,5426669
South Africa,ZAF,1868,5522782.5
South Africa,ZAF,1869,5609457.5
South Africa,ZAF,1870,8538987
South Africa,ZAF,1871,10134698
South Africa,ZAF,1872,11159588
South Africa,ZAF,1873,11850488
South Africa,ZAF,1874,12477413
South Africa,ZAF,1875,13041724
South Africa,ZAF,1876,13524955
South Africa,ZAF,1877,14000811
South Africa,ZAF,1878,14433829
South Africa,ZAF,1879,14780095
South Africa,ZAF,1880,13170140
South Africa,ZAF,1881,12395841
South Africa,ZAF,1882,12028895
South Africa,ZAF,1883,11882733
South Africa,ZAF,1884,11844368
South Africa,ZAF,1885,11746083
South Africa,ZAF,1886,11686567
South Africa,ZAF,1887,11647039
South Africa,ZAF,1888,11648473
South Africa,ZAF,1889,11693226
South Africa,ZAF,1890,13947051
South Africa,ZAF,1891,15014364
South Africa,ZAF,1892,15896282
South Africa,ZAF,1893,17787602
South Africa,ZAF,1894,18845270
South Africa,ZAF,1895,20202874
South Africa,ZAF,1896,21580550
South Africa,ZAF,1897,22558446
South Africa,ZAF,1898,24445072
South Africa,ZAF,1899,24479528
South Africa,ZAF,1900,22513094
South Africa,ZAF,1901,25644546
South Africa,ZAF,1902,28889876
South Africa,ZAF,1903,32220400
South Africa,ZAF,1904,34789210
South Africa,ZAF,1905,37571204
South Africa,ZAF,1906,40608124
South Africa,ZAF,1907,43484468
South Africa,ZAF,1908,45190404
South Africa,ZAF,1909,49176404
South Africa,ZAF,1910,52341308
South Africa,ZAF,1911,53050270
South Africa,ZAF,1912,55384084
South Africa,ZAF,1913,58692870
South Africa,ZAF,1914,59496724
South Africa,ZAF,1915,61015284
South Africa,ZAF,1916,65818684
South Africa,ZAF,1917,69139510
South Africa,ZAF,1918,69148260
South Africa,ZAF,1919,70979630
South Africa,ZAF,1920,76064856
South Africa,ZAF,1921,77639030
South Africa,ZAF,1922,74949310
South Africa,ZAF,1923,81393816
South Africa,ZAF,1924,84135440
South Africa,ZAF,1925,86708500
South Africa,ZAF,1926,88996060
South Africa,ZAF,1927,89016480
South Africa,ZAF,1928,90008330
South Africa,ZAF,1929,92318030
South Africa,ZAF,1930,91208376
South Africa,ZAF,1931,88825210
South Africa,ZAF,1932,87193350
South Africa,ZAF,1933,89766110
South Africa,ZAF,1934,94604000
South Africa,ZAF,1935,98016030
South Africa,ZAF,1936,102199490
South Africa,ZAF,1937,104322180
South Africa,ZAF,1938,106826910
South Africa,ZAF,1939,109065256
South Africa,ZAF,1940,115401656
South Africa,ZAF,1941,121540640
South Africa,ZAF,1942,129187720
South Africa,ZAF,1943,132270000
South Africa,ZAF,1944,140623310
South Africa,ZAF,1945,144548350
South Africa,ZAF,1946,147723410
South Africa,ZAF,1947,149910350
South Africa,ZAF,1948,153295700
South Africa,ZAF,1949,158605920
South Africa,ZAF,1950,159516910
South Africa,ZAF,1951,165910820
South Africa,ZAF,1952,173321940
South Africa,ZAF,1953,174356300
South Africa,ZAF,1954,177318430
South Africa,ZAF,1955,187536450
South Africa,ZAF,1956,192484500
South Africa,ZAF,1957,194672640
South Africa,ZAF,1958,201439020
South Africa,ZAF,1959,199488370
South Africa,ZAF,1960,208034900
South Africa,ZAF,1961,200188980
South Africa,ZAF,1962,197430600
South Africa,ZAF,1963,199176750
South Africa,ZAF,1964,206744860
South Africa,ZAF,1965,214121540
South Africa,ZAF,1966,214483440
South Africa,ZAF,1967,222460660
South Africa,ZAF,1968,226731730
South Africa,ZAF,1969,232767780
South Africa,ZAF,1970,238942200
South Africa,ZAF,1971,256035310
South Africa,ZAF,1972,258163680
South Africa,ZAF,1973,260143760
South Africa,ZAF,1974,264353380
South Africa,ZAF,1975,273208100
South Africa,ZAF,1976,281309900
South Africa,ZAF,1977,288882020
South Africa,ZAF,1978,290976960
South Africa,ZAF,1979,310756260
South Africa,ZAF,1980,321349920
South Africa,ZAF,1981,352840770
South Africa,ZAF,1982,377721300
South Africa,ZAF,1983,390073700
South Africa,ZAF,1984,417035330
South Africa,ZAF,1985,434625400
South Africa,ZAF,1986,437229470
South Africa,ZAF,1987,439473180
South Africa,ZAF,1988,458233860
South Africa,ZAF,1989,459927360
South Africa,ZAF,1990,437762430
South Africa,ZAF,1991,458303260
South Africa,ZAF,1992,436293600
South Africa,ZAF,1993,453286460
South Africa,ZAF,1994,470857200
South Africa,ZAF,1995,498666200
South Africa,ZAF,1996,501192640
South Africa,ZAF,1997,524398750
South Africa,ZAF,1998,517034300
South Africa,ZAF,1999,511316740
South Africa,ZAF,2000,511406460
South Africa,ZAF,2001,502075680
South Africa,ZAF,2002,483401280
South Africa,ZAF,2003,528711230
South Africa,ZAF,2004,572923650
South Africa,ZAF,2005,536842200
South Africa,ZAF,2006,567854900
South Africa,ZAF,2007,592672800
South Africa,ZAF,2008,618312000
South Africa,ZAF,2009,593054100
South Africa,ZAF,2010,577551740
South Africa,ZAF,2011,579340800
South Africa,ZAF,2012,575617400
South Africa,ZAF,2013,574261950
South Africa,ZAF,2014,587511500
South Africa,ZAF,2015,560150500
South Africa,ZAF,2016,568615400
South Africa,ZAF,2017,554205300
South Africa,ZAF,2018,548069500
South Africa,ZAF,2019,577931600
South Africa,ZAF,2020,546878600
South Africa,ZAF,2021,539087100
South Africa,ZAF,2022,517475300
South Africa,ZAF,2023,512957250
South America,,1850,205630350
South America,,1851,209566610
South America,,1852,210218080
South America,,1853,235136860
South America,,1854,210102190
South America,,1855,237858530
South America,,1856,245278020
South America,,1857,252478060
South America,,1858,246299040
South America,,1859,227275300
South America,,1860,196016210
South America,,1861,235115090
South America,,1862,220696020
South America,,1863,190295120
South America,,1864,206500500
South America,,1865,206053710
South America,,1866,191652380
South America,,1867,200661250
South America,,1868,220372320
South America,,1869,199250290
South America,,1870,216173840
South America,,1871,245822670
South America,,1872,240239250
South America,,1873,254043550
South America,,1874,241945650
South America,,1875,279129440
South America,,1876,262319940
South America,,1877,243409220
South America,,1878,268332130
South America,,1879,236428930
South America,,1880,301546080
South America,,1881,317806340
South America,,1882,334847420
South America,,1883,363313180
South America,,1884,363091070
South America,,1885,366391420
South America,,1886,362648600
South America,,1887,413739140
South America,,1888,378036160
South America,,1889,406781800
South America,,1890,373539100
South America,,1891,417168540
South America,,1892,399584320
South America,,1893,427564450
South America,,1894,412958340
South America,,1895,432311170
South America,,1896,428542560
South America,,1897,442034020
South America,,1898,443934530
South America,,1899,472333000
South America,,1900,508594850
South America,,1901,549589300
South America,,1902,580977900
South America,,1903,580282600
South America,,1904,607343500
South America,,1905,631260900
South America,,1906,626755700
South America,,1907,626581900
South America,,1908,664902850
South America,,1909,688922000
South America,,1910,731047230
South America,,1911,820252740
South America,,1912,827335400
South America,,1913,831935000
South America,,1914,846562000
South America,,1915,851134000
South America,,1916,891446340
South America,,1917,901435970
South America,,1918,917359600
South America,,1919,938726100
South America,,1920,995319500
South America,,1921,1020002100
South America,,1922,1063018430
South America,,1923,1107737200
South America,,1924,1120799700
South America,,1925,1145059500
South America,,1926,1168161000
South America,,1927,1221641700
South America,,1928,1206516100
South America,,1929,1193211000
South America,,1930,1090917200
South America,,1931,1025626750
South America,,1932,1073189800
South America,,1933,1068667840
South America,,1934,1056422660
South America,,1935,1052371200
South America,,1936,1072671500
South America,,1937,1074003000
South America,,1938,1067483700
South America,,1939,1031539800
South America,,1940,1192135800
South America,,1941,1262514300
South America,,1942,1306175600
South America,,1943,1318151300
South America,,1944,1331516300
South America,,1945,1320692100
South America,,1946,1345068900
South America,,1947,1360054100
South America,,1948,1383310800
South America,,1949,1394599200
South America,,1950,1625092600
South America,,1951,1745583600
South America,,1952,1850326300
South America,,1953,1891120900
South America,,1954,1950746200
South America,,1955,2087683800
South America,,1956,2172839700
South America,,1957,2244337700
South America,,1958,2266368800
South America,,1959,2463334400
South America,,1960,2429688800
South America,,1961,2458552300
South America,,1962,2421474300
South America,,1963,2424484000
South America,,1964,2496331800
South America,,1965,2375599600
South America,,1966,2353065500
South America,,1967,2337768400
South America,,1968,2303466200
South America,,1969,2301987300
South America,,1970,2630579200
South America,,1971,2463167500
South America,,1972,2467967500
South America,,1973,2505301500
South America,,1974,2574669600
South America,,1975,2614393600
South America,,1976,2728310300
South America,,1977,2714797800
South America,,1978,2781087200
South America,,1979,2829489700
South America,,1980,2899091700
South America,,1981,2819366400
South America,,1982,2858345700
South America,,1983,2825342700
South America,,1984,3133685800
South America,,1985,2821567700
South America,,1986,2868783000
South America,,1987,2888500500
South America,,1988,2855826700
South America,,1989,2898743300
South America,,1990,2985517000
South America,,1991,3105951700
South America,,1992,3232433000
South America,,1993,3349208300
South America,,1994,3798184000
South America,,1995,3790048300
South America,,1996,3763250000
South America,,1997,3978889500
South America,,1998,4232773400
South America,,1999,4194768100
South America,,2000,4018413000
South America,,2001,3948628200
South America,,2002,4275085000
South America,,2003,5297496600
South America,,2004,4726498000
South America,,2005,4472142300
South America,,2006,4383728600
South America,,2007,4233084700
South America,,2008,4145318400
South America,,2009,4047676000
South America,,2010,4033188000
South America,,2011,4129940500
South America,,2012,4371863000
South America,,2013,4211307500
South America,,2014,4216429800
South America,,2015,4082171100
South America,,2016,3888558600
South America,,2017,3878229800
South America,,2018,3796922600
South America,,2019,3812943400
South America,,2020,3752928000
South America,,2021,3982017800
South America,,2022,3892276700
South America,,2023,3857680100
South Korea,KOR,1850,10742522
South Korea,KOR,1851,10838115
South Korea,KOR,1852,10698527
South Korea,KOR,1853,10939328
South Korea,KOR,1854,10980096
South Korea,KOR,1855,11006459
South Korea,KOR,1856,11109988
South Korea,KOR,1857,11046212
South Korea,KOR,1858,11174360
South Korea,KOR,1859,11024908
South Korea,KOR,1860,10995043
South Korea,KOR,1861,11089875
South Korea,KOR,1862,11159898
South Korea,KOR,1863,11164026
South Korea,KOR,1864,11148055
South Korea,KOR,1865,10994201
South Korea,KOR,1866,11218728
South Korea,KOR,1867,11198037
South Korea,KOR,1868,11270852
South Korea,KOR,1869,11266446
South Korea,KOR,1870,11280719
South Korea,KOR,1871,11346003
South Korea,KOR,1872,11301392
South Korea,KOR,1873,11453404
South Korea,KOR,1874,11552462
South Korea,KOR,1875,11711596
South Korea,KOR,1876,11909470
South Korea,KOR,1877,12089233
South Korea,KOR,1878,12530966
South Korea,KOR,1879,12977893
South Korea,KOR,1880,12100730
South Korea,KOR,1881,11188389
South Korea,KOR,1882,10485724
South Korea,KOR,1883,9965565
South Korea,KOR,1884,9493201
South Korea,KOR,1885,9105944
South Korea,KOR,1886,8933298
South Korea,KOR,1887,8617395
South Korea,KOR,1888,8444042
South Korea,KOR,1889,8266418.5
South Korea,KOR,1890,8165783
South Korea,KOR,1891,8132988
South Korea,KOR,1892,8017653.5
South Korea,KOR,1893,7962441
South Korea,KOR,1894,7893227.5
South Korea,KOR,1895,8049953
South Korea,KOR,1896,8292259.5
South Korea,KOR,1897,8450205
South Korea,KOR,1898,8703911
South Korea,KOR,1899,8800300
South Korea,KOR,1900,8937222
South Korea,KOR,1901,9156492
South Korea,KOR,1902,9352140
South Korea,KOR,1903,9466460
South Korea,KOR,1904,9614659
South Korea,KOR,1905,9860591
South Korea,KOR,1906,9995898
South Korea,KOR,1907,10228969
South Korea,KOR,1908,10384330
South Korea,KOR,1909,10592773
South Korea,KOR,1910,11085140
South Korea,KOR,1911,11686688
South Korea,KOR,1912,12304598
South Korea,KOR,1913,12890607
South Korea,KOR,1914,13484162
South Korea,KOR,1915,13866720
South Korea,KOR,1916,14155208
South Korea,KOR,1917,14866793
South Korea,KOR,1918,15057628
South Korea,KOR,1919,15471510
South Korea,KOR,1920,15739208
South Korea,KOR,1921,16059371
South Korea,KOR,1922,16527596
South Korea,KOR,1923,16631385
South Korea,KOR,1924,17390394
South Korea,KOR,1925,17592716
South Korea,KOR,1926,17974010
South Korea,KOR,1927,18618088
South Korea,KOR,1928,19357408
South Korea,KOR,1929,20484972
South Korea,KOR,1930,20311768
South Korea,KOR,1931,20586932
South Korea,KOR,1932,21603474
South Korea,KOR,1933,21984734
South Korea,KOR,1934,23007316
South Korea,KOR,1935,24232834
South Korea,KOR,1936,25211966
South Korea,KOR,1937,26787022
South Korea,KOR,1938,28195526
South Korea,KOR,1939,30485456
South Korea,KOR,1940,31725170
South Korea,KOR,1941,33665116
South Korea,KOR,1942,36405950
South Korea,KOR,1943,38732504
South Korea,KOR,1944,40937790
South Korea,KOR,1945,41610576
South Korea,KOR,1946,44438596
South Korea,KOR,1947,46508710
South Korea,KOR,1948,48906988
South Korea,KOR,1949,50745460
South Korea,KOR,1950,48114572
South Korea,KOR,1951,49141604
South Korea,KOR,1952,49823830
South Korea,KOR,1953,51119110
South Korea,KOR,1954,51401388
South Korea,KOR,1955,52581144
South Korea,KOR,1956,52823036
South Korea,KOR,1957,52509336
South Korea,KOR,1958,51884492
South Korea,KOR,1959,16309944
South Korea,KOR,1960,13060862
South Korea,KOR,1961,13383578
South Korea,KOR,1962,16284404
South Korea,KOR,1963,23299678
South Korea,KOR,1964,25061834
South Korea,KOR,1965,28863278
South Korea,KOR,1966,34359520
South Korea,KOR,1967,39574560
South Korea,KOR,1968,39328410
South Korea,KOR,1969,43849132
South Korea,KOR,1970,57177656
South Korea,KOR,1971,61787700
South Korea,KOR,1972,63795316
South Korea,KOR,1973,78777000
South Korea,KOR,1974,84063750
South Korea,KOR,1975,91284056
South Korea,KOR,1976,102549790
South Korea,KOR,1977,116179480
South Korea,KOR,1978,125003440
South Korea,KOR,1979,145568050
South Korea,KOR,1980,148308930
South Korea,KOR,1981,154783090
South Korea,KOR,1982,155365900
South Korea,KOR,1983,165663090
South Korea,KOR,1984,180296670
South Korea,KOR,1985,190147150
South Korea,KOR,1986,200098260
South Korea,KOR,1987,208964600
South Korea,KOR,1988,235497040
South Korea,KOR,1989,246775280
South Korea,KOR,1990,273947360
South Korea,KOR,1991,302876450
South Korea,KOR,1992,327676600
South Korea,KOR,1993,355762980
South Korea,KOR,1994,382923360
South Korea,KOR,1995,411716450
South Korea,KOR,1996,452547400
South Korea,KOR,1997,480906140
South Korea,KOR,1998,409767650
South Korea,KOR,1999,444353180
South Korea,KOR,2000,474523400
South Korea,KOR,2001,490842100
South Korea,KOR,2002,507069600
South Korea,KOR,2003,516536800
South Korea,KOR,2004,524867940
South Korea,KOR,2005,533677020
South Korea,KOR,2006,538892350
South Korea,KOR,2007,557803800
South Korea,KOR,2008,566225600
South Korea,KOR,2009,572638900
South Korea,KOR,2010,629962240
South Korea,KOR,2011,661308400
South Korea,KOR,2012,666282200
South Korea,KOR,2013,672719170
South Korea,KOR,2014,668110800
South Korea,KOR,2015,673841400
South Korea,KOR,2016,677874500
South Korea,KOR,2017,695344450
South Korea,KOR,2018,711171800
South Korea,KOR,2019,686979600
South Korea,KOR,2020,642406900
South Korea,KOR,2021,662685950
South Korea,KOR,2022,649373600
South Korea,KOR,2023,626952200
South Sudan,SSD,1850,5345278.5
South Sudan,SSD,1851,5355819.5
South Sudan,SSD,1852,5366512.5
South Sudan,SSD,1853,5362568
South Sudan,SSD,1854,5375468.5
South Sudan,SSD,1855,5370168
South Sudan,SSD,1856,5373651
South Sudan,SSD,1857,5374596
South Sudan,SSD,1858,5378608
South Sudan,SSD,1859,5374813.5
South Sudan,SSD,1860,5366977
South Sudan,SSD,1861,5372315.5
South Sudan,SSD,1862,5362941.5
South Sudan,SSD,1863,5368707.5
South Sudan,SSD,1864,5367933
South Sudan,SSD,1865,5365969
South Sudan,SSD,1866,5358759.5
South Sudan,SSD,1867,5357580
South Sudan,SSD,1868,5353959.5
South Sudan,SSD,1869,5352974
South Sudan,SSD,1870,5371681
South Sudan,SSD,1871,5399703
South Sudan,SSD,1872,5433429.5
South Sudan,SSD,1873,5474063
South Sudan,SSD,1874,5524686.5
South Sudan,SSD,1875,5580459
South Sudan,SSD,1876,5640901
South Sudan,SSD,1877,5698324
South Sudan,SSD,1878,5749243.5
South Sudan,SSD,1879,5796514
South Sudan,SSD,1880,5821683.5
South Sudan,SSD,1881,5838828
South Sudan,SSD,1882,5866549
South Sudan,SSD,1883,5868092.5
South Sudan,SSD,1884,5883349.5
South Sudan,SSD,1885,5888674
South Sudan,SSD,1886,5899837
South Sudan,SSD,1887,5912897
South Sudan,SSD,1888,5918297.5
South Sudan,SSD,1889,5931204.5
South Sudan,SSD,1890,5997139
South Sudan,SSD,1891,6018847
South Sudan,SSD,1892,6032138.5
South Sudan,SSD,1893,6052733
South Sudan,SSD,1894,6065371
South Sudan,SSD,1895,6084543.5
South Sudan,SSD,1896,6097712.5
South Sudan,SSD,1897,6111518.5
South Sudan,SSD,1898,6141443.5
South Sudan,SSD,1899,6160905.5
South Sudan,SSD,1900,6201911
South Sudan,SSD,1901,6226497
South Sudan,SSD,1902,6279001
South Sudan,SSD,1903,6317071
South Sudan,SSD,1904,6349406
South Sudan,SSD,1905,6392223
South Sudan,SSD,1906,6440480
South Sudan,SSD,1907,6490581
South Sudan,SSD,1908,6567694
South Sudan,SSD,1909,6623293.5
South Sudan,SSD,1910,6682675
South Sudan,SSD,1911,6783309
South Sudan,SSD,1912,6909097.5
South Sudan,SSD,1913,7023339.5
South Sudan,SSD,1914,7208384.5
South Sudan,SSD,1915,7362967.5
South Sudan,SSD,1916,7554511.5
South Sudan,SSD,1917,7699872
South Sudan,SSD,1918,7835087
South Sudan,SSD,1919,7991429
South Sudan,SSD,1920,8199367.5
South Sudan,SSD,1921,8380299.5
South Sudan,SSD,1922,8599833
South Sudan,SSD,1923,8812040
South Sudan,SSD,1924,9007851
South Sudan,SSD,1925,9195639
South Sudan,SSD,1926,9407426
South Sudan,SSD,1927,9559214
South Sudan,SSD,1928,9728835
South Sudan,SSD,1929,9855074
South Sudan,SSD,1930,9996954
South Sudan,SSD,1931,10114655
South Sudan,SSD,1932,10183342
South Sudan,SSD,1933,10203149
South Sudan,SSD,1934,10213408
South Sudan,SSD,1935,10173478
South Sudan,SSD,1936,10162070
South Sudan,SSD,1937,10171102
South Sudan,SSD,1938,10194940
South Sudan,SSD,1939,10204724
South Sudan,SSD,1940,10463441
South Sudan,SSD,1941,11127328
South Sudan,SSD,1942,12235185
South Sudan,SSD,1943,13721922
South Sudan,SSD,1944,15467280
South Sudan,SSD,1945,17300894
South Sudan,SSD,1946,19145738
South Sudan,SSD,1947,20819588
South Sudan,SSD,1948,22200084
South Sudan,SSD,1949,23219886
South Sudan,SSD,1950,23875964
South Sudan,SSD,1951,24200826
South Sudan,SSD,1952,23897266
South Sudan,SSD,1953,23611230
South Sudan,SSD,1954,23191828
South Sudan,SSD,1955,22602604
South Sudan,SSD,1956,21987052
South Sudan,SSD,1957,21350460
South Sudan,SSD,1958,21146168
South Sudan,SSD,1959,21146806
South Sudan,SSD,1960,21102396
South Sudan,SSD,1961,33737890
South Sudan,SSD,1962,33395112
South Sudan,SSD,1963,33713984
South Sudan,SSD,1964,33762404
South Sudan,SSD,1965,33769876
South Sudan,SSD,1966,34296730
South Sudan,SSD,1967,34696710
South Sudan,SSD,1968,35194596
South Sudan,SSD,1969,35097932
South Sudan,SSD,1970,39052704
South Sudan,SSD,1971,38059332
South Sudan,SSD,1972,37615324
South Sudan,SSD,1973,40480510
South Sudan,SSD,1974,33300244
South Sudan,SSD,1975,35435250
South Sudan,SSD,1976,36209596
South Sudan,SSD,1977,40577710
South Sudan,SSD,1978,35219624
South Sudan,SSD,1979,38478350
South Sudan,SSD,1980,46502810
South Sudan,SSD,1981,40773040
South Sudan,SSD,1982,47252496
South Sudan,SSD,1983,43283390
South Sudan,SSD,1984,42085640
South Sudan,SSD,1985,39302790
South Sudan,SSD,1986,39249990
South Sudan,SSD,1987,40082560
South Sudan,SSD,1988,38344428
South Sudan,SSD,1989,41521484
South Sudan,SSD,1990,44182260
South Sudan,SSD,1991,39733696
South Sudan,SSD,1992,56388308
South Sudan,SSD,1993,59655176
South Sudan,SSD,1994,59098828
South Sudan,SSD,1995,57690344
South Sudan,SSD,1996,58504970
South Sudan,SSD,1997,56593890
South Sudan,SSD,1998,58259264
South Sudan,SSD,1999,58616864
South Sudan,SSD,2000,61911324
South Sudan,SSD,2001,52166210
South Sudan,SSD,2002,57128228
South Sudan,SSD,2003,62138364
South Sudan,SSD,2004,61514948
South Sudan,SSD,2005,65418416
South Sudan,SSD,2006,59754630
South Sudan,SSD,2007,64939284
South Sudan,SSD,2008,63929230
South Sudan,SSD,2009,63925790
South Sudan,SSD,2010,60092680
South Sudan,SSD,2011,60442704
South Sudan,SSD,2012,66541016
South Sudan,SSD,2013,62752028
South Sudan,SSD,2014,62862764
South Sudan,SSD,2015,62346236
South Sudan,SSD,2016,62045332
South Sudan,SSD,2017,60774976
South Sudan,SSD,2018,60388236
South Sudan,SSD,2019,57493040
South Sudan,SSD,2020,63962236
South Sudan,SSD,2021,59595360
South Sudan,SSD,2022,66250816
South Sudan,SSD,2023,64298440
Spain,ESP,1850,24604706
Spain,ESP,1851,23898838
Spain,ESP,1852,23500756
Spain,ESP,1853,23414182
Spain,ESP,1854,23115136
Spain,ESP,1855,22913208
Spain,ESP,1856,22904722
Spain,ESP,1857,22786654
Spain,ESP,1858,22970058
Spain,ESP,1859,23334500
Spain,ESP,1860,23017512
Spain,ESP,1861,22817770
Spain,ESP,1862,22815004
Spain,ESP,1863,22842656
Spain,ESP,1864,22494802
Spain,ESP,1865,22286824
Spain,ESP,1866,22053604
Spain,ESP,1867,22310706
Spain,ESP,1868,22191522
Spain,ESP,1869,22068630
Spain,ESP,1870,22246724
Spain,ESP,1871,21879288
Spain,ESP,1872,22097162
Spain,ESP,1873,21885390
Spain,ESP,1874,21822520
Spain,ESP,1875,21995194
Spain,ESP,1876,22264316
Spain,ESP,1877,22438478
Spain,ESP,1878,22440746
Spain,ESP,1879,22670172
Spain,ESP,1880,22154650
Spain,ESP,1881,22430276
Spain,ESP,1882,22770490
Spain,ESP,1883,23213002
Spain,ESP,1884,23057370
Spain,ESP,1885,22879834
Spain,ESP,1886,23131474
Spain,ESP,1887,23245900
Spain,ESP,1888,23444178
Spain,ESP,1889,23872564
Spain,ESP,1890,26961568
Spain,ESP,1891,28890634
Spain,ESP,1892,30068866
Spain,ESP,1893,30326934
Spain,ESP,1894,31370438
Spain,ESP,1895,31552854
Spain,ESP,1896,32554588
Spain,ESP,1897,33035382
Spain,ESP,1898,33125988
Spain,ESP,1899,34699664
Spain,ESP,1900,35290460
Spain,ESP,1901,36021750
Spain,ESP,1902,36724260
Spain,ESP,1903,36654172
Spain,ESP,1904,37534580
Spain,ESP,1905,38389776
Spain,ESP,1906,38674300
Spain,ESP,1907,38867508
Spain,ESP,1908,39391236
Spain,ESP,1909,39826310
Spain,ESP,1910,41758800
Spain,ESP,1911,42451748
Spain,ESP,1912,44374104
Spain,ESP,1913,46213572
Spain,ESP,1914,46366884
Spain,ESP,1915,44417670
Spain,ESP,1916,47293652
Spain,ESP,1917,45353228
Spain,ESP,1918,46456664
Spain,ESP,1919,45709170
Spain,ESP,1920,44865830
Spain,ESP,1921,46361730
Spain,ESP,1922,47058564
Spain,ESP,1923,49851116
Spain,ESP,1924,51371820
Spain,ESP,1925,52653164
Spain,ESP,1926,51967508
Spain,ESP,1927,55648948
Spain,ESP,1928,56026764
Spain,ESP,1929,59038164
Spain,ESP,1930,58484188
Spain,ESP,1931,57478976
Spain,ESP,1932,56467164
Spain,ESP,1933,54007708
Spain,ESP,1934,55904812
Spain,ESP,1935,58776950
Spain,ESP,1936,44038560
Spain,ESP,1937,41319916
Spain,ESP,1938,50361508
Spain,ESP,1939,53556160
Spain,ESP,1940,53562184
Spain,ESP,1941,51646320
Spain,ESP,1942,52640932
Spain,ESP,1943,53559170
Spain,ESP,1944,56153572
Spain,ESP,1945,59159092
Spain,ESP,1946,59935440
Spain,ESP,1947,63615428
Spain,ESP,1948,65971816
Spain,ESP,1949,69991496
Spain,ESP,1950,68466720
Spain,ESP,1951,69531160
Spain,ESP,1952,75018680
Spain,ESP,1953,77405170
Spain,ESP,1954,79359870
Spain,ESP,1955,80911300
Spain,ESP,1956,84682380
Spain,ESP,1957,94427430
Spain,ESP,1958,102086660
Spain,ESP,1959,106248360
Spain,ESP,1960,93843130
Spain,ESP,1961,101283480
Spain,ESP,1962,105152216
Spain,ESP,1963,100854776
Spain,ESP,1964,107199976
Spain,ESP,1965,109513700
Spain,ESP,1966,129072420
Spain,ESP,1967,131278936
Spain,ESP,1968,160272430
Spain,ESP,1969,150078200
Spain,ESP,1970,193701950
Spain,ESP,1971,189074990
Spain,ESP,1972,198832060
Spain,ESP,1973,206397280
Spain,ESP,1974,223008270
Spain,ESP,1975,228735380
Spain,ESP,1976,245485600
Spain,ESP,1977,243320290
Spain,ESP,1978,249396320
Spain,ESP,1979,252375970
Spain,ESP,1980,264722740
Spain,ESP,1981,256229800
Spain,ESP,1982,262459760
Spain,ESP,1983,255715870
Spain,ESP,1984,250829170
Spain,ESP,1985,253248220
Spain,ESP,1986,244172900
Spain,ESP,1987,243300140
Spain,ESP,1988,255224370
Spain,ESP,1989,281732580
Spain,ESP,1990,286842560
Spain,ESP,1991,294724000
Spain,ESP,1992,298071070
Spain,ESP,1993,288793500
Spain,ESP,1994,290235870
Spain,ESP,1995,325914720
Spain,ESP,1996,311427230
Spain,ESP,1997,315463330
Spain,ESP,1998,334666270
Spain,ESP,1999,357497700
Spain,ESP,2000,366208350
Spain,ESP,2001,371373400
Spain,ESP,2002,395617000
Spain,ESP,2003,403217760
Spain,ESP,2004,415476450
Spain,ESP,2005,426566900
Spain,ESP,2006,415751260
Spain,ESP,2007,426040060
Spain,ESP,2008,390615300
Spain,ESP,2009,353437860
Spain,ESP,2010,336454400
Spain,ESP,2011,353413540
Spain,ESP,2012,331114300
Spain,ESP,2013,305802850
Spain,ESP,2014,308413300
Spain,ESP,2015,324089500
Spain,ESP,2016,313607200
Spain,ESP,2017,330348400
Spain,ESP,2018,326443940
Spain,ESP,2019,307787620
Spain,ESP,2020,270245920
Spain,ESP,2021,288960600
Spain,ESP,2022,295155700
Spain,ESP,2023,282617760
Sri Lanka,LKA,1850,13241994
Sri Lanka,LKA,1851,12699945
Sri Lanka,LKA,1852,12234087
Sri Lanka,LKA,1853,12078162
Sri Lanka,LKA,1854,12432636
Sri Lanka,LKA,1855,12329338
Sri Lanka,LKA,1856,12148107
Sri Lanka,LKA,1857,12278613
Sri Lanka,LKA,1858,12313989
Sri Lanka,LKA,1859,12757791
Sri Lanka,LKA,1860,11371806
Sri Lanka,LKA,1861,9705252
Sri Lanka,LKA,1862,9252418
Sri Lanka,LKA,1863,9439025
Sri Lanka,LKA,1864,8941250
Sri Lanka,LKA,1865,8723432
Sri Lanka,LKA,1866,8625899
Sri Lanka,LKA,1867,8731570
Sri Lanka,LKA,1868,8790489
Sri Lanka,LKA,1869,8245253.5
Sri Lanka,LKA,1870,6519659
Sri Lanka,LKA,1871,5789829
Sri Lanka,LKA,1872,5418423.5
Sri Lanka,LKA,1873,5202662.5
Sri Lanka,LKA,1874,5206052
Sri Lanka,LKA,1875,4986857
Sri Lanka,LKA,1876,4869533.5
Sri Lanka,LKA,1877,4774253
Sri Lanka,LKA,1878,4687978.5
Sri Lanka,LKA,1879,4620478.5
Sri Lanka,LKA,1880,5415532
Sri Lanka,LKA,1881,5715033.5
Sri Lanka,LKA,1882,6183149
Sri Lanka,LKA,1883,6174789.5
Sri Lanka,LKA,1884,6332366
Sri Lanka,LKA,1885,6341593.5
Sri Lanka,LKA,1886,6542289.5
Sri Lanka,LKA,1887,6436979.5
Sri Lanka,LKA,1888,6455334.5
Sri Lanka,LKA,1889,6886637
Sri Lanka,LKA,1890,7943183
Sri Lanka,LKA,1891,9907509
Sri Lanka,LKA,1892,10191732
Sri Lanka,LKA,1893,9797961
Sri Lanka,LKA,1894,10496939
Sri Lanka,LKA,1895,10145929
Sri Lanka,LKA,1896,10680127
Sri Lanka,LKA,1897,12070293
Sri Lanka,LKA,1898,11233211
Sri Lanka,LKA,1899,12115967
Sri Lanka,LKA,1900,11305586
Sri Lanka,LKA,1901,9991632
Sri Lanka,LKA,1902,9373340
Sri Lanka,LKA,1903,9912055
Sri Lanka,LKA,1904,9469629
Sri Lanka,LKA,1905,10189722
Sri Lanka,LKA,1906,10620271
Sri Lanka,LKA,1907,9982805
Sri Lanka,LKA,1908,9487276
Sri Lanka,LKA,1909,10862333
Sri Lanka,LKA,1910,9419252
Sri Lanka,LKA,1911,9733079
Sri Lanka,LKA,1912,9100072
Sri Lanka,LKA,1913,9232903
Sri Lanka,LKA,1914,10030808
Sri Lanka,LKA,1915,9194997
Sri Lanka,LKA,1916,9523776
Sri Lanka,LKA,1917,9286923
Sri Lanka,LKA,1918,9343501
Sri Lanka,LKA,1919,10211423
Sri Lanka,LKA,1920,9144136
Sri Lanka,LKA,1921,9074351
Sri Lanka,LKA,1922,8935088
Sri Lanka,LKA,1923,9074777
Sri Lanka,LKA,1924,8850401
Sri Lanka,LKA,1925,8922813
Sri Lanka,LKA,1926,8891807
Sri Lanka,LKA,1927,8994261
Sri Lanka,LKA,1928,9370159
Sri Lanka,LKA,1929,9294145
Sri Lanka,LKA,1930,9501395
Sri Lanka,LKA,1931,9626299
Sri Lanka,LKA,1932,9947892
Sri Lanka,LKA,1933,9983643
Sri Lanka,LKA,1934,10074177
Sri Lanka,LKA,1935,10196492
Sri Lanka,LKA,1936,10772139
Sri Lanka,LKA,1937,10587664
Sri Lanka,LKA,1938,11113569
Sri Lanka,LKA,1939,10972662
Sri Lanka,LKA,1940,14478214
Sri Lanka,LKA,1941,16763395
Sri Lanka,LKA,1942,17876058
Sri Lanka,LKA,1943,19738964
Sri Lanka,LKA,1944,21117100
Sri Lanka,LKA,1945,21066616
Sri Lanka,LKA,1946,21705538
Sri Lanka,LKA,1947,22310636
Sri Lanka,LKA,1948,22095026
Sri Lanka,LKA,1949,24356882
Sri Lanka,LKA,1950,22759654
Sri Lanka,LKA,1951,22296838
Sri Lanka,LKA,1952,22182818
Sri Lanka,LKA,1953,23087424
Sri Lanka,LKA,1954,23163090
Sri Lanka,LKA,1955,24297706
Sri Lanka,LKA,1956,24422424
Sri Lanka,LKA,1957,26978840
Sri Lanka,LKA,1958,27085108
Sri Lanka,LKA,1959,25086342
Sri Lanka,LKA,1960,22924838
Sri Lanka,LKA,1961,21751312
Sri Lanka,LKA,1962,74332600
Sri Lanka,LKA,1963,54543764
Sri Lanka,LKA,1964,46814510
Sri Lanka,LKA,1965,39522496
Sri Lanka,LKA,1966,36287076
Sri Lanka,LKA,1967,37162950
Sri Lanka,LKA,1968,32988276
Sri Lanka,LKA,1969,31913096
Sri Lanka,LKA,1970,30664634
Sri Lanka,LKA,1971,30064666
Sri Lanka,LKA,1972,29201054
Sri Lanka,LKA,1973,29077056
Sri Lanka,LKA,1974,28072890
Sri Lanka,LKA,1975,31596328
Sri Lanka,LKA,1976,33644010
Sri Lanka,LKA,1977,35082508
Sri Lanka,LKA,1978,29937968
Sri Lanka,LKA,1979,28522552
Sri Lanka,LKA,1980,27717608
Sri Lanka,LKA,1981,27692342
Sri Lanka,LKA,1982,28800416
Sri Lanka,LKA,1983,28632456
Sri Lanka,LKA,1984,28523364
Sri Lanka,LKA,1985,29029690
Sri Lanka,LKA,1986,28445842
Sri Lanka,LKA,1987,27676928
Sri Lanka,LKA,1988,27249552
Sri Lanka,LKA,1989,26263994
Sri Lanka,LKA,1990,26735644
Sri Lanka,LKA,1991,27586178
Sri Lanka,LKA,1992,28830822
Sri Lanka,LKA,1993,29594864
Sri Lanka,LKA,1994,32648838
Sri Lanka,LKA,1995,32196922
Sri Lanka,LKA,1996,32813352
Sri Lanka,LKA,1997,31062600
Sri Lanka,LKA,1998,30420116
Sri Lanka,LKA,1999,30602948
Sri Lanka,LKA,2000,31796866
Sri Lanka,LKA,2001,31045786
Sri Lanka,LKA,2002,32694378
Sri Lanka,LKA,2003,34022136
Sri Lanka,LKA,2004,52344108
Sri Lanka,LKA,2005,39267256
Sri Lanka,LKA,2006,38692090
Sri Lanka,LKA,2007,54629336
Sri Lanka,LKA,2008,46690220
Sri Lanka,LKA,2009,43949524
Sri Lanka,LKA,2010,50233190
Sri Lanka,LKA,2011,46736656
Sri Lanka,LKA,2012,42164904
Sri Lanka,LKA,2013,39863580
Sri Lanka,LKA,2014,40598164
Sri Lanka,LKA,2015,45045730
Sri Lanka,LKA,2016,46736996
Sri Lanka,LKA,2017,43654670
Sri Lanka,LKA,2018,40761350
Sri Lanka,LKA,2019,41457700
Sri Lanka,LKA,2020,41497200
Sri Lanka,LKA,2021,43652524
Sri Lanka,LKA,2022,40329090
Sri Lanka,LKA,2023,41167228
Sudan,SDN,1850,12745389
Sudan,SDN,1851,12764120
Sudan,SDN,1852,12793433
Sudan,SDN,1853,12824835
Sudan,SDN,1854,12843850
Sudan,SDN,1855,12862155
Sudan,SDN,1856,12899508
Sudan,SDN,1857,12917742
Sudan,SDN,1858,12947810
Sudan,SDN,1859,12997420
Sudan,SDN,1860,12984865
Sudan,SDN,1861,13028284
Sudan,SDN,1862,13042225
Sudan,SDN,1863,13099803
Sudan,SDN,1864,13138053
Sudan,SDN,1865,13195395
Sudan,SDN,1866,13233769
Sudan,SDN,1867,13269410
Sudan,SDN,1868,13316297
Sudan,SDN,1869,13357641
Sudan,SDN,1870,13431905
Sudan,SDN,1871,13497709
Sudan,SDN,1872,13582715
Sudan,SDN,1873,13669937
Sudan,SDN,1874,13725136
Sudan,SDN,1875,13803817
Sudan,SDN,1876,13868304
Sudan,SDN,1877,13968114
Sudan,SDN,1878,14065359
Sudan,SDN,1879,14197190
Sudan,SDN,1880,14339093
Sudan,SDN,1881,14445162
Sudan,SDN,1882,14590210
Sudan,SDN,1883,14735686
Sudan,SDN,1884,14895517
Sudan,SDN,1885,15042401
Sudan,SDN,1886,15184172
Sudan,SDN,1887,15344291
Sudan,SDN,1888,15502777
Sudan,SDN,1889,15661315
Sudan,SDN,1890,15876900
Sudan,SDN,1891,16056999
Sudan,SDN,1892,16264488
Sudan,SDN,1893,16421635
Sudan,SDN,1894,16611503
Sudan,SDN,1895,16774643
Sudan,SDN,1896,16966262
Sudan,SDN,1897,17135282
Sudan,SDN,1898,17348316
Sudan,SDN,1899,17567724
Sudan,SDN,1900,17954622
Sudan,SDN,1901,18114716
Sudan,SDN,1902,18342988
Sudan,SDN,1903,18529260
Sudan,SDN,1904,18740480
Sudan,SDN,1905,18960688
Sudan,SDN,1906,19185876
Sudan,SDN,1907,19390516
Sudan,SDN,1908,19615576
Sudan,SDN,1909,19851496
Sudan,SDN,1910,20222490
Sudan,SDN,1911,20591052
Sudan,SDN,1912,20948898
Sudan,SDN,1913,21281262
Sudan,SDN,1914,21659290
Sudan,SDN,1915,22004960
Sudan,SDN,1916,22371312
Sudan,SDN,1917,22717966
Sudan,SDN,1918,23068598
Sudan,SDN,1919,23396600
Sudan,SDN,1920,24036248
Sudan,SDN,1921,24434586
Sudan,SDN,1922,24834782
Sudan,SDN,1923,25160730
Sudan,SDN,1924,25452156
Sudan,SDN,1925,25728048
Sudan,SDN,1926,26033990
Sudan,SDN,1927,26708524
Sudan,SDN,1928,26687744
Sudan,SDN,1929,26698400
Sudan,SDN,1930,27197896
Sudan,SDN,1931,27428072
Sudan,SDN,1932,27791318
Sudan,SDN,1933,28067886
Sudan,SDN,1934,28323408
Sudan,SDN,1935,28435040
Sudan,SDN,1936,28458260
Sudan,SDN,1937,28723996
Sudan,SDN,1938,29030354
Sudan,SDN,1939,29215650
Sudan,SDN,1940,31198924
Sudan,SDN,1941,32498780
Sudan,SDN,1942,33843416
Sudan,SDN,1943,34955996
Sudan,SDN,1944,36190076
Sudan,SDN,1945,37389892
Sudan,SDN,1946,38578310
Sudan,SDN,1947,39535596
Sudan,SDN,1948,40342516
Sudan,SDN,1949,40960050
Sudan,SDN,1950,43140560
Sudan,SDN,1951,44620210
Sudan,SDN,1952,45741756
Sudan,SDN,1953,46794996
Sudan,SDN,1954,47662100
Sudan,SDN,1955,48438744
Sudan,SDN,1956,49286590
Sudan,SDN,1957,50306148
Sudan,SDN,1958,51402276
Sudan,SDN,1959,52423150
Sudan,SDN,1960,53344520
Sudan,SDN,1961,49934228
Sudan,SDN,1962,47660876
Sudan,SDN,1963,47833204
Sudan,SDN,1964,48758990
Sudan,SDN,1965,49024704
Sudan,SDN,1966,50561840
Sudan,SDN,1967,52111170
Sudan,SDN,1968,53512444
Sudan,SDN,1969,53817400
Sudan,SDN,1970,55056144
Sudan,SDN,1971,55494224
Sudan,SDN,1972,56398944
Sudan,SDN,1973,56922670
Sudan,SDN,1974,57304640
Sudan,SDN,1975,57540652
Sudan,SDN,1976,57570576
Sudan,SDN,1977,56469116
Sudan,SDN,1978,54253104
Sudan,SDN,1979,55548360
Sudan,SDN,1980,58316460
Sudan,SDN,1981,59425380
Sudan,SDN,1982,63400790
Sudan,SDN,1983,63787828
Sudan,SDN,1984,64715132
Sudan,SDN,1985,65918824
Sudan,SDN,1986,64378404
Sudan,SDN,1987,63604212
Sudan,SDN,1988,64480796
Sudan,SDN,1989,65426636
Sudan,SDN,1990,69402260
Sudan,SDN,1991,70225310
Sudan,SDN,1992,118478740
Sudan,SDN,1993,108665464
Sudan,SDN,1994,125644090
Sudan,SDN,1995,116770780
Sudan,SDN,1996,102978030
Sudan,SDN,1997,95724024
Sudan,SDN,1998,94242280
Sudan,SDN,1999,95820456
Sudan,SDN,2000,104575300
Sudan,SDN,2001,110214480
Sudan,SDN,2002,145185870
Sudan,SDN,2003,135248080
Sudan,SDN,2004,143074240
Sudan,SDN,2005,132937780
Sudan,SDN,2006,137855420
Sudan,SDN,2007,136881170
Sudan,SDN,2008,151144300
Sudan,SDN,2009,145351680
Sudan,SDN,2010,169682540
Sudan,SDN,2011,199583920
Sudan,SDN,2012,176044370
Sudan,SDN,2013,161253870
Sudan,SDN,2014,162290800
Sudan,SDN,2015,158430270
Sudan,SDN,2016,163263280
Sudan,SDN,2017,162979040
Sudan,SDN,2018,154298540
Sudan,SDN,2019,152133490
Sudan,SDN,2020,150589280
Sudan,SDN,2021,152214050
Sudan,SDN,2022,148533360
Sudan,SDN,2023,149090860
Suriname,SUR,1850,270976.22
Suriname,SUR,1851,261685.11
Suriname,SUR,1852,258127.61
Suriname,SUR,1853,260019.44
Suriname,SUR,1854,261058.19
Suriname,SUR,1855,266354.78
Suriname,SUR,1856,263332.2
Suriname,SUR,1857,265171.34
Suriname,SUR,1858,266265.94
Suriname,SUR,1859,265104.28
Suriname,SUR,1860,287162.47
Suriname,SUR,1861,296439.12
Suriname,SUR,1862,332993.72
Suriname,SUR,1863,314957.2
Suriname,SUR,1864,313619.2
Suriname,SUR,1865,313554.5
Suriname,SUR,1866,319105
Suriname,SUR,1867,318632.06
Suriname,SUR,1868,321356.25
Suriname,SUR,1869,333671.34
Suriname,SUR,1870,328454.78
Suriname,SUR,1871,354590.12
Suriname,SUR,1872,336122.8
Suriname,SUR,1873,333062.47
Suriname,SUR,1874,332900.9
Suriname,SUR,1875,338007
Suriname,SUR,1876,335577.28
Suriname,SUR,1877,336706.75
Suriname,SUR,1878,337875.9
Suriname,SUR,1879,373614.56
Suriname,SUR,1880,346004.47
Suriname,SUR,1881,343336.97
Suriname,SUR,1882,366121.88
Suriname,SUR,1883,352172.47
Suriname,SUR,1884,348961.25
Suriname,SUR,1885,350795.88
Suriname,SUR,1886,349075.78
Suriname,SUR,1887,352449.56
Suriname,SUR,1888,365893.2
Suriname,SUR,1889,359250.56
Suriname,SUR,1890,364046.8
Suriname,SUR,1891,368287.8
Suriname,SUR,1892,399933.03
Suriname,SUR,1893,382546.3
Suriname,SUR,1894,382085.75
Suriname,SUR,1895,382701.38
Suriname,SUR,1896,384866.47
Suriname,SUR,1897,386576.2
Suriname,SUR,1898,391038.47
Suriname,SUR,1899,392039.78
Suriname,SUR,1900,393992.16
Suriname,SUR,1901,397266.1
Suriname,SUR,1902,400065.22
Suriname,SUR,1903,402785.66
Suriname,SUR,1904,444460.47
Suriname,SUR,1905,421125.84
Suriname,SUR,1906,420710.94
Suriname,SUR,1907,436732.38
Suriname,SUR,1908,429204.3
Suriname,SUR,1909,429364.94
Suriname,SUR,1910,492571.5
Suriname,SUR,1911,521828.38
Suriname,SUR,1912,537670.06
Suriname,SUR,1913,549428
Suriname,SUR,1914,560518.25
Suriname,SUR,1915,601946.44
Suriname,SUR,1916,601750.56
Suriname,SUR,1917,602122.25
Suriname,SUR,1918,606973.7
Suriname,SUR,1919,612924.5
Suriname,SUR,1920,631093.9
Suriname,SUR,1921,686132.56
Suriname,SUR,1922,667646.8
Suriname,SUR,1923,682143.2
Suriname,SUR,1924,681550.6
Suriname,SUR,1925,689752.1
Suriname,SUR,1926,697854.25
Suriname,SUR,1927,709682.94
Suriname,SUR,1928,752897.2
Suriname,SUR,1929,735793.1
Suriname,SUR,1930,653300.4
Suriname,SUR,1931,623919.75
Suriname,SUR,1932,612452.06
Suriname,SUR,1933,609957.3
Suriname,SUR,1934,606756.44
Suriname,SUR,1935,605787.2
Suriname,SUR,1936,607323.7
Suriname,SUR,1937,605143.9
Suriname,SUR,1938,606482.3
Suriname,SUR,1939,602909.1
Suriname,SUR,1940,595179.7
Suriname,SUR,1941,595689.5
Suriname,SUR,1942,596379.06
Suriname,SUR,1943,598815.8
Suriname,SUR,1944,599613.5
Suriname,SUR,1945,603883.06
Suriname,SUR,1946,609105.4
Suriname,SUR,1947,616345.8
Suriname,SUR,1948,626657.06
Suriname,SUR,1949,637079.7
Suriname,SUR,1950,981399.1
Suriname,SUR,1951,1016114.5
Suriname,SUR,1952,1056098.5
Suriname,SUR,1953,1102540.9
Suriname,SUR,1954,1142179
Suriname,SUR,1955,1153239.9
Suriname,SUR,1956,1181167.2
Suriname,SUR,1957,1217297.1
Suriname,SUR,1958,1158336.1
Suriname,SUR,1959,1205436.5
Suriname,SUR,1960,1329557.5
Suriname,SUR,1961,1550686.8
Suriname,SUR,1962,1520257.8
Suriname,SUR,1963,2444070.2
Suriname,SUR,1964,2148060.2
Suriname,SUR,1965,2062007.1
Suriname,SUR,1966,2232649.2
Suriname,SUR,1967,2509385.5
Suriname,SUR,1968,3254281
Suriname,SUR,1969,3041970.8
Suriname,SUR,1970,3782084.2
Suriname,SUR,1971,3535087.5
Suriname,SUR,1972,3815881
Suriname,SUR,1973,3949768.2
Suriname,SUR,1974,3372651
Suriname,SUR,1975,3829233
Suriname,SUR,1976,3983820.2
Suriname,SUR,1977,3818553.5
Suriname,SUR,1978,4516875.5
Suriname,SUR,1979,5117535.5
Suriname,SUR,1980,5412500.5
Suriname,SUR,1981,4989815.5
Suriname,SUR,1982,4603141.5
Suriname,SUR,1983,4217891
Suriname,SUR,1984,4532937.5
Suriname,SUR,1985,4484582
Suriname,SUR,1986,5158644.5
Suriname,SUR,1987,4670567
Suriname,SUR,1988,4304432.5
Suriname,SUR,1989,4152083
Suriname,SUR,1990,4195175
Suriname,SUR,1991,5506634.5
Suriname,SUR,1992,6435591
Suriname,SUR,1993,5416536.5
Suriname,SUR,1994,5578451
Suriname,SUR,1995,5644460
Suriname,SUR,1996,5025753.5
Suriname,SUR,1997,4837274.5
Suriname,SUR,1998,5552425.5
Suriname,SUR,1999,5051015
Suriname,SUR,2000,5505842
Suriname,SUR,2001,5021253.5
Suriname,SUR,2002,5362469
Suriname,SUR,2003,5404747
Suriname,SUR,2004,4383715.5
Suriname,SUR,2005,4168751.5
Suriname,SUR,2006,3983734.8
Suriname,SUR,2007,4269211
Suriname,SUR,2008,6359700.5
Suriname,SUR,2009,5072780
Suriname,SUR,2010,5709454.5
Suriname,SUR,2011,5670729
Suriname,SUR,2012,7326392.5
Suriname,SUR,2013,7857347
Suriname,SUR,2014,7220966.5
Suriname,SUR,2015,6411578.5
Suriname,SUR,2016,6818486.5
Suriname,SUR,2017,6333196
Suriname,SUR,2018,5876084.5
Suriname,SUR,2019,6525825
Suriname,SUR,2020,6604599
Suriname,SUR,2021,6341003.5
Suriname,SUR,2022,6276767
Suriname,SUR,2023,6286278
Sweden,SWE,1850,26708596
Sweden,SWE,1851,26737298
Sweden,SWE,1852,26956630
Sweden,SWE,1853,26936954
Sweden,SWE,1854,27136600
Sweden,SWE,1855,27383404
Sweden,SWE,1856,27672110
Sweden,SWE,1857,27814342
Sweden,SWE,1858,27714760
Sweden,SWE,1859,28495698
Sweden,SWE,1860,28312104
Sweden,SWE,1861,28540850
Sweden,SWE,1862,29122796
Sweden,SWE,1863,29215580
Sweden,SWE,1864,29400362
Sweden,SWE,1865,29472538
Sweden,SWE,1866,29654556
Sweden,SWE,1867,29805930
Sweden,SWE,1868,30143416
Sweden,SWE,1869,30100562
Sweden,SWE,1870,30533014
Sweden,SWE,1871,30644920
Sweden,SWE,1872,31255398
Sweden,SWE,1873,31641182
Sweden,SWE,1874,31742978
Sweden,SWE,1875,32294816
Sweden,SWE,1876,32645046
Sweden,SWE,1877,32897300
Sweden,SWE,1878,33028458
Sweden,SWE,1879,33111542
Sweden,SWE,1880,32560816
Sweden,SWE,1881,31625800
Sweden,SWE,1882,32271086
Sweden,SWE,1883,32107972
Sweden,SWE,1884,31785710
Sweden,SWE,1885,32029736
Sweden,SWE,1886,31899766
Sweden,SWE,1887,31950390
Sweden,SWE,1888,32526640
Sweden,SWE,1889,32675524
Sweden,SWE,1890,32992486
Sweden,SWE,1891,33360944
Sweden,SWE,1892,34009224
Sweden,SWE,1893,33618464
Sweden,SWE,1894,34396130
Sweden,SWE,1895,34623600
Sweden,SWE,1896,35177664
Sweden,SWE,1897,35859988
Sweden,SWE,1898,36581764
Sweden,SWE,1899,38371436
Sweden,SWE,1900,38429416
Sweden,SWE,1901,38048670
Sweden,SWE,1902,38815900
Sweden,SWE,1903,39630896
Sweden,SWE,1904,40904136
Sweden,SWE,1905,40483896
Sweden,SWE,1906,41605516
Sweden,SWE,1907,43558496
Sweden,SWE,1908,44462104
Sweden,SWE,1909,43575140
Sweden,SWE,1910,42974856
Sweden,SWE,1911,42337404
Sweden,SWE,1912,43564068
Sweden,SWE,1913,45026716
Sweden,SWE,1914,43816988
Sweden,SWE,1915,44505064
Sweden,SWE,1916,44851084
Sweden,SWE,1917,35404840
Sweden,SWE,1918,36510916
Sweden,SWE,1919,35987950
Sweden,SWE,1920,38327704
Sweden,SWE,1921,33688572
Sweden,SWE,1922,38103784
Sweden,SWE,1923,39930948
Sweden,SWE,1924,41708308
Sweden,SWE,1925,39835160
Sweden,SWE,1926,39432904
Sweden,SWE,1927,44288744
Sweden,SWE,1928,42450824
Sweden,SWE,1929,45002444
Sweden,SWE,1930,43969620
Sweden,SWE,1931,43985028
Sweden,SWE,1932,42849268
Sweden,SWE,1933,42948148
Sweden,SWE,1934,44517504
Sweden,SWE,1935,45491870
Sweden,SWE,1936,47117524
Sweden,SWE,1937,50421910
Sweden,SWE,1938,46896492
Sweden,SWE,1939,49910548
Sweden,SWE,1940,39302856
Sweden,SWE,1941,35652788
Sweden,SWE,1942,33891156
Sweden,SWE,1943,37015004
Sweden,SWE,1944,34009664
Sweden,SWE,1945,26601888
Sweden,SWE,1946,39847224
Sweden,SWE,1947,48201690
Sweden,SWE,1948,54149876
Sweden,SWE,1949,49933084
Sweden,SWE,1950,52041744
Sweden,SWE,1951,56379864
Sweden,SWE,1952,56654920
Sweden,SWE,1953,52769564
Sweden,SWE,1954,53711810
Sweden,SWE,1955,57176508
Sweden,SWE,1956,59506012
Sweden,SWE,1957,52043080
Sweden,SWE,1958,52257724
Sweden,SWE,1959,42520444
Sweden,SWE,1960,51584508
Sweden,SWE,1961,49321708
Sweden,SWE,1962,50728292
Sweden,SWE,1963,53897556
Sweden,SWE,1964,58265620
Sweden,SWE,1965,61269896
Sweden,SWE,1966,72429400
Sweden,SWE,1967,68632500
Sweden,SWE,1968,79627820
Sweden,SWE,1969,89559050
Sweden,SWE,1970,96185570
Sweden,SWE,1971,89218340
Sweden,SWE,1972,89469880
Sweden,SWE,1973,94334310
Sweden,SWE,1974,87349790
Sweden,SWE,1975,88262300
Sweden,SWE,1976,96508300
Sweden,SWE,1977,93142840
Sweden,SWE,1978,86762240
Sweden,SWE,1979,92981340
Sweden,SWE,1980,79224290
Sweden,SWE,1981,76702120
Sweden,SWE,1982,68043336
Sweden,SWE,1983,64709636
Sweden,SWE,1984,64053812
Sweden,SWE,1985,70093176
Sweden,SWE,1986,68208260
Sweden,SWE,1987,66514156
Sweden,SWE,1988,63022576
Sweden,SWE,1989,60923644
Sweden,SWE,1990,63013628
Sweden,SWE,1991,64233276
Sweden,SWE,1992,66006324
Sweden,SWE,1993,68644330
Sweden,SWE,1994,73263304
Sweden,SWE,1995,76359720
Sweden,SWE,1996,79983120
Sweden,SWE,1997,76457500
Sweden,SWE,1998,77481650
Sweden,SWE,1999,73700690
Sweden,SWE,2000,76524950
Sweden,SWE,2001,79393460
Sweden,SWE,2002,80334760
Sweden,SWE,2003,85792800
Sweden,SWE,2004,87768584
Sweden,SWE,2005,87589590
Sweden,SWE,2006,89931880
Sweden,SWE,2007,89335860
Sweden,SWE,2008,85546320
Sweden,SWE,2009,81297740
Sweden,SWE,2010,88075816
Sweden,SWE,2011,82093370
Sweden,SWE,2012,79582190
Sweden,SWE,2013,76917090
Sweden,SWE,2014,74929930
Sweden,SWE,2015,75343464
Sweden,SWE,2016,75775430
Sweden,SWE,2017,75909460
Sweden,SWE,2018,74144260
Sweden,SWE,2019,72984104
Sweden,SWE,2020,69069270
Sweden,SWE,2021,72091630
Sweden,SWE,2022,69974670
Sweden,SWE,2023,70233270
Switzerland,CHE,1850,5157702
Switzerland,CHE,1851,5143621.5
Switzerland,CHE,1852,5158662
Switzerland,CHE,1853,5325813.5
Switzerland,CHE,1854,5109976.5
Switzerland,CHE,1855,5352391
Switzerland,CHE,1856,5192311
Switzerland,CHE,1857,4980776
Switzerland,CHE,1858,5126873
Switzerland,CHE,1859,4918170.5
Switzerland,CHE,1860,5377486.5
Switzerland,CHE,1861,5126236
Switzerland,CHE,1862,5256648.5
Switzerland,CHE,1863,5079014.5
Switzerland,CHE,1864,5197463.5
Switzerland,CHE,1865,5180157
Switzerland,CHE,1866,5204534
Switzerland,CHE,1867,5319221
Switzerland,CHE,1868,5455944
Switzerland,CHE,1869,5349129
Switzerland,CHE,1870,5435495
Switzerland,CHE,1871,5552296
Switzerland,CHE,1872,5689086
Switzerland,CHE,1873,5786879
Switzerland,CHE,1874,5516430.5
Switzerland,CHE,1875,5862482.5
Switzerland,CHE,1876,5963701.5
Switzerland,CHE,1877,5734444
Switzerland,CHE,1878,5706243
Switzerland,CHE,1879,5590262
Switzerland,CHE,1880,6080002.5
Switzerland,CHE,1881,5632628.5
Switzerland,CHE,1882,5855155.5
Switzerland,CHE,1883,5876403.5
Switzerland,CHE,1884,5926859.5
Switzerland,CHE,1885,5878807.5
Switzerland,CHE,1886,5941430.5
Switzerland,CHE,1887,6230874.5
Switzerland,CHE,1888,6315050
Switzerland,CHE,1889,6513825.5
Switzerland,CHE,1890,7210458
Switzerland,CHE,1891,8014506
Switzerland,CHE,1892,8147296
Switzerland,CHE,1893,7836617.5
Switzerland,CHE,1894,8523713
Switzerland,CHE,1895,9133324
Switzerland,CHE,1896,9528844
Switzerland,CHE,1897,9763972
Switzerland,CHE,1898,10242486
Switzerland,CHE,1899,10553611
Switzerland,CHE,1900,11687928
Switzerland,CHE,1901,11079304
Switzerland,CHE,1902,11286583
Switzerland,CHE,1903,11823046
Switzerland,CHE,1904,12325441
Switzerland,CHE,1905,12528422
Switzerland,CHE,1906,13459103
Switzerland,CHE,1907,14516105
Switzerland,CHE,1908,14503212
Switzerland,CHE,1909,14716813
Switzerland,CHE,1910,13663816
Switzerland,CHE,1911,14593742
Switzerland,CHE,1912,14354439
Switzerland,CHE,1913,14775721
Switzerland,CHE,1914,13736232
Switzerland,CHE,1915,14130437
Switzerland,CHE,1916,13464655
Switzerland,CHE,1917,11059172
Switzerland,CHE,1918,10639652
Switzerland,CHE,1919,9449651
Switzerland,CHE,1920,11888692
Switzerland,CHE,1921,9299344
Switzerland,CHE,1922,10733152
Switzerland,CHE,1923,12157430
Switzerland,CHE,1924,11651561
Switzerland,CHE,1925,11945463
Switzerland,CHE,1926,11746796
Switzerland,CHE,1927,12853237
Switzerland,CHE,1928,13184419
Switzerland,CHE,1929,14529079
Switzerland,CHE,1930,13636185
Switzerland,CHE,1931,14221793
Switzerland,CHE,1932,14326990
Switzerland,CHE,1933,13670590
Switzerland,CHE,1934,13536439
Switzerland,CHE,1935,13430899
Switzerland,CHE,1936,13865122
Switzerland,CHE,1937,14437568
Switzerland,CHE,1938,14506209
Switzerland,CHE,1939,15890563
Switzerland,CHE,1940,12569176
Switzerland,CHE,1941,11023842
Switzerland,CHE,1942,10450794
Switzerland,CHE,1943,10972820
Switzerland,CHE,1944,9570924
Switzerland,CHE,1945,6938821
Switzerland,CHE,1946,11346394
Switzerland,CHE,1947,15356102
Switzerland,CHE,1948,16367097
Switzerland,CHE,1949,15032180
Switzerland,CHE,1950,17082260
Switzerland,CHE,1951,19482854
Switzerland,CHE,1952,18692898
Switzerland,CHE,1953,17951588
Switzerland,CHE,1954,20366480
Switzerland,CHE,1955,21460574
Switzerland,CHE,1956,25087438
Switzerland,CHE,1957,25951570
Switzerland,CHE,1958,24926218
Switzerland,CHE,1959,26721264
Switzerland,CHE,1960,29405806
Switzerland,CHE,1961,29772624
Switzerland,CHE,1962,33571690
Switzerland,CHE,1963,38274444
Switzerland,CHE,1964,37201516
Switzerland,CHE,1965,39677916
Switzerland,CHE,1966,40787652
Switzerland,CHE,1967,42187148
Switzerland,CHE,1968,45911812
Switzerland,CHE,1969,47758190
Switzerland,CHE,1970,49842884
Switzerland,CHE,1971,51580508
Switzerland,CHE,1972,52578816
Switzerland,CHE,1973,56219372
Switzerland,CHE,1974,51615644
Switzerland,CHE,1975,49073104
Switzerland,CHE,1976,50542760
Switzerland,CHE,1977,51577812
Switzerland,CHE,1978,53482804
Switzerland,CHE,1979,50746996
Switzerland,CHE,1980,51420656
Switzerland,CHE,1981,49547228
Switzerland,CHE,1982,47214044
Switzerland,CHE,1983,50898690
Switzerland,CHE,1984,50028188
Switzerland,CHE,1985,50523252
Switzerland,CHE,1986,52841016
Switzerland,CHE,1987,50673060
Switzerland,CHE,1988,51109524
Switzerland,CHE,1989,49705636
Switzerland,CHE,1990,54430144
Switzerland,CHE,1991,56320188
Switzerland,CHE,1992,55862630
Switzerland,CHE,1993,53209504
Switzerland,CHE,1994,52097548
Switzerland,CHE,1995,52688376
Switzerland,CHE,1996,53128936
Switzerland,CHE,1997,51821964
Switzerland,CHE,1998,53431468
Switzerland,CHE,1999,52638890
Switzerland,CHE,2000,52144336
Switzerland,CHE,2001,53869864
Switzerland,CHE,2002,51591496
Switzerland,CHE,2003,52662250
Switzerland,CHE,2004,52853500
Switzerland,CHE,2005,53415910
Switzerland,CHE,2006,53063484
Switzerland,CHE,2007,51069990
Switzerland,CHE,2008,52367070
Switzerland,CHE,2009,50638180
Switzerland,CHE,2010,52288220
Switzerland,CHE,2011,48006864
Switzerland,CHE,2012,49305964
Switzerland,CHE,2013,50493156
Switzerland,CHE,2014,46352910
Switzerland,CHE,2015,45879580
Switzerland,CHE,2016,46344548
Switzerland,CHE,2017,45510910
Switzerland,CHE,2018,44125000
Switzerland,CHE,2019,43801396
Switzerland,CHE,2020,41315708
Switzerland,CHE,2021,43005644
Switzerland,CHE,2022,40056236
Switzerland,CHE,2023,40055144
Syria,SYR,1850,2659100.2
Syria,SYR,1851,2668175.5
Syria,SYR,1852,2676934.5
Syria,SYR,1853,2685209
Syria,SYR,1854,2692840.5
Syria,SYR,1855,2699615.2
Syria,SYR,1856,2705832
Syria,SYR,1857,2711799
Syria,SYR,1858,2717623.2
Syria,SYR,1859,2723438.8
Syria,SYR,1860,2730396.5
Syria,SYR,1861,2737229.5
Syria,SYR,1862,2743710
Syria,SYR,1863,2749682.2
Syria,SYR,1864,2755163.8
Syria,SYR,1865,2759796.5
Syria,SYR,1866,2764065.5
Syria,SYR,1867,2768290.5
Syria,SYR,1868,2772617.8
Syria,SYR,1869,2777183.8
Syria,SYR,1870,3242763.5
Syria,SYR,1871,3498095.2
Syria,SYR,1872,3668539
Syria,SYR,1873,3782336.8
Syria,SYR,1874,3875351.8
Syria,SYR,1875,3954685
Syria,SYR,1876,4024385.8
Syria,SYR,1877,4086892.2
Syria,SYR,1878,4143425.2
Syria,SYR,1879,4194654
Syria,SYR,1880,4220996.5
Syria,SYR,1881,4248872
Syria,SYR,1882,4280455
Syria,SYR,1883,4315389
Syria,SYR,1884,4348141
Syria,SYR,1885,4371009.5
Syria,SYR,1886,4392760.5
Syria,SYR,1887,4413788
Syria,SYR,1888,4434286
Syria,SYR,1889,4454474
Syria,SYR,1890,3847042.5
Syria,SYR,1891,3527567.5
Syria,SYR,1892,3314934.5
Syria,SYR,1893,3171562
Syria,SYR,1894,3057148.5
Syria,SYR,1895,2961263.2
Syria,SYR,1896,2879099.2
Syria,SYR,1897,2807526.2
Syria,SYR,1898,2744247.8
Syria,SYR,1899,2687974
Syria,SYR,1900,2631837.8
Syria,SYR,1901,2560458.8
Syria,SYR,1902,2494067.2
Syria,SYR,1903,2437370.8
Syria,SYR,1904,2379112.5
Syria,SYR,1905,2335642.5
Syria,SYR,1906,2292689.8
Syria,SYR,1907,2253460.5
Syria,SYR,1908,2214647.5
Syria,SYR,1909,2175362.8
Syria,SYR,1910,2151736.8
Syria,SYR,1911,2124148.5
Syria,SYR,1912,2092829.6
Syria,SYR,1913,2061909
Syria,SYR,1914,2029342
Syria,SYR,1915,1996931.1
Syria,SYR,1916,1965022.4
Syria,SYR,1917,1933824.1
Syria,SYR,1918,1902867.2
Syria,SYR,1919,1871609.4
Syria,SYR,1920,1849593
Syria,SYR,1921,1829239
Syria,SYR,1922,1808928.2
Syria,SYR,1923,1791578.6
Syria,SYR,1924,1777442.6
Syria,SYR,1925,1765197.4
Syria,SYR,1926,1751358.1
Syria,SYR,1927,1728922.5
Syria,SYR,1928,1698875.9
Syria,SYR,1929,1661058.8
Syria,SYR,1930,4783984.5
Syria,SYR,1931,6374076.5
Syria,SYR,1932,7410098
Syria,SYR,1933,8077512
Syria,SYR,1934,8597132
Syria,SYR,1935,9047493
Syria,SYR,1936,9492711
Syria,SYR,1937,9911506
Syria,SYR,1938,10244185
Syria,SYR,1939,10567525
Syria,SYR,1940,9195780
Syria,SYR,1941,8639173
Syria,SYR,1942,8366517
Syria,SYR,1943,8227489
Syria,SYR,1944,8110614
Syria,SYR,1945,8041862
Syria,SYR,1946,7980436.5
Syria,SYR,1947,7965447.5
Syria,SYR,1948,7962939
Syria,SYR,1949,8021598
Syria,SYR,1950,9728662
Syria,SYR,1951,10535844
Syria,SYR,1952,11355968
Syria,SYR,1953,12057130
Syria,SYR,1954,12675781
Syria,SYR,1955,14883292
Syria,SYR,1956,15918424
Syria,SYR,1957,16387286
Syria,SYR,1958,17138290
Syria,SYR,1959,17614224
Syria,SYR,1960,19143758
Syria,SYR,1961,15957598
Syria,SYR,1962,16374786
Syria,SYR,1963,17173088
Syria,SYR,1964,15599923
Syria,SYR,1965,9935109
Syria,SYR,1966,12601742
Syria,SYR,1967,10533932
Syria,SYR,1968,14111461
Syria,SYR,1969,16707425
Syria,SYR,1970,16088526
Syria,SYR,1971,20022130
Syria,SYR,1972,17287390
Syria,SYR,1973,19911612
Syria,SYR,1974,17328302
Syria,SYR,1975,26034708
Syria,SYR,1976,26736556
Syria,SYR,1977,28449572
Syria,SYR,1978,31724358
Syria,SYR,1979,37016604
Syria,SYR,1980,37350170
Syria,SYR,1981,43178460
Syria,SYR,1982,38889240
Syria,SYR,1983,44436610
Syria,SYR,1984,48789650
Syria,SYR,1985,45613500
Syria,SYR,1986,48443228
Syria,SYR,1987,54751770
Syria,SYR,1988,58257020
Syria,SYR,1989,62382796
Syria,SYR,1990,66818370
Syria,SYR,1991,76880430
Syria,SYR,1992,76106410
Syria,SYR,1993,82934940
Syria,SYR,1994,84103380
Syria,SYR,1995,84245384
Syria,SYR,1996,86507240
Syria,SYR,1997,87291560
Syria,SYR,1998,91206670
Syria,SYR,1999,92058380
Syria,SYR,2000,94196650
Syria,SYR,2001,82503890
Syria,SYR,2002,69285440
Syria,SYR,2003,86702710
Syria,SYR,2004,79515690
Syria,SYR,2005,80510060
Syria,SYR,2006,83950220
Syria,SYR,2007,95674180
Syria,SYR,2008,94917800
Syria,SYR,2009,91717384
Syria,SYR,2010,89867960
Syria,SYR,2011,86829390
Syria,SYR,2012,68125980
Syria,SYR,2013,52552924
Syria,SYR,2014,48234590
Syria,SYR,2015,44892120
Syria,SYR,2016,42727704
Syria,SYR,2017,46397628
Syria,SYR,2018,42158720
Syria,SYR,2019,40658770
Syria,SYR,2020,39690720
Syria,SYR,2021,38820440
Syria,SYR,2022,38008644
Syria,SYR,2023,38136892
Taiwan,TWN,1850,1180011.2
Taiwan,TWN,1851,1185490.2
Taiwan,TWN,1852,1190934.4
Taiwan,TWN,1853,1196321.4
Taiwan,TWN,1854,1201629.5
Taiwan,TWN,1855,1206836.6
Taiwan,TWN,1856,1211920.8
Taiwan,TWN,1857,1216859.9
Taiwan,TWN,1858,1221632.1
Taiwan,TWN,1859,1226215.2
Taiwan,TWN,1860,1230587.6
Taiwan,TWN,1861,1234822.5
Taiwan,TWN,1862,1239023.6
Taiwan,TWN,1863,1243199.8
Taiwan,TWN,1864,1247359.6
Taiwan,TWN,1865,1251511.9
Taiwan,TWN,1866,1255665.4
Taiwan,TWN,1867,1259828.8
Taiwan,TWN,1868,1264010.8
Taiwan,TWN,1869,1268220.1
Taiwan,TWN,1870,1272465.6
Taiwan,TWN,1871,1278086.4
Taiwan,TWN,1872,1285643.9
Taiwan,TWN,1873,1294689.6
Taiwan,TWN,1874,1304775
Taiwan,TWN,1875,1315451.4
Taiwan,TWN,1876,1326270.1
Taiwan,TWN,1877,1336782.6
Taiwan,TWN,1878,1346540.5
Taiwan,TWN,1879,1355094.9
Taiwan,TWN,1880,1361996.6
Taiwan,TWN,1881,1367787.8
Taiwan,TWN,1882,1373342.6
Taiwan,TWN,1883,1378708.9
Taiwan,TWN,1884,1383934
Taiwan,TWN,1885,1389065.4
Taiwan,TWN,1886,1394150.6
Taiwan,TWN,1887,1399237.1
Taiwan,TWN,1888,1404372.6
Taiwan,TWN,1889,1409604.4
Taiwan,TWN,1890,1419108
Taiwan,TWN,1891,1439249.1
Taiwan,TWN,1892,1459457.8
Taiwan,TWN,1893,1479740.6
Taiwan,TWN,1894,1500104.2
Taiwan,TWN,1895,1520555.8
Taiwan,TWN,1896,1545393.4
Taiwan,TWN,1897,1621848.1
Taiwan,TWN,1898,1715582.6
Taiwan,TWN,1899,1697814
Taiwan,TWN,1900,1753326.1
Taiwan,TWN,1901,1841808
Taiwan,TWN,1902,1947667.5
Taiwan,TWN,1903,1912180
Taiwan,TWN,1904,1928368.9
Taiwan,TWN,1905,1979000.9
Taiwan,TWN,1906,2017209.5
Taiwan,TWN,1907,2128397
Taiwan,TWN,1908,2201084.5
Taiwan,TWN,1909,2303834.2
Taiwan,TWN,1910,2466658.2
Taiwan,TWN,1911,2554539
Taiwan,TWN,1912,2642656.8
Taiwan,TWN,1913,2791047
Taiwan,TWN,1914,2883830.8
Taiwan,TWN,1915,3011075.5
Taiwan,TWN,1916,3460173.2
Taiwan,TWN,1917,3960877.8
Taiwan,TWN,1918,4380113.5
Taiwan,TWN,1919,5292978.5
Taiwan,TWN,1920,5467605
Taiwan,TWN,1921,5164128.5
Taiwan,TWN,1922,6156915
Taiwan,TWN,1923,6497267
Taiwan,TWN,1924,6721755.5
Taiwan,TWN,1925,7331176
Taiwan,TWN,1926,7681717
Taiwan,TWN,1927,7923647
Taiwan,TWN,1928,7109875
Taiwan,TWN,1929,7114217.5
Taiwan,TWN,1930,7229643
Taiwan,TWN,1931,6734829.5
Taiwan,TWN,1932,6579354
Taiwan,TWN,1933,7319884.5
Taiwan,TWN,1934,7348004.5
Taiwan,TWN,1935,7628589
Taiwan,TWN,1936,8153864.5
Taiwan,TWN,1937,8854878
Taiwan,TWN,1938,9707614
Taiwan,TWN,1939,11280154
Taiwan,TWN,1940,12064104
Taiwan,TWN,1941,12450176
Taiwan,TWN,1942,10887245
Taiwan,TWN,1943,11126582
Taiwan,TWN,1944,9266490
Taiwan,TWN,1945,6686478
Taiwan,TWN,1946,7737249.5
Taiwan,TWN,1947,8878827
Taiwan,TWN,1948,10225856
Taiwan,TWN,1949,10413952
Taiwan,TWN,1950,9808572
Taiwan,TWN,1951,11327035
Taiwan,TWN,1952,13341653
Taiwan,TWN,1953,13677921
Taiwan,TWN,1954,13930874
Taiwan,TWN,1955,15089058
Taiwan,TWN,1956,15943162
Taiwan,TWN,1957,16895924
Taiwan,TWN,1958,18807686
Taiwan,TWN,1959,20824938
Taiwan,TWN,1960,22253604
Taiwan,TWN,1961,23005730
Taiwan,TWN,1962,25072632
Taiwan,TWN,1963,26223852
Taiwan,TWN,1964,28203206
Taiwan,TWN,1965,29292060
Taiwan,TWN,1966,31201518
Taiwan,TWN,1967,34045120
Taiwan,TWN,1968,36432184
Taiwan,TWN,1969,38667492
Taiwan,TWN,1970,41220450
Taiwan,TWN,1971,43932610
Taiwan,TWN,1972,48420456
Taiwan,TWN,1973,52879700
Taiwan,TWN,1974,52164070
Taiwan,TWN,1975,56512216
Taiwan,TWN,1976,69816260
Taiwan,TWN,1977,75156600
Taiwan,TWN,1978,85272960
Taiwan,TWN,1979,90004824
Taiwan,TWN,1980,97615710
Taiwan,TWN,1981,89051750
Taiwan,TWN,1982,89359950
Taiwan,TWN,1983,97456424
Taiwan,TWN,1984,99396770
Taiwan,TWN,1985,99339544
Taiwan,TWN,1986,108938690
Taiwan,TWN,1987,112951820
Taiwan,TWN,1988,128113310
Taiwan,TWN,1989,138288820
Taiwan,TWN,1990,140221400
Taiwan,TWN,1991,149842370
Taiwan,TWN,1992,158932370
Taiwan,TWN,1993,170670820
Taiwan,TWN,1994,178473620
Taiwan,TWN,1995,187472480
Taiwan,TWN,1996,195425460
Taiwan,TWN,1997,208479250
Taiwan,TWN,1998,218285460
Taiwan,TWN,1999,225952750
Taiwan,TWN,2000,245177340
Taiwan,TWN,2001,251027140
Taiwan,TWN,2002,259500240
Taiwan,TWN,2003,269988100
Taiwan,TWN,2004,280570200
Taiwan,TWN,2005,288219100
Taiwan,TWN,2006,298481570
Taiwan,TWN,2007,302969700
Taiwan,TWN,2008,289050660
Taiwan,TWN,2009,275264640
Taiwan,TWN,2010,293493660
Taiwan,TWN,2011,299126270
Taiwan,TWN,2012,295947300
Taiwan,TWN,2013,297523070
Taiwan,TWN,2014,300050080
Taiwan,TWN,2015,299356770
Taiwan,TWN,2016,303617250
Taiwan,TWN,2017,309262240
Taiwan,TWN,2018,307758430
Taiwan,TWN,2019,298446200
Taiwan,TWN,2020,296194800
Taiwan,TWN,2021,307925400
Taiwan,TWN,2022,297782200
Taiwan,TWN,2023,285469760
Tajikistan,TJK,1850,1402981.5
Tajikistan,TJK,1851,1382754.6
Tajikistan,TJK,1852,1369832.2
Tajikistan,TJK,1853,1363651.6
Tajikistan,TJK,1854,1360394.5
Tajikistan,TJK,1855,1358221.9
Tajikistan,TJK,1856,1354148.1
Tajikistan,TJK,1857,1351748
Tajikistan,TJK,1858,1351883.5
Tajikistan,TJK,1859,1350836.6
Tajikistan,TJK,1860,1359727.5
Tajikistan,TJK,1861,1372627.5
Tajikistan,TJK,1862,1380407.4
Tajikistan,TJK,1863,1401049.9
Tajikistan,TJK,1864,1407519.6
Tajikistan,TJK,1865,1414287.2
Tajikistan,TJK,1866,1427877
Tajikistan,TJK,1867,1435868.6
Tajikistan,TJK,1868,1440185.5
Tajikistan,TJK,1869,1449206.9
Tajikistan,TJK,1870,1445765.8
Tajikistan,TJK,1871,1443418.9
Tajikistan,TJK,1872,1446036.4
Tajikistan,TJK,1873,1455020
Tajikistan,TJK,1874,1472950.5
Tajikistan,TJK,1875,1491253
Tajikistan,TJK,1876,1513353.1
Tajikistan,TJK,1877,1530392
Tajikistan,TJK,1878,1555378.4
Tajikistan,TJK,1879,1570447
Tajikistan,TJK,1880,1588056.5
Tajikistan,TJK,1881,1593474.6
Tajikistan,TJK,1882,1599462.2
Tajikistan,TJK,1883,1613704.2
Tajikistan,TJK,1884,1622710
Tajikistan,TJK,1885,1637843.4
Tajikistan,TJK,1886,1649926.6
Tajikistan,TJK,1887,1664044.2
Tajikistan,TJK,1888,1677213.4
Tajikistan,TJK,1889,1693370.8
Tajikistan,TJK,1890,1702511.9
Tajikistan,TJK,1891,1676321.4
Tajikistan,TJK,1892,1655077.1
Tajikistan,TJK,1893,1665020.8
Tajikistan,TJK,1894,1666143.8
Tajikistan,TJK,1895,1688054.1
Tajikistan,TJK,1896,1696953.1
Tajikistan,TJK,1897,1728335.6
Tajikistan,TJK,1898,1758467.8
Tajikistan,TJK,1899,1799530
Tajikistan,TJK,1900,1834102.4
Tajikistan,TJK,1901,1815632.4
Tajikistan,TJK,1902,1787449.5
Tajikistan,TJK,1903,1767666.2
Tajikistan,TJK,1904,1801319.8
Tajikistan,TJK,1905,1776520.2
Tajikistan,TJK,1906,1829849.6
Tajikistan,TJK,1907,1873332.2
Tajikistan,TJK,1908,1893852.8
Tajikistan,TJK,1909,1920903.5
Tajikistan,TJK,1910,1902190.8
Tajikistan,TJK,1911,1925998.2
Tajikistan,TJK,1912,1985792.4
Tajikistan,TJK,1913,2026616.8
Tajikistan,TJK,1914,2007384.6
Tajikistan,TJK,1915,2007062.4
Tajikistan,TJK,1916,2044409.2
Tajikistan,TJK,1917,2064816.5
Tajikistan,TJK,1918,1878905.8
Tajikistan,TJK,1919,1894676.6
Tajikistan,TJK,1920,1896128.6
Tajikistan,TJK,1921,1938148.1
Tajikistan,TJK,1922,2001045.4
Tajikistan,TJK,1923,2033010.1
Tajikistan,TJK,1924,2095422.5
Tajikistan,TJK,1925,2133817.5
Tajikistan,TJK,1926,2240955.5
Tajikistan,TJK,1927,2337117
Tajikistan,TJK,1928,2391627.8
Tajikistan,TJK,1929,2449466.2
Tajikistan,TJK,1930,2607909
Tajikistan,TJK,1931,2732879.8
Tajikistan,TJK,1932,2840473.5
Tajikistan,TJK,1933,2945799.2
Tajikistan,TJK,1934,3117366.2
Tajikistan,TJK,1935,3264626.8
Tajikistan,TJK,1936,3477903.5
Tajikistan,TJK,1937,3537502.2
Tajikistan,TJK,1938,3662910.8
Tajikistan,TJK,1939,3725083.8
Tajikistan,TJK,1940,4032293
Tajikistan,TJK,1941,3876775
Tajikistan,TJK,1942,3261716.5
Tajikistan,TJK,1943,3355254.8
Tajikistan,TJK,1944,3789859
Tajikistan,TJK,1945,3916389.8
Tajikistan,TJK,1946,4161805.5
Tajikistan,TJK,1947,4537921
Tajikistan,TJK,1948,4717451.5
Tajikistan,TJK,1949,5038801
Tajikistan,TJK,1950,7041708.5
Tajikistan,TJK,1951,8109129
Tajikistan,TJK,1952,8925748
Tajikistan,TJK,1953,9576873
Tajikistan,TJK,1954,10275059
Tajikistan,TJK,1955,11180564
Tajikistan,TJK,1956,11985041
Tajikistan,TJK,1957,12820752
Tajikistan,TJK,1958,13728768
Tajikistan,TJK,1959,14590803
Tajikistan,TJK,1960,13115216
Tajikistan,TJK,1961,14383259
Tajikistan,TJK,1962,13325581
Tajikistan,TJK,1963,13365445
Tajikistan,TJK,1964,13286142
Tajikistan,TJK,1965,13379548
Tajikistan,TJK,1966,13742829
Tajikistan,TJK,1967,13966520
Tajikistan,TJK,1968,14110517
Tajikistan,TJK,1969,14195260
Tajikistan,TJK,1970,15408777
Tajikistan,TJK,1971,15498269
Tajikistan,TJK,1972,15760226
Tajikistan,TJK,1973,16312792
Tajikistan,TJK,1974,16586156
Tajikistan,TJK,1975,17220234
Tajikistan,TJK,1976,17598776
Tajikistan,TJK,1977,17902336
Tajikistan,TJK,1978,18306426
Tajikistan,TJK,1979,18453764
Tajikistan,TJK,1980,19415216
Tajikistan,TJK,1981,18955558
Tajikistan,TJK,1982,19158448
Tajikistan,TJK,1983,19409324
Tajikistan,TJK,1984,19554494
Tajikistan,TJK,1985,20576992
Tajikistan,TJK,1986,20160730
Tajikistan,TJK,1987,19815050
Tajikistan,TJK,1988,20621458
Tajikistan,TJK,1989,20366192
Tajikistan,TJK,1990,20102288
Tajikistan,TJK,1991,17509418
Tajikistan,TJK,1992,15000397
Tajikistan,TJK,1993,11568591
Tajikistan,TJK,1994,9173545
Tajikistan,TJK,1995,8514346
Tajikistan,TJK,1996,8599282
Tajikistan,TJK,1997,7464037
Tajikistan,TJK,1998,7726031
Tajikistan,TJK,1999,7597958.5
Tajikistan,TJK,2000,7073899.5
Tajikistan,TJK,2001,7189930
Tajikistan,TJK,2002,7073557
Tajikistan,TJK,2003,7694453.5
Tajikistan,TJK,2004,8445649
Tajikistan,TJK,2005,9009922
Tajikistan,TJK,2006,9119729
Tajikistan,TJK,2007,9967119
Tajikistan,TJK,2008,10614756
Tajikistan,TJK,2009,10118390
Tajikistan,TJK,2010,10533809
Tajikistan,TJK,2011,10222249
Tajikistan,TJK,2012,12391791
Tajikistan,TJK,2013,13213114
Tajikistan,TJK,2014,15431316
Tajikistan,TJK,2015,16845876
Tajikistan,TJK,2016,17574174
Tajikistan,TJK,2017,18197072
Tajikistan,TJK,2018,19025148
Tajikistan,TJK,2019,20030034
Tajikistan,TJK,2020,20704982
Tajikistan,TJK,2021,20782944
Tajikistan,TJK,2022,20827040
Tajikistan,TJK,2023,21202286
Tanzania,TZA,1850,8496593
Tanzania,TZA,1851,8427374
Tanzania,TZA,1852,8443736
Tanzania,TZA,1853,8358613
Tanzania,TZA,1854,8307125.5
Tanzania,TZA,1855,8282962
Tanzania,TZA,1856,8242340
Tanzania,TZA,1857,8229053.5
Tanzania,TZA,1858,8216595.5
Tanzania,TZA,1859,8470789
Tanzania,TZA,1860,8424504
Tanzania,TZA,1861,8387623.5
Tanzania,TZA,1862,8412801
Tanzania,TZA,1863,8413554
Tanzania,TZA,1864,8388661
Tanzania,TZA,1865,8742457
Tanzania,TZA,1866,8531937
Tanzania,TZA,1867,8561986
Tanzania,TZA,1868,8517917
Tanzania,TZA,1869,8491749
Tanzania,TZA,1870,8552563
Tanzania,TZA,1871,8691360
Tanzania,TZA,1872,8727893
Tanzania,TZA,1873,8731708
Tanzania,TZA,1874,8780915
Tanzania,TZA,1875,8903256
Tanzania,TZA,1876,8986111
Tanzania,TZA,1877,8968498
Tanzania,TZA,1878,9021657
Tanzania,TZA,1879,9067640
Tanzania,TZA,1880,9145713
Tanzania,TZA,1881,9203813
Tanzania,TZA,1882,9366606
Tanzania,TZA,1883,9396211
Tanzania,TZA,1884,9391637
Tanzania,TZA,1885,9376757
Tanzania,TZA,1886,9582320
Tanzania,TZA,1887,9523012
Tanzania,TZA,1888,9522155
Tanzania,TZA,1889,9491989
Tanzania,TZA,1890,9830350
Tanzania,TZA,1891,9981045
Tanzania,TZA,1892,10006414
Tanzania,TZA,1893,10179294
Tanzania,TZA,1894,10259539
Tanzania,TZA,1895,10261864
Tanzania,TZA,1896,10443677
Tanzania,TZA,1897,10496146
Tanzania,TZA,1898,10593238
Tanzania,TZA,1899,10614826
Tanzania,TZA,1900,11083400
Tanzania,TZA,1901,11299364
Tanzania,TZA,1902,11663062
Tanzania,TZA,1903,12043244
Tanzania,TZA,1904,12391731
Tanzania,TZA,1905,12551972
Tanzania,TZA,1906,13129807
Tanzania,TZA,1907,13064646
Tanzania,TZA,1908,13403157
Tanzania,TZA,1909,13524651
Tanzania,TZA,1910,14621869
Tanzania,TZA,1911,15285718
Tanzania,TZA,1912,16207391
Tanzania,TZA,1913,16510446
Tanzania,TZA,1914,16969526
Tanzania,TZA,1915,17622606
Tanzania,TZA,1916,18162422
Tanzania,TZA,1917,18752824
Tanzania,TZA,1918,18980878
Tanzania,TZA,1919,19966016
Tanzania,TZA,1920,21167094
Tanzania,TZA,1921,22203856
Tanzania,TZA,1922,23101478
Tanzania,TZA,1923,24316940
Tanzania,TZA,1924,24992888
Tanzania,TZA,1925,25937812
Tanzania,TZA,1926,26557218
Tanzania,TZA,1927,27489506
Tanzania,TZA,1928,28421280
Tanzania,TZA,1929,29118360
Tanzania,TZA,1930,31984584
Tanzania,TZA,1931,34187576
Tanzania,TZA,1932,35743990
Tanzania,TZA,1933,36474564
Tanzania,TZA,1934,37710236
Tanzania,TZA,1935,38980868
Tanzania,TZA,1936,40248188
Tanzania,TZA,1937,41235212
Tanzania,TZA,1938,42305736
Tanzania,TZA,1939,43270130
Tanzania,TZA,1940,53578060
Tanzania,TZA,1941,60323884
Tanzania,TZA,1942,65995424
Tanzania,TZA,1943,69853990
Tanzania,TZA,1944,73640750
Tanzania,TZA,1945,76763176
Tanzania,TZA,1946,81190660
Tanzania,TZA,1947,84524630
Tanzania,TZA,1948,85776820
Tanzania,TZA,1949,89857790
Tanzania,TZA,1950,90674600
Tanzania,TZA,1951,90764890
Tanzania,TZA,1952,91060310
Tanzania,TZA,1953,93248630
Tanzania,TZA,1954,94293816
Tanzania,TZA,1955,95089016
Tanzania,TZA,1956,97104170
Tanzania,TZA,1957,99303576
Tanzania,TZA,1958,98826360
Tanzania,TZA,1959,99551576
Tanzania,TZA,1960,102001320
Tanzania,TZA,1961,98600504
Tanzania,TZA,1962,145438820
Tanzania,TZA,1963,129803864
Tanzania,TZA,1964,110532120
Tanzania,TZA,1965,98458750
Tanzania,TZA,1966,86699384
Tanzania,TZA,1967,82130920
Tanzania,TZA,1968,84301190
Tanzania,TZA,1969,134079896
Tanzania,TZA,1970,143117380
Tanzania,TZA,1971,113800170
Tanzania,TZA,1972,99430080
Tanzania,TZA,1973,88743940
Tanzania,TZA,1974,78843610
Tanzania,TZA,1975,76433440
Tanzania,TZA,1976,80335384
Tanzania,TZA,1977,131953720
Tanzania,TZA,1978,123003560
Tanzania,TZA,1979,109404264
Tanzania,TZA,1980,112252856
Tanzania,TZA,1981,97335850
Tanzania,TZA,1982,91994750
Tanzania,TZA,1983,90690110
Tanzania,TZA,1984,137601970
Tanzania,TZA,1985,126700610
Tanzania,TZA,1986,110875820
Tanzania,TZA,1987,106112430
Tanzania,TZA,1988,97442080
Tanzania,TZA,1989,96579840
Tanzania,TZA,1990,102678480
Tanzania,TZA,1991,98806456
Tanzania,TZA,1992,105570450
Tanzania,TZA,1993,107246160
Tanzania,TZA,1994,109773560
Tanzania,TZA,1995,108799060
Tanzania,TZA,1996,118594420
Tanzania,TZA,1997,121521970
Tanzania,TZA,1998,132530450
Tanzania,TZA,1999,129927976
Tanzania,TZA,2000,128582744
Tanzania,TZA,2001,130240870
Tanzania,TZA,2002,146219330
Tanzania,TZA,2003,166773970
Tanzania,TZA,2004,180599150
Tanzania,TZA,2005,193260320
Tanzania,TZA,2006,218594260
Tanzania,TZA,2007,217689620
Tanzania,TZA,2008,206101730
Tanzania,TZA,2009,213239090
Tanzania,TZA,2010,240016380
Tanzania,TZA,2011,225560770
Tanzania,TZA,2012,220603700
Tanzania,TZA,2013,224059890
Tanzania,TZA,2014,227900700
Tanzania,TZA,2015,223840900
Tanzania,TZA,2016,221197230
Tanzania,TZA,2017,215152690
Tanzania,TZA,2018,208626270
Tanzania,TZA,2019,206690620
Tanzania,TZA,2020,208315380
Tanzania,TZA,2021,208329180
Tanzania,TZA,2022,206950820
Tanzania,TZA,2023,209198850
Thailand,THA,1850,18669754
Thailand,THA,1851,18743880
Thailand,THA,1852,22364978
Thailand,THA,1853,22932582
Thailand,THA,1854,21865930
Thailand,THA,1855,23034654
Thailand,THA,1856,22362294
Thailand,THA,1857,23515472
Thailand,THA,1858,21404164
Thailand,THA,1859,22289128
Thailand,THA,1860,24395482
Thailand,THA,1861,22666940
Thailand,THA,1862,25075418
Thailand,THA,1863,23746262
Thailand,THA,1864,23192016
Thailand,THA,1865,23367414
Thailand,THA,1866,21798698
Thailand,THA,1867,23759648
Thailand,THA,1868,22813130
Thailand,THA,1869,24349386
Thailand,THA,1870,21262374
Thailand,THA,1871,23236442
Thailand,THA,1872,22378608
Thailand,THA,1873,20777006
Thailand,THA,1874,21473832
Thailand,THA,1875,22555444
Thailand,THA,1876,24449856
Thailand,THA,1877,19563834
Thailand,THA,1878,20215344
Thailand,THA,1879,22258600
Thailand,THA,1880,24731032
Thailand,THA,1881,29921356
Thailand,THA,1882,32096512
Thailand,THA,1883,32780310
Thailand,THA,1884,32731904
Thailand,THA,1885,33053444
Thailand,THA,1886,31785716
Thailand,THA,1887,31929984
Thailand,THA,1888,32564318
Thailand,THA,1889,34078108
Thailand,THA,1890,37017324
Thailand,THA,1891,38169892
Thailand,THA,1892,36078950
Thailand,THA,1893,37058530
Thailand,THA,1894,36037290
Thailand,THA,1895,35945150
Thailand,THA,1896,37923656
Thailand,THA,1897,41160090
Thailand,THA,1898,39055476
Thailand,THA,1899,38592796
Thailand,THA,1900,44558744
Thailand,THA,1901,47406040
Thailand,THA,1902,49888790
Thailand,THA,1903,54362084
Thailand,THA,1904,53823820
Thailand,THA,1905,55358188
Thailand,THA,1906,55723384
Thailand,THA,1907,57556244
Thailand,THA,1908,60403084
Thailand,THA,1909,59524070
Thailand,THA,1910,58886708
Thailand,THA,1911,64143230
Thailand,THA,1912,68557620
Thailand,THA,1913,69036230
Thailand,THA,1914,68768936
Thailand,THA,1915,68331176
Thailand,THA,1916,70598220
Thailand,THA,1917,73095530
Thailand,THA,1918,74893880
Thailand,THA,1919,72171016
Thailand,THA,1920,79079384
Thailand,THA,1921,88535096
Thailand,THA,1922,91095784
Thailand,THA,1923,92034540
Thailand,THA,1924,91857220
Thailand,THA,1925,94341410
Thailand,THA,1926,97752936
Thailand,THA,1927,96869190
Thailand,THA,1928,96077000
Thailand,THA,1929,99060020
Thailand,THA,1930,107466980
Thailand,THA,1931,110263256
Thailand,THA,1932,110224540
Thailand,THA,1933,111885950
Thailand,THA,1934,117317224
Thailand,THA,1935,118912776
Thailand,THA,1936,115933500
Thailand,THA,1937,119115630
Thailand,THA,1938,122844580
Thailand,THA,1939,121236136
Thailand,THA,1940,137499730
Thailand,THA,1941,155862380
Thailand,THA,1942,163656820
Thailand,THA,1943,162717120
Thailand,THA,1944,168658720
Thailand,THA,1945,171915840
Thailand,THA,1946,170775890
Thailand,THA,1947,174711220
Thailand,THA,1948,176898700
Thailand,THA,1949,177981040
Thailand,THA,1950,178956500
Thailand,THA,1951,181571630
Thailand,THA,1952,187428640
Thailand,THA,1953,192818850
Thailand,THA,1954,197743360
Thailand,THA,1955,205832080
Thailand,THA,1956,212047840
Thailand,THA,1957,214262000
Thailand,THA,1958,224999170
Thailand,THA,1959,218020370
Thailand,THA,1960,179584260
Thailand,THA,1961,205835620
Thailand,THA,1962,252707280
Thailand,THA,1963,238973000
Thailand,THA,1964,229426980
Thailand,THA,1965,229583380
Thailand,THA,1966,236024620
Thailand,THA,1967,226789700
Thailand,THA,1968,234220820
Thailand,THA,1969,249174060
Thailand,THA,1970,231707920
Thailand,THA,1971,332906600
Thailand,THA,1972,396377200
Thailand,THA,1973,418800580
Thailand,THA,1974,357015600
Thailand,THA,1975,325933760
Thailand,THA,1976,332389400
Thailand,THA,1977,332621120
Thailand,THA,1978,323804640
Thailand,THA,1979,300934270
Thailand,THA,1980,319769000
Thailand,THA,1981,327181950
Thailand,THA,1982,282649860
Thailand,THA,1983,271255260
Thailand,THA,1984,322861950
Thailand,THA,1985,303439330
Thailand,THA,1986,327562430
Thailand,THA,1987,290886180
Thailand,THA,1988,271884480
Thailand,THA,1989,269952260
Thailand,THA,1990,284133250
Thailand,THA,1991,274871940
Thailand,THA,1992,274914100
Thailand,THA,1993,297767070
Thailand,THA,1994,314637440
Thailand,THA,1995,328665820
Thailand,THA,1996,347118940
Thailand,THA,1997,348767330
Thailand,THA,1998,322652670
Thailand,THA,1999,331494720
Thailand,THA,2000,328485060
Thailand,THA,2001,336483070
Thailand,THA,2002,349930430
Thailand,THA,2003,364470000
Thailand,THA,2004,383577470
Thailand,THA,2005,394710180
Thailand,THA,2006,399545380
Thailand,THA,2007,433214700
Thailand,THA,2008,430308930
Thailand,THA,2009,439170180
Thailand,THA,2010,468357400
Thailand,THA,2011,462433570
Thailand,THA,2012,470506340
Thailand,THA,2013,468179970
Thailand,THA,2014,474804200
Thailand,THA,2015,459068030
Thailand,THA,2016,461967040
Thailand,THA,2017,454474850
Thailand,THA,2018,449532900
Thailand,THA,2019,435538200
Thailand,THA,2020,425390600
Thailand,THA,2021,421066850
Thailand,THA,2022,426320160
Thailand,THA,2023,416851800
Togo,TGO,1850,306297.72
Togo,TGO,1851,298313.3
Togo,TGO,1852,284454.84
Togo,TGO,1853,268578.8
Togo,TGO,1854,253295.89
Togo,TGO,1855,238816.95
Togo,TGO,1856,225316.14
Togo,TGO,1857,212757
Togo,TGO,1858,201112.19
Togo,TGO,1859,190290.28
Togo,TGO,1860,243312.25
Togo,TGO,1861,267303.56
Togo,TGO,1862,283927.47
Togo,TGO,1863,295544.12
Togo,TGO,1864,304809.8
Togo,TGO,1865,312938.25
Togo,TGO,1866,319978.8
Togo,TGO,1867,326136.53
Togo,TGO,1868,331524.9
Togo,TGO,1869,336229.97
Togo,TGO,1870,326524.4
Togo,TGO,1871,323938.44
Togo,TGO,1872,323457.66
Togo,TGO,1873,324012.03
Togo,TGO,1874,325099.47
Togo,TGO,1875,326190.34
Togo,TGO,1876,327341.38
Togo,TGO,1877,328334.4
Togo,TGO,1878,328997.22
Togo,TGO,1879,329120.8
Togo,TGO,1880,327296.34
Togo,TGO,1881,325710.53
Togo,TGO,1882,324527.3
Togo,TGO,1883,323509.72
Togo,TGO,1884,322457.34
Togo,TGO,1885,321316.47
Togo,TGO,1886,320106.5
Togo,TGO,1887,318920.34
Togo,TGO,1888,317750
Togo,TGO,1889,316596.66
Togo,TGO,1890,335595.12
Togo,TGO,1891,340083.9
Togo,TGO,1892,341356.44
Togo,TGO,1893,341005.97
Togo,TGO,1894,340158.6
Togo,TGO,1895,339079.44
Togo,TGO,1896,338180.16
Togo,TGO,1897,337139.62
Togo,TGO,1898,335874.84
Togo,TGO,1899,334760.88
Togo,TGO,1900,315797.88
Togo,TGO,1901,319579.94
Togo,TGO,1902,319467.06
Togo,TGO,1903,317062.1
Togo,TGO,1904,314288.56
Togo,TGO,1905,319573.5
Togo,TGO,1906,320560.16
Togo,TGO,1907,327544.3
Togo,TGO,1908,334361.3
Togo,TGO,1909,348417.44
Togo,TGO,1910,1463977.5
Togo,TGO,1911,1985261.9
Togo,TGO,1912,2319296.2
Togo,TGO,1913,2541557
Togo,TGO,1914,2730350.2
Togo,TGO,1915,2901292.2
Togo,TGO,1916,3051037
Togo,TGO,1917,3184895.2
Togo,TGO,1918,3314104.2
Togo,TGO,1919,3412015.2
Togo,TGO,1920,3680851.5
Togo,TGO,1921,3834787.8
Togo,TGO,1922,3994357
Togo,TGO,1923,4107448.8
Togo,TGO,1924,4184004.8
Togo,TGO,1925,4266069
Togo,TGO,1926,4333370
Togo,TGO,1927,4659057.5
Togo,TGO,1928,4528988
Togo,TGO,1929,4727760
Togo,TGO,1930,5051919
Togo,TGO,1931,5209020.5
Togo,TGO,1932,5253251.5
Togo,TGO,1933,5068414.5
Togo,TGO,1934,5304405
Togo,TGO,1935,5127126
Togo,TGO,1936,5155843
Togo,TGO,1937,5159720.5
Togo,TGO,1938,5160891
Togo,TGO,1939,5166623
Togo,TGO,1940,5517690.5
Togo,TGO,1941,5501309
Togo,TGO,1942,5559840.5
Togo,TGO,1943,6020116.5
Togo,TGO,1944,5921566.5
Togo,TGO,1945,5875722
Togo,TGO,1946,6260219
Togo,TGO,1947,6435849.5
Togo,TGO,1948,6197143
Togo,TGO,1949,6832064.5
Togo,TGO,1950,6856051
Togo,TGO,1951,6375467
Togo,TGO,1952,5457695
Togo,TGO,1953,4801019
Togo,TGO,1954,5034419.5
Togo,TGO,1955,4884665
Togo,TGO,1956,4930175
Togo,TGO,1957,5090265
Togo,TGO,1958,5188664
Togo,TGO,1959,4990650.5
Togo,TGO,1960,3884722.8
Togo,TGO,1961,3455111.8
Togo,TGO,1962,3291169.8
Togo,TGO,1963,3255866
Togo,TGO,1964,3476977.2
Togo,TGO,1965,3391263
Togo,TGO,1966,3369740.2
Togo,TGO,1967,3419346
Togo,TGO,1968,3568083.8
Togo,TGO,1969,3420464.2
Togo,TGO,1970,3335351
Togo,TGO,1971,3329528
Togo,TGO,1972,3407714.5
Togo,TGO,1973,3486257
Togo,TGO,1974,3376795.2
Togo,TGO,1975,3455172.8
Togo,TGO,1976,3638009.2
Togo,TGO,1977,8026306.5
Togo,TGO,1978,7885629.5
Togo,TGO,1979,7546920.5
Togo,TGO,1980,6181915.5
Togo,TGO,1981,5495740
Togo,TGO,1982,5599509.5
Togo,TGO,1983,7145783
Togo,TGO,1984,6331536.5
Togo,TGO,1985,5781413.5
Togo,TGO,1986,6626067
Togo,TGO,1987,7508687.5
Togo,TGO,1988,6911161.5
Togo,TGO,1989,7548495
Togo,TGO,1990,8038939
Togo,TGO,1991,8374067.5
Togo,TGO,1992,8711176
Togo,TGO,1993,8644934
Togo,TGO,1994,9294018
Togo,TGO,1995,9863674
Togo,TGO,1996,11429209
Togo,TGO,1997,11269040
Togo,TGO,1998,11914599
Togo,TGO,1999,12024397
Togo,TGO,2000,10923250
Togo,TGO,2001,9737478
Togo,TGO,2002,9507326
Togo,TGO,2003,9242919
Togo,TGO,2004,9550967
Togo,TGO,2005,11655591
Togo,TGO,2006,10075531
Togo,TGO,2007,10407982
Togo,TGO,2008,10889043
Togo,TGO,2009,11712977
Togo,TGO,2010,12154747
Togo,TGO,2011,16583426
Togo,TGO,2012,13064119
Togo,TGO,2013,11550703
Togo,TGO,2014,10344356
Togo,TGO,2015,10586284
Togo,TGO,2016,10572724
Togo,TGO,2017,10587359
Togo,TGO,2018,10508737
Togo,TGO,2019,10711394
Togo,TGO,2020,11284750
Togo,TGO,2021,11437841
Togo,TGO,2022,11665215
Togo,TGO,2023,11890758
Tonga,TON,1850,50196.21
Tonga,TON,1851,50395.785
Tonga,TON,1852,50558.37
Tonga,TON,1853,50747.855
Tonga,TON,1854,50954.84
Tonga,TON,1855,51179.082
Tonga,TON,1856,51420.34
Tonga,TON,1857,51678.383
Tonga,TON,1858,51952.97
Tonga,TON,1859,52234.7
Tonga,TON,1860,51872.98
Tonga,TON,1861,51596.95
Tonga,TON,1862,51522.11
Tonga,TON,1863,51538.64
Tonga,TON,1864,51628.312
Tonga,TON,1865,51754.586
Tonga,TON,1866,51926.72
Tonga,TON,1867,52135.645
Tonga,TON,1868,52372.3
Tonga,TON,1869,52645.945
Tonga,TON,1870,52920.035
Tonga,TON,1871,53245.246
Tonga,TON,1872,53609.95
Tonga,TON,1873,54036.75
Tonga,TON,1874,54474.953
Tonga,TON,1875,54947.14
Tonga,TON,1876,55448.426
Tonga,TON,1877,55964.746
Tonga,TON,1878,56482.06
Tonga,TON,1879,57013.777
Tonga,TON,1880,57509.22
Tonga,TON,1881,58036.895
Tonga,TON,1882,58575.707
Tonga,TON,1883,59130.914
Tonga,TON,1884,59693.88
Tonga,TON,1885,60283.44
Tonga,TON,1886,60890.973
Tonga,TON,1887,61498.676
Tonga,TON,1888,62134.547
Tonga,TON,1889,62789.97
Tonga,TON,1890,63563.977
Tonga,TON,1891,64159.707
Tonga,TON,1892,64755.055
Tonga,TON,1893,65386.273
Tonga,TON,1894,66052.984
Tonga,TON,1895,66736.484
Tonga,TON,1896,67446.01
Tonga,TON,1897,68171.57
Tonga,TON,1898,68931.12
Tonga,TON,1899,69715.1
Tonga,TON,1900,70504.836
Tonga,TON,1901,71327.94
Tonga,TON,1902,72172.586
Tonga,TON,1903,73013.77
Tonga,TON,1904,73874.805
Tonga,TON,1905,74815.57
Tonga,TON,1906,75804.41
Tonga,TON,1907,76699.695
Tonga,TON,1908,77671.3
Tonga,TON,1909,78595.91
Tonga,TON,1910,79194.54
Tonga,TON,1911,79919.84
Tonga,TON,1912,80724.67
Tonga,TON,1913,81490.555
Tonga,TON,1914,82355.516
Tonga,TON,1915,83164.42
Tonga,TON,1916,84220.18
Tonga,TON,1917,85037.914
Tonga,TON,1918,86021.27
Tonga,TON,1919,87088.44
Tonga,TON,1920,87992.67
Tonga,TON,1921,88984.484
Tonga,TON,1922,90079.88
Tonga,TON,1923,90876.69
Tonga,TON,1924,92123.7
Tonga,TON,1925,93095.74
Tonga,TON,1926,94247.52
Tonga,TON,1927,95388.68
Tonga,TON,1928,96387.65
Tonga,TON,1929,97561.86
Tonga,TON,1930,98427.6
Tonga,TON,1931,99859.086
Tonga,TON,1932,101012.766
Tonga,TON,1933,102322.56
Tonga,TON,1934,103275.375
Tonga,TON,1935,104677.65
Tonga,TON,1936,105803.09
Tonga,TON,1937,106819.68
Tonga,TON,1938,108194.914
Tonga,TON,1939,109287.93
Tonga,TON,1940,110218.18
Tonga,TON,1941,111821.16
Tonga,TON,1942,113299.88
Tonga,TON,1943,114769.54
Tonga,TON,1944,116180.29
Tonga,TON,1945,117850.74
Tonga,TON,1946,119587.19
Tonga,TON,1947,121847.55
Tonga,TON,1948,123633.734
Tonga,TON,1949,125509.63
Tonga,TON,1950,150629.97
Tonga,TON,1951,163823.69
Tonga,TON,1952,170812.23
Tonga,TON,1953,174690.8
Tonga,TON,1954,177748.2
Tonga,TON,1955,223431.58
Tonga,TON,1956,261278.27
Tonga,TON,1957,220005.4
Tonga,TON,1958,211450.98
Tonga,TON,1959,212676
Tonga,TON,1960,207724.72
Tonga,TON,1961,224363.8
Tonga,TON,1962,239968.95
Tonga,TON,1963,232095.08
Tonga,TON,1964,251366.31
Tonga,TON,1965,280252.56
Tonga,TON,1966,265593.1
Tonga,TON,1967,261312.69
Tonga,TON,1968,280476.56
Tonga,TON,1969,240700.2
Tonga,TON,1970,227937.66
Tonga,TON,1971,195112.1
Tonga,TON,1972,170246.78
Tonga,TON,1973,161915.9
Tonga,TON,1974,150976.86
Tonga,TON,1975,144982.03
Tonga,TON,1976,143124.84
Tonga,TON,1977,144316.25
Tonga,TON,1978,163657.95
Tonga,TON,1979,189054.42
Tonga,TON,1980,192267.23
Tonga,TON,1981,201984.8
Tonga,TON,1982,166519
Tonga,TON,1983,150956.83
Tonga,TON,1984,137128.48
Tonga,TON,1985,146394.7
Tonga,TON,1986,147868.62
Tonga,TON,1987,164103.73
Tonga,TON,1988,170452.5
Tonga,TON,1989,163782.67
Tonga,TON,1990,169566.03
Tonga,TON,1991,172487.39
Tonga,TON,1992,157596.38
Tonga,TON,1993,178220.05
Tonga,TON,1994,205076.62
Tonga,TON,1995,196615.05
Tonga,TON,1996,146832.34
Tonga,TON,1997,175500.86
Tonga,TON,1998,165402.22
Tonga,TON,1999,177126.75
Tonga,TON,2000,164045.89
Tonga,TON,2001,157551.23
Tonga,TON,2002,173020.06
Tonga,TON,2003,188697.95
Tonga,TON,2004,188345.48
Tonga,TON,2005,218912.31
Tonga,TON,2006,240142.17
Tonga,TON,2007,227312.48
Tonga,TON,2008,258086.7
Tonga,TON,2009,262906.7
Tonga,TON,2010,249014.98
Tonga,TON,2011,253716.86
Tonga,TON,2012,256779.89
Tonga,TON,2013,285769.44
Tonga,TON,2014,295589.1
Tonga,TON,2015,293851.2
Tonga,TON,2016,296913.8
Tonga,TON,2017,300795
Tonga,TON,2018,287763.53
Tonga,TON,2019,304894.62
Tonga,TON,2020,320507.72
Tonga,TON,2021,324681.7
Tonga,TON,2022,324808.2
Tonga,TON,2023,324135.4
Trinidad and Tobago,TTO,1850,619766.6
Trinidad and Tobago,TTO,1851,586614.7
Trinidad and Tobago,TTO,1852,575380.3
Trinidad and Tobago,TTO,1853,577499.94
Trinidad and Tobago,TTO,1854,582037.5
Trinidad and Tobago,TTO,1855,586830.6
Trinidad and Tobago,TTO,1856,593102.56
Trinidad and Tobago,TTO,1857,600019.44
Trinidad and Tobago,TTO,1858,607270.25
Trinidad and Tobago,TTO,1859,614773
Trinidad and Tobago,TTO,1860,599463.25
Trinidad and Tobago,TTO,1861,601592.8
Trinidad and Tobago,TTO,1862,607339.9
Trinidad and Tobago,TTO,1863,615381.3
Trinidad and Tobago,TTO,1864,624106.5
Trinidad and Tobago,TTO,1865,632887.1
Trinidad and Tobago,TTO,1866,641909
Trinidad and Tobago,TTO,1867,650920.2
Trinidad and Tobago,TTO,1868,660104.1
Trinidad and Tobago,TTO,1869,669327.56
Trinidad and Tobago,TTO,1870,945138.4
Trinidad and Tobago,TTO,1871,1044675.8
Trinidad and Tobago,TTO,1872,1104284.2
Trinidad and Tobago,TTO,1873,1140169.8
Trinidad and Tobago,TTO,1874,1170832.8
Trinidad and Tobago,TTO,1875,1198451.6
Trinidad and Tobago,TTO,1876,1224031.9
Trinidad and Tobago,TTO,1877,1247953.9
Trinidad and Tobago,TTO,1878,1270780.4
Trinidad and Tobago,TTO,1879,1292964.1
Trinidad and Tobago,TTO,1880,1202100
Trinidad and Tobago,TTO,1881,1181546.5
Trinidad and Tobago,TTO,1882,1177902
Trinidad and Tobago,TTO,1883,1183523.1
Trinidad and Tobago,TTO,1884,1190681.5
Trinidad and Tobago,TTO,1885,1198675.9
Trinidad and Tobago,TTO,1886,1207152.2
Trinidad and Tobago,TTO,1887,1216109.2
Trinidad and Tobago,TTO,1888,1225344.2
Trinidad and Tobago,TTO,1889,1235290
Trinidad and Tobago,TTO,1890,1102738.4
Trinidad and Tobago,TTO,1891,1068418
Trinidad and Tobago,TTO,1892,1055722.5
Trinidad and Tobago,TTO,1893,1056986.6
Trinidad and Tobago,TTO,1894,1062147.4
Trinidad and Tobago,TTO,1895,1068533.4
Trinidad and Tobago,TTO,1896,1075221.9
Trinidad and Tobago,TTO,1897,1083478
Trinidad and Tobago,TTO,1898,1093347.5
Trinidad and Tobago,TTO,1899,1103985.1
Trinidad and Tobago,TTO,1900,1478572.6
Trinidad and Tobago,TTO,1901,1614242
Trinidad and Tobago,TTO,1902,1694602
Trinidad and Tobago,TTO,1903,1742815.5
Trinidad and Tobago,TTO,1904,1783885.6
Trinidad and Tobago,TTO,1905,1821461
Trinidad and Tobago,TTO,1906,1856312.5
Trinidad and Tobago,TTO,1907,1888957.8
Trinidad and Tobago,TTO,1908,1920234.4
Trinidad and Tobago,TTO,1909,1991702.9
Trinidad and Tobago,TTO,1910,1741179.5
Trinidad and Tobago,TTO,1911,1728363.4
Trinidad and Tobago,TTO,1912,1779759.8
Trinidad and Tobago,TTO,1913,1811389.6
Trinidad and Tobago,TTO,1914,1887481.8
Trinidad and Tobago,TTO,1915,1946541.6
Trinidad and Tobago,TTO,1916,2045092.9
Trinidad and Tobago,TTO,1917,2177886.2
Trinidad and Tobago,TTO,1918,2438539
Trinidad and Tobago,TTO,1919,2335162.2
Trinidad and Tobago,TTO,1920,2314248
Trinidad and Tobago,TTO,1921,2367859.2
Trinidad and Tobago,TTO,1922,2306773.5
Trinidad and Tobago,TTO,1923,2515222.5
Trinidad and Tobago,TTO,1924,2945443.5
Trinidad and Tobago,TTO,1925,3270893
Trinidad and Tobago,TTO,1926,3227767.2
Trinidad and Tobago,TTO,1927,3362374.2
Trinidad and Tobago,TTO,1928,4493814
Trinidad and Tobago,TTO,1929,4963761
Trinidad and Tobago,TTO,1930,4994547.5
Trinidad and Tobago,TTO,1931,4466184
Trinidad and Tobago,TTO,1932,4679155
Trinidad and Tobago,TTO,1933,5647294
Trinidad and Tobago,TTO,1934,6287259
Trinidad and Tobago,TTO,1935,6634063.5
Trinidad and Tobago,TTO,1936,7323168
Trinidad and Tobago,TTO,1937,9052977
Trinidad and Tobago,TTO,1938,10225353
Trinidad and Tobago,TTO,1939,11422654
Trinidad and Tobago,TTO,1940,12976110
Trinidad and Tobago,TTO,1941,12264347
Trinidad and Tobago,TTO,1942,13154374
Trinidad and Tobago,TTO,1943,12829696
Trinidad and Tobago,TTO,1944,13395875
Trinidad and Tobago,TTO,1945,13776129
Trinidad and Tobago,TTO,1946,13809379
Trinidad and Tobago,TTO,1947,14980919
Trinidad and Tobago,TTO,1948,15734001
Trinidad and Tobago,TTO,1949,16933682
Trinidad and Tobago,TTO,1950,5345650.5
Trinidad and Tobago,TTO,1951,5479495.5
Trinidad and Tobago,TTO,1952,5757648.5
Trinidad and Tobago,TTO,1953,5947916
Trinidad and Tobago,TTO,1954,5795977
Trinidad and Tobago,TTO,1955,5584848
Trinidad and Tobago,TTO,1956,5764928
Trinidad and Tobago,TTO,1957,5205164.5
Trinidad and Tobago,TTO,1958,6368752
Trinidad and Tobago,TTO,1959,5543836.5
Trinidad and Tobago,TTO,1960,4812194.5
Trinidad and Tobago,TTO,1961,7790605.5
Trinidad and Tobago,TTO,1962,11638762
Trinidad and Tobago,TTO,1963,5243029.5
Trinidad and Tobago,TTO,1964,6758518
Trinidad and Tobago,TTO,1965,8798041
Trinidad and Tobago,TTO,1966,7250863
Trinidad and Tobago,TTO,1967,8142002
Trinidad and Tobago,TTO,1968,7358541
Trinidad and Tobago,TTO,1969,7301322.5
Trinidad and Tobago,TTO,1970,13077643
Trinidad and Tobago,TTO,1971,12089600
Trinidad and Tobago,TTO,1972,13588004
Trinidad and Tobago,TTO,1973,14202234
Trinidad and Tobago,TTO,1974,14557373
Trinidad and Tobago,TTO,1975,14097851
Trinidad and Tobago,TTO,1976,20607632
Trinidad and Tobago,TTO,1977,21016652
Trinidad and Tobago,TTO,1978,20428932
Trinidad and Tobago,TTO,1979,21573618
Trinidad and Tobago,TTO,1980,21846566
Trinidad and Tobago,TTO,1981,22245626
Trinidad and Tobago,TTO,1982,23591508
Trinidad and Tobago,TTO,1983,21299436
Trinidad and Tobago,TTO,1984,22662010
Trinidad and Tobago,TTO,1985,26074512
Trinidad and Tobago,TTO,1986,22650054
Trinidad and Tobago,TTO,1987,23016986
Trinidad and Tobago,TTO,1988,21659296
Trinidad and Tobago,TTO,1989,22563004
Trinidad and Tobago,TTO,1990,23708764
Trinidad and Tobago,TTO,1991,23284844
Trinidad and Tobago,TTO,1992,25256612
Trinidad and Tobago,TTO,1993,23715710
Trinidad and Tobago,TTO,1994,22124200
Trinidad and Tobago,TTO,1995,21405028
Trinidad and Tobago,TTO,1996,25337536
Trinidad and Tobago,TTO,1997,25768806
Trinidad and Tobago,TTO,1998,28199728
Trinidad and Tobago,TTO,1999,31455122
Trinidad and Tobago,TTO,2000,34491944
Trinidad and Tobago,TTO,2001,37364260
Trinidad and Tobago,TTO,2002,40666320
Trinidad and Tobago,TTO,2003,47374064
Trinidad and Tobago,TTO,2004,49139976
Trinidad and Tobago,TTO,2005,55983036
Trinidad and Tobago,TTO,2006,63541264
Trinidad and Tobago,TTO,2007,67096744
Trinidad and Tobago,TTO,2008,65622604
Trinidad and Tobago,TTO,2009,66130436
Trinidad and Tobago,TTO,2010,69452136
Trinidad and Tobago,TTO,2011,68647650
Trinidad and Tobago,TTO,2012,67548890
Trinidad and Tobago,TTO,2013,67022200
Trinidad and Tobago,TTO,2014,68195380
Trinidad and Tobago,TTO,2015,66041684
Trinidad and Tobago,TTO,2016,58166280
Trinidad and Tobago,TTO,2017,58817556
Trinidad and Tobago,TTO,2018,59731876
Trinidad and Tobago,TTO,2019,60313540
Trinidad and Tobago,TTO,2020,52388624
Trinidad and Tobago,TTO,2021,51881064
Trinidad and Tobago,TTO,2022,52270150
Trinidad and Tobago,TTO,2023,48553910
Tunisia,TUN,1850,730058.5
Tunisia,TUN,1851,741222.2
Tunisia,TUN,1852,749392.75
Tunisia,TUN,1853,755413.25
Tunisia,TUN,1854,760731.3
Tunisia,TUN,1855,765356.44
Tunisia,TUN,1856,769664.56
Tunisia,TUN,1857,773702
Tunisia,TUN,1858,777478.3
Tunisia,TUN,1859,781021.4
Tunisia,TUN,1860,794746.7
Tunisia,TUN,1861,808202.06
Tunisia,TUN,1862,819633.2
Tunisia,TUN,1863,832922.56
Tunisia,TUN,1864,842665.3
Tunisia,TUN,1865,852053.56
Tunisia,TUN,1866,861185.8
Tunisia,TUN,1867,870114.5
Tunisia,TUN,1868,881952.94
Tunisia,TUN,1869,893856.7
Tunisia,TUN,1870,921741.75
Tunisia,TUN,1871,940537.06
Tunisia,TUN,1872,957269.2
Tunisia,TUN,1873,972753.44
Tunisia,TUN,1874,988171.4
Tunisia,TUN,1875,1004350.5
Tunisia,TUN,1876,1020274.7
Tunisia,TUN,1877,1035705.5
Tunisia,TUN,1878,1050321.9
Tunisia,TUN,1879,1063821
Tunisia,TUN,1880,1093597.6
Tunisia,TUN,1881,1115159.1
Tunisia,TUN,1882,1132755.8
Tunisia,TUN,1883,1147653.6
Tunisia,TUN,1884,1161585.2
Tunisia,TUN,1885,1174717
Tunisia,TUN,1886,1187444.1
Tunisia,TUN,1887,1199878.1
Tunisia,TUN,1888,1212103
Tunisia,TUN,1889,1224230.4
Tunisia,TUN,1890,1280403.5
Tunisia,TUN,1891,1314286.5
Tunisia,TUN,1892,1340020.4
Tunisia,TUN,1893,1362440.2
Tunisia,TUN,1894,1389927
Tunisia,TUN,1895,1428598.4
Tunisia,TUN,1896,1485561.8
Tunisia,TUN,1897,1568171.8
Tunisia,TUN,1898,1680256.6
Tunisia,TUN,1899,1820844.6
Tunisia,TUN,1900,2026090.6
Tunisia,TUN,1901,2240240.8
Tunisia,TUN,1902,2456168.2
Tunisia,TUN,1903,2681806.2
Tunisia,TUN,1904,2904835
Tunisia,TUN,1905,3130576.8
Tunisia,TUN,1906,3359435.5
Tunisia,TUN,1907,3567972.2
Tunisia,TUN,1908,3784049
Tunisia,TUN,1909,4005753.8
Tunisia,TUN,1910,4312193.5
Tunisia,TUN,1911,4576436.5
Tunisia,TUN,1912,4798098
Tunisia,TUN,1913,4999108
Tunisia,TUN,1914,5204124.5
Tunisia,TUN,1915,5408538
Tunisia,TUN,1916,5595193.5
Tunisia,TUN,1917,5789345.5
Tunisia,TUN,1918,5966953.5
Tunisia,TUN,1919,6073246.5
Tunisia,TUN,1920,6379242
Tunisia,TUN,1921,6603558.5
Tunisia,TUN,1922,6729964
Tunisia,TUN,1923,6884642
Tunisia,TUN,1924,7008693.5
Tunisia,TUN,1925,7130126
Tunisia,TUN,1926,7225924
Tunisia,TUN,1927,7315554
Tunisia,TUN,1928,7402330
Tunisia,TUN,1929,7466822
Tunisia,TUN,1930,7915436
Tunisia,TUN,1931,8169735
Tunisia,TUN,1932,8322460.5
Tunisia,TUN,1933,8439609
Tunisia,TUN,1934,8523775
Tunisia,TUN,1935,8562779
Tunisia,TUN,1936,8606605
Tunisia,TUN,1937,8618264
Tunisia,TUN,1938,8636885
Tunisia,TUN,1939,8633156
Tunisia,TUN,1940,10447206
Tunisia,TUN,1941,11439752
Tunisia,TUN,1942,12044685
Tunisia,TUN,1943,12297291
Tunisia,TUN,1944,12637176
Tunisia,TUN,1945,12883729
Tunisia,TUN,1946,13155625
Tunisia,TUN,1947,13298759
Tunisia,TUN,1948,13449404
Tunisia,TUN,1949,13486916
Tunisia,TUN,1950,13962118
Tunisia,TUN,1951,13429091
Tunisia,TUN,1952,12833123
Tunisia,TUN,1953,12202839
Tunisia,TUN,1954,11633721
Tunisia,TUN,1955,11308888
Tunisia,TUN,1956,10767744
Tunisia,TUN,1957,10367929
Tunisia,TUN,1958,9949969
Tunisia,TUN,1959,10038471
Tunisia,TUN,1960,9078349
Tunisia,TUN,1961,8891745
Tunisia,TUN,1962,8408621
Tunisia,TUN,1963,10054269
Tunisia,TUN,1964,10456431
Tunisia,TUN,1965,9798616
Tunisia,TUN,1966,10330716
Tunisia,TUN,1967,10549051
Tunisia,TUN,1968,14846125
Tunisia,TUN,1969,17855720
Tunisia,TUN,1970,15693876
Tunisia,TUN,1971,17911336
Tunisia,TUN,1972,18715130
Tunisia,TUN,1973,18167834
Tunisia,TUN,1974,19411754
Tunisia,TUN,1975,19862496
Tunisia,TUN,1976,18791380
Tunisia,TUN,1977,17818672
Tunisia,TUN,1978,17456488
Tunisia,TUN,1979,16921358
Tunisia,TUN,1980,19091978
Tunisia,TUN,1981,20461716
Tunisia,TUN,1982,21311876
Tunisia,TUN,1983,22628720
Tunisia,TUN,1984,21782062
Tunisia,TUN,1985,21308138
Tunisia,TUN,1986,21398884
Tunisia,TUN,1987,20874946
Tunisia,TUN,1988,22265424
Tunisia,TUN,1989,22567294
Tunisia,TUN,1990,22986720
Tunisia,TUN,1991,26298536
Tunisia,TUN,1992,26041358
Tunisia,TUN,1993,26174632
Tunisia,TUN,1994,27057628
Tunisia,TUN,1995,27049182
Tunisia,TUN,1996,27691128
Tunisia,TUN,1997,29622082
Tunisia,TUN,1998,30932944
Tunisia,TUN,1999,30728960
Tunisia,TUN,2000,31359122
Tunisia,TUN,2001,32709786
Tunisia,TUN,2002,33318064
Tunisia,TUN,2003,33612384
Tunisia,TUN,2004,34697064
Tunisia,TUN,2005,36315270
Tunisia,TUN,2006,37682356
Tunisia,TUN,2007,39995536
Tunisia,TUN,2008,41950964
Tunisia,TUN,2009,46442516
Tunisia,TUN,2010,46243256
Tunisia,TUN,2011,42260536
Tunisia,TUN,2012,44372236
Tunisia,TUN,2013,42086690
Tunisia,TUN,2014,43262170
Tunisia,TUN,2015,45131964
Tunisia,TUN,2016,45428350
Tunisia,TUN,2017,45173444
Tunisia,TUN,2018,44580850
Tunisia,TUN,2019,43461452
Tunisia,TUN,2020,41427236
Tunisia,TUN,2021,44880590
Tunisia,TUN,2022,45735412
Tunisia,TUN,2023,46755140
Turkey,TUR,1850,20490540
Turkey,TUR,1851,20195316
Turkey,TUR,1852,19921692
Turkey,TUR,1853,19691024
Turkey,TUR,1854,19480024
Turkey,TUR,1855,19283276
Turkey,TUR,1856,19117254
Turkey,TUR,1857,18936492
Turkey,TUR,1858,18774238
Turkey,TUR,1859,18633210
Turkey,TUR,1860,18458506
Turkey,TUR,1861,18288624
Turkey,TUR,1862,18157968
Turkey,TUR,1863,18027400
Turkey,TUR,1864,17922292
Turkey,TUR,1865,17984470
Turkey,TUR,1866,17920414
Turkey,TUR,1867,17861292
Turkey,TUR,1868,17733692
Turkey,TUR,1869,17767946
Turkey,TUR,1870,16812886
Turkey,TUR,1871,16514557
Turkey,TUR,1872,16347033
Turkey,TUR,1873,16198760
Turkey,TUR,1874,16097581
Turkey,TUR,1875,16129204
Turkey,TUR,1876,15994138
Turkey,TUR,1877,16146385
Turkey,TUR,1878,15982534
Turkey,TUR,1879,15724896
Turkey,TUR,1880,15626041
Turkey,TUR,1881,15573096
Turkey,TUR,1882,15468010
Turkey,TUR,1883,15412692
Turkey,TUR,1884,15379968
Turkey,TUR,1885,15372924
Turkey,TUR,1886,15287282
Turkey,TUR,1887,15570758
Turkey,TUR,1888,15773732
Turkey,TUR,1889,16119757
Turkey,TUR,1890,16302242
Turkey,TUR,1891,16539136
Turkey,TUR,1892,16785864
Turkey,TUR,1893,17065802
Turkey,TUR,1894,17266246
Turkey,TUR,1895,17526606
Turkey,TUR,1896,17900476
Turkey,TUR,1897,18066862
Turkey,TUR,1898,18725544
Turkey,TUR,1899,19194376
Turkey,TUR,1900,19797826
Turkey,TUR,1901,19846090
Turkey,TUR,1902,20163112
Turkey,TUR,1903,20546074
Turkey,TUR,1904,20939526
Turkey,TUR,1905,21024826
Turkey,TUR,1906,20897618
Turkey,TUR,1907,20729952
Turkey,TUR,1908,19819824
Turkey,TUR,1909,19512444
Turkey,TUR,1910,23952340
Turkey,TUR,1911,26435848
Turkey,TUR,1912,27541848
Turkey,TUR,1913,28553494
Turkey,TUR,1914,28991640
Turkey,TUR,1915,29024222
Turkey,TUR,1916,29094646
Turkey,TUR,1917,29507634
Turkey,TUR,1918,30018190
Turkey,TUR,1919,30896620
Turkey,TUR,1920,32921786
Turkey,TUR,1921,33106984
Turkey,TUR,1922,33866910
Turkey,TUR,1923,34898280
Turkey,TUR,1924,36479750
Turkey,TUR,1925,36773510
Turkey,TUR,1926,37887750
Turkey,TUR,1927,38606530
Turkey,TUR,1928,38859444
Turkey,TUR,1929,39732204
Turkey,TUR,1930,47053600
Turkey,TUR,1931,50504800
Turkey,TUR,1932,52780940
Turkey,TUR,1933,55551450
Turkey,TUR,1934,58194680
Turkey,TUR,1935,59881668
Turkey,TUR,1936,61273544
Turkey,TUR,1937,60764196
Turkey,TUR,1938,62519280
Turkey,TUR,1939,64015424
Turkey,TUR,1940,62552396
Turkey,TUR,1941,62215820
Turkey,TUR,1942,61756244
Turkey,TUR,1943,63497740
Turkey,TUR,1944,65173028
Turkey,TUR,1945,65882450
Turkey,TUR,1946,66664836
Turkey,TUR,1947,67862536
Turkey,TUR,1948,68942070
Turkey,TUR,1949,69902820
Turkey,TUR,1950,81845040
Turkey,TUR,1951,88571080
Turkey,TUR,1952,92744984
Turkey,TUR,1953,100431224
Turkey,TUR,1954,103582664
Turkey,TUR,1955,107933320
Turkey,TUR,1956,113074420
Turkey,TUR,1957,118938620
Turkey,TUR,1958,123185336
Turkey,TUR,1959,128262500
Turkey,TUR,1960,110110770
Turkey,TUR,1961,114018100
Turkey,TUR,1962,142852140
Turkey,TUR,1963,125855250
Turkey,TUR,1964,126287000
Turkey,TUR,1965,133621256
Turkey,TUR,1966,129599260
Turkey,TUR,1967,147579180
Turkey,TUR,1968,185344660
Turkey,TUR,1969,156656590
Turkey,TUR,1970,161186160
Turkey,TUR,1971,177687820
Turkey,TUR,1972,163569740
Turkey,TUR,1973,157326100
Turkey,TUR,1974,147948500
Turkey,TUR,1975,151373000
Turkey,TUR,1976,165574770
Turkey,TUR,1977,173973980
Turkey,TUR,1978,197274300
Turkey,TUR,1979,174458460
Turkey,TUR,1980,168841220
Turkey,TUR,1981,156497180
Turkey,TUR,1982,159304200
Turkey,TUR,1983,192360900
Turkey,TUR,1984,187938940
Turkey,TUR,1985,188475580
Turkey,TUR,1986,219646820
Turkey,TUR,1987,219434690
Turkey,TUR,1988,226811170
Turkey,TUR,1989,229056560
Turkey,TUR,1990,243461250
Turkey,TUR,1991,240267280
Turkey,TUR,1992,244940480
Turkey,TUR,1993,255170060
Turkey,TUR,1994,236248670
Turkey,TUR,1995,250182850
Turkey,TUR,1996,271899900
Turkey,TUR,1997,297777150
Turkey,TUR,1998,296961340
Turkey,TUR,1999,286698340
Turkey,TUR,2000,317785820
Turkey,TUR,2001,304604030
Turkey,TUR,2002,296860480
Turkey,TUR,2003,334439800
Turkey,TUR,2004,328690370
Turkey,TUR,2005,338215800
Turkey,TUR,2006,352300670
Turkey,TUR,2007,383897060
Turkey,TUR,2008,378405540
Turkey,TUR,2009,395250300
Turkey,TUR,2010,390870500
Turkey,TUR,2011,427090900
Turkey,TUR,2012,459346430
Turkey,TUR,2013,462882140
Turkey,TUR,2014,483129470
Turkey,TUR,2015,510195970
Turkey,TUR,2016,537191700
Turkey,TUR,2017,567014460
Turkey,TUR,2018,551631360
Turkey,TUR,2019,543939800
Turkey,TUR,2020,566475800
Turkey,TUR,2021,614056300
Turkey,TUR,2022,606480500
Turkey,TUR,2023,611702800
Turkmenistan,TKM,1850,4026069
Turkmenistan,TKM,1851,4051294.5
Turkmenistan,TKM,1852,4073421.8
Turkmenistan,TKM,1853,4093962
Turkmenistan,TKM,1854,4113466.5
Turkmenistan,TKM,1855,4134794.5
Turkmenistan,TKM,1856,4149438.8
Turkmenistan,TKM,1857,4166157.2
Turkmenistan,TKM,1858,4186122.2
Turkmenistan,TKM,1859,4201371.5
Turkmenistan,TKM,1860,4224237.5
Turkmenistan,TKM,1861,4249595.5
Turkmenistan,TKM,1862,4268856.5
Turkmenistan,TKM,1863,4311449.5
Turkmenistan,TKM,1864,4330615.5
Turkmenistan,TKM,1865,4348012.5
Turkmenistan,TKM,1866,4381414.5
Turkmenistan,TKM,1867,4402114
Turkmenistan,TKM,1868,4414855
Turkmenistan,TKM,1869,4439572.5
Turkmenistan,TKM,1870,4478282.5
Turkmenistan,TKM,1871,4522808
Turkmenistan,TKM,1872,4556269.5
Turkmenistan,TKM,1873,4587979.5
Turkmenistan,TKM,1874,4633033
Turkmenistan,TKM,1875,4677813
Turkmenistan,TKM,1876,4729714
Turkmenistan,TKM,1877,4767614
Turkmenistan,TKM,1878,4824231.5
Turkmenistan,TKM,1879,4857560.5
Turkmenistan,TKM,1880,4908004
Turkmenistan,TKM,1881,4948058
Turkmenistan,TKM,1882,4980646.5
Turkmenistan,TKM,1883,5023612
Turkmenistan,TKM,1884,5056728.5
Turkmenistan,TKM,1885,5098641.5
Turkmenistan,TKM,1886,5124594
Turkmenistan,TKM,1887,5164334
Turkmenistan,TKM,1888,5195929.5
Turkmenistan,TKM,1889,5230978.5
Turkmenistan,TKM,1890,5303516
Turkmenistan,TKM,1891,5372202.5
Turkmenistan,TKM,1892,5417393.5
Turkmenistan,TKM,1893,5503397
Turkmenistan,TKM,1894,5526717.5
Turkmenistan,TKM,1895,5628802
Turkmenistan,TKM,1896,5658207.5
Turkmenistan,TKM,1897,5754630.5
Turkmenistan,TKM,1898,5845189.5
Turkmenistan,TKM,1899,5953542.5
Turkmenistan,TKM,1900,6085569.5
Turkmenistan,TKM,1901,6221872
Turkmenistan,TKM,1902,6212340.5
Turkmenistan,TKM,1903,6075016.5
Turkmenistan,TKM,1904,6193261.5
Turkmenistan,TKM,1905,6102045.5
Turkmenistan,TKM,1906,6270906.5
Turkmenistan,TKM,1907,6284571.5
Turkmenistan,TKM,1908,6383277.5
Turkmenistan,TKM,1909,6580725.5
Turkmenistan,TKM,1910,6528721
Turkmenistan,TKM,1911,6456197.5
Turkmenistan,TKM,1912,6756868
Turkmenistan,TKM,1913,6886651.5
Turkmenistan,TKM,1914,6941280.5
Turkmenistan,TKM,1915,7008388.5
Turkmenistan,TKM,1916,6902415
Turkmenistan,TKM,1917,7009839.5
Turkmenistan,TKM,1918,6284429
Turkmenistan,TKM,1919,6351858
Turkmenistan,TKM,1920,6233393
Turkmenistan,TKM,1921,6431038.5
Turkmenistan,TKM,1922,6703847
Turkmenistan,TKM,1923,6661630.5
Turkmenistan,TKM,1924,6816645
Turkmenistan,TKM,1925,7013740
Turkmenistan,TKM,1926,7224821
Turkmenistan,TKM,1927,7491289
Turkmenistan,TKM,1928,7485725.5
Turkmenistan,TKM,1929,7661747.5
Turkmenistan,TKM,1930,8319193.5
Turkmenistan,TKM,1931,8708716
Turkmenistan,TKM,1932,9062531
Turkmenistan,TKM,1933,9413555
Turkmenistan,TKM,1934,9840939
Turkmenistan,TKM,1935,10429366
Turkmenistan,TKM,1936,11080001
Turkmenistan,TKM,1937,11218532
Turkmenistan,TKM,1938,11719346
Turkmenistan,TKM,1939,11946858
Turkmenistan,TKM,1940,12899418
Turkmenistan,TKM,1941,12630016
Turkmenistan,TKM,1942,11001907
Turkmenistan,TKM,1943,11024645
Turkmenistan,TKM,1944,12642466
Turkmenistan,TKM,1945,12427743
Turkmenistan,TKM,1946,13189794
Turkmenistan,TKM,1947,14375409
Turkmenistan,TKM,1948,14791776
Turkmenistan,TKM,1949,15435618
Turkmenistan,TKM,1950,17073924
Turkmenistan,TKM,1951,18831550
Turkmenistan,TKM,1952,20406584
Turkmenistan,TKM,1953,21986120
Turkmenistan,TKM,1954,23555948
Turkmenistan,TKM,1955,26345448
Turkmenistan,TKM,1956,28095434
Turkmenistan,TKM,1957,30226224
Turkmenistan,TKM,1958,32764016
Turkmenistan,TKM,1959,34293470
Turkmenistan,TKM,1960,33891388
Turkmenistan,TKM,1961,34976930
Turkmenistan,TKM,1962,36106668
Turkmenistan,TKM,1963,36935616
Turkmenistan,TKM,1964,37459172
Turkmenistan,TKM,1965,39236204
Turkmenistan,TKM,1966,41109348
Turkmenistan,TKM,1967,42356030
Turkmenistan,TKM,1968,43621264
Turkmenistan,TKM,1969,44321650
Turkmenistan,TKM,1970,47489948
Turkmenistan,TKM,1971,49225230
Turkmenistan,TKM,1972,49469452
Turkmenistan,TKM,1973,51792644
Turkmenistan,TKM,1974,53306280
Turkmenistan,TKM,1975,56306068
Turkmenistan,TKM,1976,58283212
Turkmenistan,TKM,1977,60359868
Turkmenistan,TKM,1978,62397108
Turkmenistan,TKM,1979,64038170
Turkmenistan,TKM,1980,66863624
Turkmenistan,TKM,1981,67560790
Turkmenistan,TKM,1982,68556056
Turkmenistan,TKM,1983,70595784
Turkmenistan,TKM,1984,72105230
Turkmenistan,TKM,1985,76577020
Turkmenistan,TKM,1986,81452130
Turkmenistan,TKM,1987,83520830
Turkmenistan,TKM,1988,85637050
Turkmenistan,TKM,1989,86441290
Turkmenistan,TKM,1990,81606090
Turkmenistan,TKM,1991,79435064
Turkmenistan,TKM,1992,69572344
Turkmenistan,TKM,1993,70235784
Turkmenistan,TKM,1994,65906532
Turkmenistan,TKM,1995,64683360
Turkmenistan,TKM,1996,62436480
Turkmenistan,TKM,1997,53672240
Turkmenistan,TKM,1998,58794948
Turkmenistan,TKM,1999,73306610
Turkmenistan,TKM,2000,82045960
Turkmenistan,TKM,2001,75326616
Turkmenistan,TKM,2002,74050536
Turkmenistan,TKM,2003,89492120
Turkmenistan,TKM,2004,99308830
Turkmenistan,TKM,2005,97959096
Turkmenistan,TKM,2006,101123170
Turkmenistan,TKM,2007,100603784
Turkmenistan,TKM,2008,113420820
Turkmenistan,TKM,2009,91870080
Turkmenistan,TKM,2010,100644170
Turkmenistan,TKM,2011,114451560
Turkmenistan,TKM,2012,118735096
Turkmenistan,TKM,2013,120935330
Turkmenistan,TKM,2014,120232590
Turkmenistan,TKM,2015,123860570
Turkmenistan,TKM,2016,120362730
Turkmenistan,TKM,2017,119054130
Turkmenistan,TKM,2018,119571500
Turkmenistan,TKM,2019,120951464
Turkmenistan,TKM,2020,120571340
Turkmenistan,TKM,2021,122304790
Turkmenistan,TKM,2022,122627180
Turkmenistan,TKM,2023,122404904
Turks and Caicos Islands,TCA,1850,297.33176
Turks and Caicos Islands,TCA,1851,297.76004
Turks and Caicos Islands,TCA,1852,298.36276
Turks and Caicos Islands,TCA,1853,299.46454
Turks and Caicos Islands,TCA,1854,300.55365
Turks and Caicos Islands,TCA,1855,301.62662
Turks and Caicos Islands,TCA,1856,303.41028
Turks and Caicos Islands,TCA,1857,305.19107
Turks and Caicos Islands,TCA,1858,306.96603
Turks and Caicos Islands,TCA,1859,308.73233
Turks and Caicos Islands,TCA,1860,310.48703
Turks and Caicos Islands,TCA,1861,311.99136
Turks and Caicos Islands,TCA,1862,313.45746
Turks and Caicos Islands,TCA,1863,314.96262
Turks and Caicos Islands,TCA,1864,316.44788
Turks and Caicos Islands,TCA,1865,317.49356
Turks and Caicos Islands,TCA,1866,318.54422
Turks and Caicos Islands,TCA,1867,319.60107
Turks and Caicos Islands,TCA,1868,320.6655
Turks and Caicos Islands,TCA,1869,321.53906
Turks and Caicos Islands,TCA,1870,322.42282
Turks and Caicos Islands,TCA,1871,323.8061
Turks and Caicos Islands,TCA,1872,325.43298
Turks and Caicos Islands,TCA,1873,327.30093
Turks and Caicos Islands,TCA,1874,329.33893
Turks and Caicos Islands,TCA,1875,331.40665
Turks and Caicos Islands,TCA,1876,333.5017
Turks and Caicos Islands,TCA,1877,335.55313
Turks and Caicos Islands,TCA,1878,337.4162
Turks and Caicos Islands,TCA,1879,339.0931
Turks and Caicos Islands,TCA,1880,340.5128
Turks and Caicos Islands,TCA,1881,341.7508
Turks and Caicos Islands,TCA,1882,343.68497
Turks and Caicos Islands,TCA,1883,345.2386
Turks and Caicos Islands,TCA,1884,346.37106
Turks and Caicos Islands,TCA,1885,347.3238
Turks and Caicos Islands,TCA,1886,348.2752
Turks and Caicos Islands,TCA,1887,349.45374
Turks and Caicos Islands,TCA,1888,350.53253
Turks and Caicos Islands,TCA,1889,351.79388
Turks and Caicos Islands,TCA,1890,354.1657
Turks and Caicos Islands,TCA,1891,355.5291
Turks and Caicos Islands,TCA,1892,357.11182
Turks and Caicos Islands,TCA,1893,358.8054
Turks and Caicos Islands,TCA,1894,360.4525
Turks and Caicos Islands,TCA,1895,362.0567
Turks and Caicos Islands,TCA,1896,363.67316
Turks and Caicos Islands,TCA,1897,365.30414
Turks and Caicos Islands,TCA,1898,367.00293
Turks and Caicos Islands,TCA,1899,368.7707
Turks and Caicos Islands,TCA,1900,369.35452
Turks and Caicos Islands,TCA,1901,380.89725
Turks and Caicos Islands,TCA,1902,392.4129
Turks and Caicos Islands,TCA,1903,403.73593
Turks and Caicos Islands,TCA,1904,415.06088
Turks and Caicos Islands,TCA,1905,426.26144
Turks and Caicos Islands,TCA,1906,437.3174
Turks and Caicos Islands,TCA,1907,448.20892
Turks and Caicos Islands,TCA,1908,458.9162
Turks and Caicos Islands,TCA,1909,469.41992
Turks and Caicos Islands,TCA,1910,479.70102
Turks and Caicos Islands,TCA,1911,499.3883
Turks and Caicos Islands,TCA,1912,519.00055
Turks and Caicos Islands,TCA,1913,538.87354
Turks and Caicos Islands,TCA,1914,557.357
Turks and Caicos Islands,TCA,1915,575.5084
Turks and Caicos Islands,TCA,1916,593.738
Turks and Caicos Islands,TCA,1917,611.58093
Turks and Caicos Islands,TCA,1918,629.4927
Turks and Caicos Islands,TCA,1919,646.9674
Turks and Caicos Islands,TCA,1920,664.50366
Turks and Caicos Islands,TCA,1921,685.1024
Turks and Caicos Islands,TCA,1922,709.6286
Turks and Caicos Islands,TCA,1923,732.1421
Turks and Caicos Islands,TCA,1924,753.6519
Turks and Caicos Islands,TCA,1925,775.3284
Turks and Caicos Islands,TCA,1926,800.1349
Turks and Caicos Islands,TCA,1927,823.57605
Turks and Caicos Islands,TCA,1928,848.284
Turks and Caicos Islands,TCA,1929,872.555
Turks and Caicos Islands,TCA,1930,898.4957
Turks and Caicos Islands,TCA,1931,930.25507
Turks and Caicos Islands,TCA,1932,958.9813
Turks and Caicos Islands,TCA,1933,987.15985
Turks and Caicos Islands,TCA,1934,1013.1948
Turks and Caicos Islands,TCA,1935,1038.566
Turks and Caicos Islands,TCA,1936,1064.46
Turks and Caicos Islands,TCA,1937,1088.9304
Turks and Caicos Islands,TCA,1938,1116.8055
Turks and Caicos Islands,TCA,1939,1147.3794
Turks and Caicos Islands,TCA,1940,1174.8228
Turks and Caicos Islands,TCA,1941,1230.955
Turks and Caicos Islands,TCA,1942,1291.7063
Turks and Caicos Islands,TCA,1943,1341.5872
Turks and Caicos Islands,TCA,1944,1399.3457
Turks and Caicos Islands,TCA,1945,1440.167
Turks and Caicos Islands,TCA,1946,1491.7004
Turks and Caicos Islands,TCA,1947,1541.394
Turks and Caicos Islands,TCA,1948,1587.812
Turks and Caicos Islands,TCA,1949,1633.6444
Turks and Caicos Islands,TCA,1950,1672.9543
Turks and Caicos Islands,TCA,1951,1667.4506
Turks and Caicos Islands,TCA,1952,1671.2239
Turks and Caicos Islands,TCA,1953,1682.589
Turks and Caicos Islands,TCA,1954,1700.6891
Turks and Caicos Islands,TCA,1955,1722.0504
Turks and Caicos Islands,TCA,1956,1744.4337
Turks and Caicos Islands,TCA,1957,1766.0864
Turks and Caicos Islands,TCA,1958,1784.606
Turks and Caicos Islands,TCA,1959,1797.4414
Turks and Caicos Islands,TCA,1960,1801.326
Turks and Caicos Islands,TCA,1961,1794.8806
Turks and Caicos Islands,TCA,1962,1784.3837
Turks and Caicos Islands,TCA,1963,1774.5364
Turks and Caicos Islands,TCA,1964,1766.3104
Turks and Caicos Islands,TCA,1965,1762.6852
Turks and Caicos Islands,TCA,1966,1762.2098
Turks and Caicos Islands,TCA,1967,1764.9816
Turks and Caicos Islands,TCA,1968,1778.7903
Turks and Caicos Islands,TCA,1969,1807.4111
Turks and Caicos Islands,TCA,1970,2055.3655
Turks and Caicos Islands,TCA,1971,2218.0383
Turks and Caicos Islands,TCA,1972,2285.1672
Turks and Caicos Islands,TCA,1973,2388.667
Turks and Caicos Islands,TCA,1974,2478.4934
Turks and Caicos Islands,TCA,1975,2569.9702
Turks and Caicos Islands,TCA,1976,2653.5984
Turks and Caicos Islands,TCA,1977,2735.0305
Turks and Caicos Islands,TCA,1978,2814.869
Turks and Caicos Islands,TCA,1979,2924.9517
Turks and Caicos Islands,TCA,1980,3029.592
Turks and Caicos Islands,TCA,1981,3232.7053
Turks and Caicos Islands,TCA,1982,3482.0762
Turks and Caicos Islands,TCA,1983,3749.1033
Turks and Caicos Islands,TCA,1984,4043.1736
Turks and Caicos Islands,TCA,1985,4343.084
Turks and Caicos Islands,TCA,1986,4620.73
Turks and Caicos Islands,TCA,1987,4877.13
Turks and Caicos Islands,TCA,1988,5186.851
Turks and Caicos Islands,TCA,1989,5505.7266
Turks and Caicos Islands,TCA,1990,68390.11
Turks and Caicos Islands,TCA,1991,68784.89
Turks and Caicos Islands,TCA,1992,72908.37
Turks and Caicos Islands,TCA,1993,73505.06
Turks and Caicos Islands,TCA,1994,77732.26
Turks and Caicos Islands,TCA,1995,78256.99
Turks and Caicos Islands,TCA,1996,78617.125
Turks and Caicos Islands,TCA,1997,93429.11
Turks and Caicos Islands,TCA,1998,97427.766
Turks and Caicos Islands,TCA,1999,109026.414
Turks and Caicos Islands,TCA,2000,121113.48
Turks and Caicos Islands,TCA,2001,125453.78
Turks and Caicos Islands,TCA,2002,163246.05
Turks and Caicos Islands,TCA,2003,165913.33
Turks and Caicos Islands,TCA,2004,172933
Turks and Caicos Islands,TCA,2005,203541.98
Turks and Caicos Islands,TCA,2006,229338.7
Turks and Caicos Islands,TCA,2007,266481.28
Turks and Caicos Islands,TCA,2008,278844.78
Turks and Caicos Islands,TCA,2009,290421.16
Turks and Caicos Islands,TCA,2010,297178.6
Turks and Caicos Islands,TCA,2011,298120.44
Turks and Caicos Islands,TCA,2012,298611.6
Turks and Caicos Islands,TCA,2013,302822.94
Turks and Caicos Islands,TCA,2014,323550.72
Turks and Caicos Islands,TCA,2015,327524.8
Turks and Caicos Islands,TCA,2016,344624.34
Turks and Caicos Islands,TCA,2017,366210.12
Turks and Caicos Islands,TCA,2018,377412.38
Turks and Caicos Islands,TCA,2019,376938.88
Turks and Caicos Islands,TCA,2020,372476.6
Turks and Caicos Islands,TCA,2021,379091.4
Turks and Caicos Islands,TCA,2022,367618.12
Turks and Caicos Islands,TCA,2023,382229.88
Tuvalu,TUV,1850,814.7684
Tuvalu,TUV,1851,823.5477
Tuvalu,TUV,1852,832.2873
Tuvalu,TUV,1853,840.96246
Tuvalu,TUV,1854,849.5485
Tuvalu,TUV,1855,858.0209
Tuvalu,TUV,1856,866.35504
Tuvalu,TUV,1857,874.5262
Tuvalu,TUV,1858,882.5098
Tuvalu,TUV,1859,890.2813
Tuvalu,TUV,1860,897.81604
Tuvalu,TUV,1861,905.2603
Tuvalu,TUV,1862,912.66675
Tuvalu,TUV,1863,920.0449
Tuvalu,TUV,1864,927.40466
Tuvalu,TUV,1865,934.75586
Tuvalu,TUV,1866,942.10803
Tuvalu,TUV,1867,949.47107
Tuvalu,TUV,1868,956.8547
Tuvalu,TUV,1869,964.2688
Tuvalu,TUV,1870,971.72296
Tuvalu,TUV,1871,988.47314
Tuvalu,TUV,1872,1007.3903
Tuvalu,TUV,1873,1027.9727
Tuvalu,TUV,1874,1049.7181
Tuvalu,TUV,1875,1072.1249
Tuvalu,TUV,1876,1094.6909
Tuvalu,TUV,1877,1116.9144
Tuvalu,TUV,1878,1138.2932
Tuvalu,TUV,1879,1158.3256
Tuvalu,TUV,1880,1176.5095
Tuvalu,TUV,1881,1192.6093
Tuvalu,TUV,1882,1208.4447
Tuvalu,TUV,1883,1224.0691
Tuvalu,TUV,1884,1239.5354
Tuvalu,TUV,1885,1254.8967
Tuvalu,TUV,1886,1270.2064
Tuvalu,TUV,1887,1285.5175
Tuvalu,TUV,1888,1300.883
Tuvalu,TUV,1889,1316.3564
Tuvalu,TUV,1890,1346.7762
Tuvalu,TUV,1891,1359.3251
Tuvalu,TUV,1892,1372.7744
Tuvalu,TUV,1893,1387.085
Tuvalu,TUV,1894,1402.2181
Tuvalu,TUV,1895,1418.1351
Tuvalu,TUV,1896,1434.797
Tuvalu,TUV,1897,1452.1648
Tuvalu,TUV,1898,1470.1998
Tuvalu,TUV,1899,1488.863
Tuvalu,TUV,1900,1508.1158
Tuvalu,TUV,1901,1525.8925
Tuvalu,TUV,1902,1545.6284
Tuvalu,TUV,1903,1566.8928
Tuvalu,TUV,1904,1589.2546
Tuvalu,TUV,1905,1612.2823
Tuvalu,TUV,1906,1635.5455
Tuvalu,TUV,1907,1658.6127
Tuvalu,TUV,1908,1681.0527
Tuvalu,TUV,1909,1702.4347
Tuvalu,TUV,1910,1722.3275
Tuvalu,TUV,1911,1738.7034
Tuvalu,TUV,1912,1754.7747
Tuvalu,TUV,1913,1770.6055
Tuvalu,TUV,1914,1786.2599
Tuvalu,TUV,1915,1801.8019
Tuvalu,TUV,1916,1817.2954
Tuvalu,TUV,1917,1832.8046
Tuvalu,TUV,1918,1848.3933
Tuvalu,TUV,1919,1864.1256
Tuvalu,TUV,1920,1880.0657
Tuvalu,TUV,1921,1905.44
Tuvalu,TUV,1922,1931.2734
Tuvalu,TUV,1923,1957.406
Tuvalu,TUV,1924,1983.6771
Tuvalu,TUV,1925,2009.9269
Tuvalu,TUV,1926,2035.9949
Tuvalu,TUV,1927,2061.721
Tuvalu,TUV,1928,2086.9446
Tuvalu,TUV,1929,2111.5059
Tuvalu,TUV,1930,2135.2444
Tuvalu,TUV,1931,2166.8481
Tuvalu,TUV,1932,2198.3413
Tuvalu,TUV,1933,2229.7695
Tuvalu,TUV,1934,2261.1787
Tuvalu,TUV,1935,2292.6145
Tuvalu,TUV,1936,2324.1228
Tuvalu,TUV,1937,2355.7495
Tuvalu,TUV,1938,2387.54
Tuvalu,TUV,1939,2419.5403
Tuvalu,TUV,1940,2451.796
Tuvalu,TUV,1941,2491.5464
Tuvalu,TUV,1942,2537.4678
Tuvalu,TUV,1943,2588.207
Tuvalu,TUV,1944,2642.4116
Tuvalu,TUV,1945,2698.728
Tuvalu,TUV,1946,2755.8037
Tuvalu,TUV,1947,2812.2854
Tuvalu,TUV,1948,2866.8198
Tuvalu,TUV,1949,2918.0544
Tuvalu,TUV,1950,2964.6357
Tuvalu,TUV,1951,3037.7783
Tuvalu,TUV,1952,3115.4495
Tuvalu,TUV,1953,3197.4846
Tuvalu,TUV,1954,3283.7368
Tuvalu,TUV,1955,3374.075
Tuvalu,TUV,1956,3468.3877
Tuvalu,TUV,1957,3566.58
Tuvalu,TUV,1958,3668.5728
Tuvalu,TUV,1959,3774.2964
Tuvalu,TUV,1960,3883.6768
Tuvalu,TUV,1961,3878.3438
Tuvalu,TUV,1962,3921.7056
Tuvalu,TUV,1963,3967.6638
Tuvalu,TUV,1964,4015.7366
Tuvalu,TUV,1965,4065.4424
Tuvalu,TUV,1966,4116.284
Tuvalu,TUV,1967,4167.7827
Tuvalu,TUV,1968,4219.494
Tuvalu,TUV,1969,4270.9907
Tuvalu,TUV,1970,4282.563
Tuvalu,TUV,1971,4303.3135
Tuvalu,TUV,1972,4324.152
Tuvalu,TUV,1973,4345.7837
Tuvalu,TUV,1974,4367.897
Tuvalu,TUV,1975,4386.288
Tuvalu,TUV,1976,4406.209
Tuvalu,TUV,1977,4493.8076
Tuvalu,TUV,1978,4544.323
Tuvalu,TUV,1979,4701.5747
Tuvalu,TUV,1980,4917.3022
Tuvalu,TUV,1981,4704.654
Tuvalu,TUV,1982,5353.038
Tuvalu,TUV,1983,5168.872
Tuvalu,TUV,1984,5837.3877
Tuvalu,TUV,1985,6434.2505
Tuvalu,TUV,1986,6477.094
Tuvalu,TUV,1987,6034.783
Tuvalu,TUV,1988,6033.69
Tuvalu,TUV,1989,7545.486
Tuvalu,TUV,1990,11277.592
Tuvalu,TUV,1991,12090.36
Tuvalu,TUV,1992,12177.409
Tuvalu,TUV,1993,11990.535
Tuvalu,TUV,1994,12080.912
Tuvalu,TUV,1995,12087.879
Tuvalu,TUV,1996,12126.53
Tuvalu,TUV,1997,12217.162
Tuvalu,TUV,1998,19554.357
Tuvalu,TUV,1999,19704.506
Tuvalu,TUV,2000,16060.361
Tuvalu,TUV,2001,19743.012
Tuvalu,TUV,2002,19952.664
Tuvalu,TUV,2003,19990.709
Tuvalu,TUV,2004,20060.674
Tuvalu,TUV,2005,20075.97
Tuvalu,TUV,2006,20109.744
Tuvalu,TUV,2007,20183.902
Tuvalu,TUV,2008,20318.7
Tuvalu,TUV,2009,20421.516
Tuvalu,TUV,2010,20430.752
Tuvalu,TUV,2011,20462.88
Tuvalu,TUV,2012,20548.59
Tuvalu,TUV,2013,20604.543
Tuvalu,TUV,2014,20676.707
Tuvalu,TUV,2015,20749.08
Tuvalu,TUV,2016,20802.234
Tuvalu,TUV,2017,20877.73
Tuvalu,TUV,2018,20948.97
Tuvalu,TUV,2019,21054.107
Tuvalu,TUV,2020,21114.98
Tuvalu,TUV,2021,21222.385
Tuvalu,TUV,2022,21543.127
Tuvalu,TUV,2023,21881.291
Uganda,UGA,1850,5475263.5
Uganda,UGA,1851,5382083.5
Uganda,UGA,1852,5289047.5
Uganda,UGA,1853,5224380.5
Uganda,UGA,1854,5205223
Uganda,UGA,1855,5162732.5
Uganda,UGA,1856,5144341.5
Uganda,UGA,1857,5129434
Uganda,UGA,1858,5263803
Uganda,UGA,1859,5149441.5
Uganda,UGA,1860,5166492
Uganda,UGA,1861,5093643.5
Uganda,UGA,1862,5076778.5
Uganda,UGA,1863,5083329
Uganda,UGA,1864,5072711.5
Uganda,UGA,1865,5103737.5
Uganda,UGA,1866,5128816.5
Uganda,UGA,1867,5108546.5
Uganda,UGA,1868,5090033.5
Uganda,UGA,1869,5104489.5
Uganda,UGA,1870,5100596.5
Uganda,UGA,1871,5128509
Uganda,UGA,1872,5182284.5
Uganda,UGA,1873,5206094.5
Uganda,UGA,1874,5193392
Uganda,UGA,1875,5223687.5
Uganda,UGA,1876,5283922
Uganda,UGA,1877,5284255
Uganda,UGA,1878,5320210.5
Uganda,UGA,1879,5318364
Uganda,UGA,1880,5357035.5
Uganda,UGA,1881,5411310
Uganda,UGA,1882,5490778.5
Uganda,UGA,1883,5575205
Uganda,UGA,1884,5566192.5
Uganda,UGA,1885,5549330
Uganda,UGA,1886,5515567.5
Uganda,UGA,1887,5605957.5
Uganda,UGA,1888,5567372.5
Uganda,UGA,1889,5543907
Uganda,UGA,1890,5644414
Uganda,UGA,1891,5663232.5
Uganda,UGA,1892,5707884.5
Uganda,UGA,1893,5766787.5
Uganda,UGA,1894,5761640
Uganda,UGA,1895,5924231.5
Uganda,UGA,1896,5889589
Uganda,UGA,1897,5979572.5
Uganda,UGA,1898,6078782.5
Uganda,UGA,1899,6128197.5
Uganda,UGA,1900,6500792
Uganda,UGA,1901,6385170
Uganda,UGA,1902,6712171
Uganda,UGA,1903,6823341.5
Uganda,UGA,1904,6929194.5
Uganda,UGA,1905,7137909
Uganda,UGA,1906,7312994
Uganda,UGA,1907,7406442
Uganda,UGA,1908,7610943
Uganda,UGA,1909,7849177
Uganda,UGA,1910,8086732
Uganda,UGA,1911,8678010
Uganda,UGA,1912,8898435
Uganda,UGA,1913,8867407
Uganda,UGA,1914,9064842
Uganda,UGA,1915,9304173
Uganda,UGA,1916,9562137
Uganda,UGA,1917,10078269
Uganda,UGA,1918,9718136
Uganda,UGA,1919,10092338
Uganda,UGA,1920,10447787
Uganda,UGA,1921,10639799
Uganda,UGA,1922,11097284
Uganda,UGA,1923,11537127
Uganda,UGA,1924,11919164
Uganda,UGA,1925,12240665
Uganda,UGA,1926,12454818
Uganda,UGA,1927,12521969
Uganda,UGA,1928,12885166
Uganda,UGA,1929,13322782
Uganda,UGA,1930,14566951
Uganda,UGA,1931,14897863
Uganda,UGA,1932,15267845
Uganda,UGA,1933,16279759
Uganda,UGA,1934,16663969
Uganda,UGA,1935,16915042
Uganda,UGA,1936,17032400
Uganda,UGA,1937,17430986
Uganda,UGA,1938,17299250
Uganda,UGA,1939,18201146
Uganda,UGA,1940,20679592
Uganda,UGA,1941,24073982
Uganda,UGA,1942,24962372
Uganda,UGA,1943,26643158
Uganda,UGA,1944,28124208
Uganda,UGA,1945,28908124
Uganda,UGA,1946,30671004
Uganda,UGA,1947,31631250
Uganda,UGA,1948,32338436
Uganda,UGA,1949,33053402
Uganda,UGA,1950,34593970
Uganda,UGA,1951,35851636
Uganda,UGA,1952,36105200
Uganda,UGA,1953,35932884
Uganda,UGA,1954,37956620
Uganda,UGA,1955,40106732
Uganda,UGA,1956,40058684
Uganda,UGA,1957,40756430
Uganda,UGA,1958,41519668
Uganda,UGA,1959,42593780
Uganda,UGA,1960,40113360
Uganda,UGA,1961,42528268
Uganda,UGA,1962,45167176
Uganda,UGA,1963,68335336
Uganda,UGA,1964,58424732
Uganda,UGA,1965,47995868
Uganda,UGA,1966,42542780
Uganda,UGA,1967,41209704
Uganda,UGA,1968,39947790
Uganda,UGA,1969,39595480
Uganda,UGA,1970,41344570
Uganda,UGA,1971,41901264
Uganda,UGA,1972,43032110
Uganda,UGA,1973,43805680
Uganda,UGA,1974,46560990
Uganda,UGA,1975,48667676
Uganda,UGA,1976,44542920
Uganda,UGA,1977,44767948
Uganda,UGA,1978,42434060
Uganda,UGA,1979,43082116
Uganda,UGA,1980,78490830
Uganda,UGA,1981,66018350
Uganda,UGA,1982,56082610
Uganda,UGA,1983,49977856
Uganda,UGA,1984,48147770
Uganda,UGA,1985,47106668
Uganda,UGA,1986,45672240
Uganda,UGA,1987,40969812
Uganda,UGA,1988,40462016
Uganda,UGA,1989,39125570
Uganda,UGA,1990,39849750
Uganda,UGA,1991,41836196
Uganda,UGA,1992,41159990
Uganda,UGA,1993,39776264
Uganda,UGA,1994,39139788
Uganda,UGA,1995,39091948
Uganda,UGA,1996,39135204
Uganda,UGA,1997,39983876
Uganda,UGA,1998,40563150
Uganda,UGA,1999,44572830
Uganda,UGA,2000,44063960
Uganda,UGA,2001,45971440
Uganda,UGA,2002,48696144
Uganda,UGA,2003,50008644
Uganda,UGA,2004,46942956
Uganda,UGA,2005,49284332
Uganda,UGA,2006,50232292
Uganda,UGA,2007,54787120
Uganda,UGA,2008,61382870
Uganda,UGA,2009,62697950
Uganda,UGA,2010,64966220
Uganda,UGA,2011,62980172
Uganda,UGA,2012,62812696
Uganda,UGA,2013,61730424
Uganda,UGA,2014,60774670
Uganda,UGA,2015,61474676
Uganda,UGA,2016,59715424
Uganda,UGA,2017,60260084
Uganda,UGA,2018,60745410
Uganda,UGA,2019,62944932
Uganda,UGA,2020,63516684
Uganda,UGA,2021,64157468
Uganda,UGA,2022,64507704
Uganda,UGA,2023,65145920
Ukraine,UKR,1850,64977904
Ukraine,UKR,1851,67170020
Ukraine,UKR,1852,69114040
Ukraine,UKR,1853,70605120
Ukraine,UKR,1854,72099930
Ukraine,UKR,1855,73350760
Ukraine,UKR,1856,74324290
Ukraine,UKR,1857,75295700
Ukraine,UKR,1858,76609940
Ukraine,UKR,1859,77609864
Ukraine,UKR,1860,78200580
Ukraine,UKR,1861,78918400
Ukraine,UKR,1862,79604940
Ukraine,UKR,1863,80305770
Ukraine,UKR,1864,80925660
Ukraine,UKR,1865,81432380
Ukraine,UKR,1866,82586824
Ukraine,UKR,1867,83178530
Ukraine,UKR,1868,83258264
Ukraine,UKR,1869,83840440
Ukraine,UKR,1870,88888170
Ukraine,UKR,1871,91580870
Ukraine,UKR,1872,93906930
Ukraine,UKR,1873,95592310
Ukraine,UKR,1874,98012390
Ukraine,UKR,1875,99843100
Ukraine,UKR,1876,101682210
Ukraine,UKR,1877,103177620
Ukraine,UKR,1878,105324550
Ukraine,UKR,1879,106893830
Ukraine,UKR,1880,110108320
Ukraine,UKR,1881,112395144
Ukraine,UKR,1882,114280460
Ukraine,UKR,1883,116341580
Ukraine,UKR,1884,117859704
Ukraine,UKR,1885,119430616
Ukraine,UKR,1886,120931970
Ukraine,UKR,1887,122467710
Ukraine,UKR,1888,123328150
Ukraine,UKR,1889,124833220
Ukraine,UKR,1890,132503340
Ukraine,UKR,1891,136598770
Ukraine,UKR,1892,140494020
Ukraine,UKR,1893,144247330
Ukraine,UKR,1894,147534420
Ukraine,UKR,1895,150894140
Ukraine,UKR,1896,152911920
Ukraine,UKR,1897,156585540
Ukraine,UKR,1898,160096380
Ukraine,UKR,1899,164451140
Ukraine,UKR,1900,173499800
Ukraine,UKR,1901,178841440
Ukraine,UKR,1902,181157380
Ukraine,UKR,1903,184766320
Ukraine,UKR,1904,189336880
Ukraine,UKR,1905,191009120
Ukraine,UKR,1906,195611890
Ukraine,UKR,1907,199922340
Ukraine,UKR,1908,202672180
Ukraine,UKR,1909,206672830
Ukraine,UKR,1910,185683820
Ukraine,UKR,1911,176542720
Ukraine,UKR,1912,173262180
Ukraine,UKR,1913,171454430
Ukraine,UKR,1914,164149600
Ukraine,UKR,1915,157950350
Ukraine,UKR,1916,155911760
Ukraine,UKR,1917,151029230
Ukraine,UKR,1918,134448340
Ukraine,UKR,1919,129522920
Ukraine,UKR,1920,123247590
Ukraine,UKR,1921,119801390
Ukraine,UKR,1922,116984056
Ukraine,UKR,1923,114853270
Ukraine,UKR,1924,113351090
Ukraine,UKR,1925,111104450
Ukraine,UKR,1926,114032230
Ukraine,UKR,1927,116742670
Ukraine,UKR,1928,117028470
Ukraine,UKR,1929,116564344
Ukraine,UKR,1930,132607900
Ukraine,UKR,1931,142904300
Ukraine,UKR,1932,151432000
Ukraine,UKR,1933,158667170
Ukraine,UKR,1934,172789860
Ukraine,UKR,1935,182548670
Ukraine,UKR,1936,194818800
Ukraine,UKR,1937,196799790
Ukraine,UKR,1938,201550880
Ukraine,UKR,1939,202678320
Ukraine,UKR,1940,234530600
Ukraine,UKR,1941,227562380
Ukraine,UKR,1942,190015550
Ukraine,UKR,1943,201886560
Ukraine,UKR,1944,225470750
Ukraine,UKR,1945,235114850
Ukraine,UKR,1946,250581040
Ukraine,UKR,1947,273481470
Ukraine,UKR,1948,283684060
Ukraine,UKR,1949,303689730
Ukraine,UKR,1950,299622240
Ukraine,UKR,1951,305186500
Ukraine,UKR,1952,313601440
Ukraine,UKR,1953,322089300
Ukraine,UKR,1954,338960400
Ukraine,UKR,1955,365940580
Ukraine,UKR,1956,387626660
Ukraine,UKR,1957,412345380
Ukraine,UKR,1958,429403260
Ukraine,UKR,1959,443510340
Ukraine,UKR,1960,479253200
Ukraine,UKR,1961,484046900
Ukraine,UKR,1962,491186600
Ukraine,UKR,1963,512310800
Ukraine,UKR,1964,529188800
Ukraine,UKR,1965,546913600
Ukraine,UKR,1966,572325900
Ukraine,UKR,1967,590737340
Ukraine,UKR,1968,602322800
Ukraine,UKR,1969,615036900
Ukraine,UKR,1970,638988160
Ukraine,UKR,1971,668478900
Ukraine,UKR,1972,695681700
Ukraine,UKR,1973,722363800
Ukraine,UKR,1974,742666560
Ukraine,UKR,1975,772062400
Ukraine,UKR,1976,793603460
Ukraine,UKR,1977,811493570
Ukraine,UKR,1978,833151170
Ukraine,UKR,1979,838506050
Ukraine,UKR,1980,866532740
Ukraine,UKR,1981,850085900
Ukraine,UKR,1982,862114600
Ukraine,UKR,1983,870226000
Ukraine,UKR,1984,875511300
Ukraine,UKR,1985,928690240
Ukraine,UKR,1986,926420700
Ukraine,UKR,1987,917207360
Ukraine,UKR,1988,902621300
Ukraine,UKR,1989,855876000
Ukraine,UKR,1990,889693500
Ukraine,UKR,1991,807200300
Ukraine,UKR,1992,750937300
Ukraine,UKR,1993,660270900
Ukraine,UKR,1994,559084100
Ukraine,UKR,1995,517217730
Ukraine,UKR,1996,463510430
Ukraine,UKR,1997,444964320
Ukraine,UKR,1998,422342370
Ukraine,UKR,1999,397651620
Ukraine,UKR,2000,382199650
Ukraine,UKR,2001,396467100
Ukraine,UKR,2002,390196670
Ukraine,UKR,2003,402673820
Ukraine,UKR,2004,400903040
Ukraine,UKR,2005,405807650
Ukraine,UKR,2006,422172200
Ukraine,UKR,2007,431724060
Ukraine,UKR,2008,420802000
Ukraine,UKR,2009,370523500
Ukraine,UKR,2010,383074100
Ukraine,UKR,2011,405589380
Ukraine,UKR,2012,409417540
Ukraine,UKR,2013,400641950
Ukraine,UKR,2014,354969660
Ukraine,UKR,2015,312214500
Ukraine,UKR,2016,324640540
Ukraine,UKR,2017,307026080
Ukraine,UKR,2018,316052200
Ukraine,UKR,2019,307076860
Ukraine,UKR,2020,292397340
Ukraine,UKR,2021,292236480
Ukraine,UKR,2022,219192200
Ukraine,UKR,2023,214934880
United Arab Emirates,ARE,1850,83567.37
United Arab Emirates,ARE,1851,84269.125
United Arab Emirates,ARE,1852,84973.17
United Arab Emirates,ARE,1853,85657.28
United Arab Emirates,ARE,1854,86308.39
United Arab Emirates,ARE,1855,86931.74
United Arab Emirates,ARE,1856,87523.42
United Arab Emirates,ARE,1857,88088.695
United Arab Emirates,ARE,1858,88614.484
United Arab Emirates,ARE,1859,89106.02
United Arab Emirates,ARE,1860,89495.305
United Arab Emirates,ARE,1861,89639.21
United Arab Emirates,ARE,1862,89795.28
United Arab Emirates,ARE,1863,89946.76
United Arab Emirates,ARE,1864,90086.016
United Arab Emirates,ARE,1865,90214.625
United Arab Emirates,ARE,1866,90352.43
United Arab Emirates,ARE,1867,90482.69
United Arab Emirates,ARE,1868,90634.41
United Arab Emirates,ARE,1869,90763.34
United Arab Emirates,ARE,1870,90861.89
United Arab Emirates,ARE,1871,91193.99
United Arab Emirates,ARE,1872,91870.04
United Arab Emirates,ARE,1873,92819.49
United Arab Emirates,ARE,1874,93944.336
United Arab Emirates,ARE,1875,95183.2
United Arab Emirates,ARE,1876,96428.9
United Arab Emirates,ARE,1877,97647.53
United Arab Emirates,ARE,1878,98695.3
United Arab Emirates,ARE,1879,99556.6
United Arab Emirates,ARE,1880,100105.95
United Arab Emirates,ARE,1881,100442.984
United Arab Emirates,ARE,1882,100737.91
United Arab Emirates,ARE,1883,101008.3
United Arab Emirates,ARE,1884,101244.29
United Arab Emirates,ARE,1885,101472.63
United Arab Emirates,ARE,1886,101701.77
United Arab Emirates,ARE,1887,101912.67
United Arab Emirates,ARE,1888,102150.39
United Arab Emirates,ARE,1889,102405.07
United Arab Emirates,ARE,1890,102836.6
United Arab Emirates,ARE,1891,103083.4
United Arab Emirates,ARE,1892,103316.76
United Arab Emirates,ARE,1893,103575.21
United Arab Emirates,ARE,1894,103842.29
United Arab Emirates,ARE,1895,104119.86
United Arab Emirates,ARE,1896,104409.77
United Arab Emirates,ARE,1897,104723.07
United Arab Emirates,ARE,1898,105043.3
United Arab Emirates,ARE,1899,105372.3
United Arab Emirates,ARE,1900,105693.63
United Arab Emirates,ARE,1901,105517.89
United Arab Emirates,ARE,1902,105468.11
United Arab Emirates,ARE,1903,105506.73
United Arab Emirates,ARE,1904,105504.58
United Arab Emirates,ARE,1905,105598.15
United Arab Emirates,ARE,1906,105694.914
United Arab Emirates,ARE,1907,105793.97
United Arab Emirates,ARE,1908,105885.21
United Arab Emirates,ARE,1909,105967.74
United Arab Emirates,ARE,1910,105958.195
United Arab Emirates,ARE,1911,106397.74
United Arab Emirates,ARE,1912,106791.91
United Arab Emirates,ARE,1913,107226.11
United Arab Emirates,ARE,1914,107630.02
United Arab Emirates,ARE,1915,108052.445
United Arab Emirates,ARE,1916,108496.34
United Arab Emirates,ARE,1917,108955.53
United Arab Emirates,ARE,1918,109423.81
United Arab Emirates,ARE,1919,109867.54
United Arab Emirates,ARE,1920,110225.55
United Arab Emirates,ARE,1921,110713.36
United Arab Emirates,ARE,1922,111362.72
United Arab Emirates,ARE,1923,112154.87
United Arab Emirates,ARE,1924,112997.75
United Arab Emirates,ARE,1925,113945.9
United Arab Emirates,ARE,1926,114907.266
United Arab Emirates,ARE,1927,115872.25
United Arab Emirates,ARE,1928,116794.62
United Arab Emirates,ARE,1929,117683.07
United Arab Emirates,ARE,1930,118372.3
United Arab Emirates,ARE,1931,119085.31
United Arab Emirates,ARE,1932,119771.25
United Arab Emirates,ARE,1933,120437.664
United Arab Emirates,ARE,1934,121092.09
United Arab Emirates,ARE,1935,121760.39
United Arab Emirates,ARE,1936,125390.59
United Arab Emirates,ARE,1937,129102.12
United Arab Emirates,ARE,1938,132920.8
United Arab Emirates,ARE,1939,136863.36
United Arab Emirates,ARE,1940,141177.39
United Arab Emirates,ARE,1941,146902.34
United Arab Emirates,ARE,1942,154181.48
United Arab Emirates,ARE,1943,162657.47
United Arab Emirates,ARE,1944,171991.36
United Arab Emirates,ARE,1945,182058.1
United Arab Emirates,ARE,1946,192347.89
United Arab Emirates,ARE,1947,202567.67
United Arab Emirates,ARE,1948,212396.86
United Arab Emirates,ARE,1949,221487.44
United Arab Emirates,ARE,1950,229408.94
United Arab Emirates,ARE,1951,233127.02
United Arab Emirates,ARE,1952,242447.08
United Arab Emirates,ARE,1953,253792.69
United Arab Emirates,ARE,1954,265141.78
United Arab Emirates,ARE,1955,275488.9
United Arab Emirates,ARE,1956,284422.53
United Arab Emirates,ARE,1957,292444.12
United Arab Emirates,ARE,1958,300734.6
United Arab Emirates,ARE,1959,322103.03
United Arab Emirates,ARE,1960,342199.1
United Arab Emirates,ARE,1961,342779.72
United Arab Emirates,ARE,1962,354786.34
United Arab Emirates,ARE,1963,372407.9
United Arab Emirates,ARE,1964,382050.88
United Arab Emirates,ARE,1965,386261.25
United Arab Emirates,ARE,1966,385657.75
United Arab Emirates,ARE,1967,1268270
United Arab Emirates,ARE,1968,1595924
United Arab Emirates,ARE,1969,20854034
United Arab Emirates,ARE,1970,24796168
United Arab Emirates,ARE,1971,30783980
United Arab Emirates,ARE,1972,34272450
United Arab Emirates,ARE,1973,44336890
United Arab Emirates,ARE,1974,46242970
United Arab Emirates,ARE,1975,46302228
United Arab Emirates,ARE,1976,57095450
United Arab Emirates,ARE,1977,57481948
United Arab Emirates,ARE,1978,62904084
United Arab Emirates,ARE,1979,54958864
United Arab Emirates,ARE,1980,54843330
United Arab Emirates,ARE,1981,53583776
United Arab Emirates,ARE,1982,51940804
United Arab Emirates,ARE,1983,49265184
United Arab Emirates,ARE,1984,61036756
United Arab Emirates,ARE,1985,65539336
United Arab Emirates,ARE,1986,64918144
United Arab Emirates,ARE,1987,67498664
United Arab Emirates,ARE,1988,68808550
United Arab Emirates,ARE,1989,78724360
United Arab Emirates,ARE,1990,78319880
United Arab Emirates,ARE,1991,84662980
United Arab Emirates,ARE,1992,86926400
United Arab Emirates,ARE,1993,98220160
United Arab Emirates,ARE,1994,107071970
United Arab Emirates,ARE,1995,106328430
United Arab Emirates,ARE,1996,111448990
United Arab Emirates,ARE,1997,108618440
United Arab Emirates,ARE,1998,115148376
United Arab Emirates,ARE,1999,112641176
United Arab Emirates,ARE,2000,149021310
United Arab Emirates,ARE,2001,139511650
United Arab Emirates,ARE,2002,120659740
United Arab Emirates,ARE,2003,144305760
United Arab Emirates,ARE,2004,149393340
United Arab Emirates,ARE,2005,153931900
United Arab Emirates,ARE,2006,163065000
United Arab Emirates,ARE,2007,174785310
United Arab Emirates,ARE,2008,195625330
United Arab Emirates,ARE,2009,209560770
United Arab Emirates,ARE,2010,228651200
United Arab Emirates,ARE,2011,243799820
United Arab Emirates,ARE,2012,255650910
United Arab Emirates,ARE,2013,263195100
United Arab Emirates,ARE,2014,259397440
United Arab Emirates,ARE,2015,279210800
United Arab Emirates,ARE,2016,281605630
United Arab Emirates,ARE,2017,264409940
United Arab Emirates,ARE,2018,259378430
United Arab Emirates,ARE,2019,272554980
United Arab Emirates,ARE,2020,268938270
United Arab Emirates,ARE,2021,268191380
United Arab Emirates,ARE,2022,280133570
United Arab Emirates,ARE,2023,283849440
United Kingdom,GBR,1850,198294800
United Kingdom,GBR,1851,189435570
United Kingdom,GBR,1852,186964640
United Kingdom,GBR,1853,186373730
United Kingdom,GBR,1854,215189780
United Kingdom,GBR,1855,203217040
United Kingdom,GBR,1856,212924720
United Kingdom,GBR,1857,209143070
United Kingdom,GBR,1858,205052460
United Kingdom,GBR,1859,221619710
United Kingdom,GBR,1860,247087300
United Kingdom,GBR,1861,257451470
United Kingdom,GBR,1862,254652880
United Kingdom,GBR,1863,270751900
United Kingdom,GBR,1864,288997800
United Kingdom,GBR,1865,303619840
United Kingdom,GBR,1866,313222300
United Kingdom,GBR,1867,322002200
United Kingdom,GBR,1868,318321730
United Kingdom,GBR,1869,329639330
United Kingdom,GBR,1870,337436000
United Kingdom,GBR,1871,351202460
United Kingdom,GBR,1872,364228540
United Kingdom,GBR,1873,377494400
United Kingdom,GBR,1874,371246180
United Kingdom,GBR,1875,386943000
United Kingdom,GBR,1876,383966750
United Kingdom,GBR,1877,390208860
United Kingdom,GBR,1878,384199780
United Kingdom,GBR,1879,385543600
United Kingdom,GBR,1880,418031800
United Kingdom,GBR,1881,431552640
United Kingdom,GBR,1882,436799940
United Kingdom,GBR,1883,453035260
United Kingdom,GBR,1884,442640300
United Kingdom,GBR,1885,436275100
United Kingdom,GBR,1886,433644800
United Kingdom,GBR,1887,444049630
United Kingdom,GBR,1888,459506340
United Kingdom,GBR,1889,471294700
United Kingdom,GBR,1890,483582880
United Kingdom,GBR,1891,491833920
United Kingdom,GBR,1892,481907500
United Kingdom,GBR,1893,441538460
United Kingdom,GBR,1894,498466340
United Kingdom,GBR,1895,501910400
United Kingdom,GBR,1896,512204300
United Kingdom,GBR,1897,524963040
United Kingdom,GBR,1898,525897200
United Kingdom,GBR,1899,558266240
United Kingdom,GBR,1900,568758340
United Kingdom,GBR,1901,556888800
United Kingdom,GBR,1902,574784060
United Kingdom,GBR,1903,577271300
United Kingdom,GBR,1904,582346560
United Kingdom,GBR,1905,591244540
United Kingdom,GBR,1906,608555970
United Kingdom,GBR,1907,630162100
United Kingdom,GBR,1908,616943300
United Kingdom,GBR,1909,621618050
United Kingdom,GBR,1910,624444350
United Kingdom,GBR,1911,641248800
United Kingdom,GBR,1912,606637250
United Kingdom,GBR,1913,656917500
United Kingdom,GBR,1914,639484200
United Kingdom,GBR,1915,646986600
United Kingdom,GBR,1916,665970370
United Kingdom,GBR,1917,658452160
United Kingdom,GBR,1918,616451400
United Kingdom,GBR,1919,603862400
United Kingdom,GBR,1920,629322400
United Kingdom,GBR,1921,457446600
United Kingdom,GBR,1922,581553300
United Kingdom,GBR,1923,614376300
United Kingdom,GBR,1924,639115140
United Kingdom,GBR,1925,608197600
United Kingdom,GBR,1926,373151500
United Kingdom,GBR,1927,630698100
United Kingdom,GBR,1928,599315460
United Kingdom,GBR,1929,628782340
United Kingdom,GBR,1930,605862700
United Kingdom,GBR,1931,570506300
United Kingdom,GBR,1932,552554000
United Kingdom,GBR,1933,551560450
United Kingdom,GBR,1934,589757800
United Kingdom,GBR,1935,596543200
United Kingdom,GBR,1936,625856830
United Kingdom,GBR,1937,644540300
United Kingdom,GBR,1938,623447200
United Kingdom,GBR,1939,625990660
United Kingdom,GBR,1940,657238000
United Kingdom,GBR,1941,658526300
United Kingdom,GBR,1942,654691840
United Kingdom,GBR,1943,653160450
United Kingdom,GBR,1944,654005900
United Kingdom,GBR,1945,616304400
United Kingdom,GBR,1946,633407600
United Kingdom,GBR,1947,662761340
United Kingdom,GBR,1948,686274940
United Kingdom,GBR,1949,695137200
United Kingdom,GBR,1950,687445250
United Kingdom,GBR,1951,738919000
United Kingdom,GBR,1952,723111900
United Kingdom,GBR,1953,738916000
United Kingdom,GBR,1954,755239940
United Kingdom,GBR,1955,786408640
United Kingdom,GBR,1956,786240500
United Kingdom,GBR,1957,784208200
United Kingdom,GBR,1958,768340100
United Kingdom,GBR,1959,761389800
United Kingdom,GBR,1960,801837400
United Kingdom,GBR,1961,821618000
United Kingdom,GBR,1962,828824960
United Kingdom,GBR,1963,834713100
United Kingdom,GBR,1964,836402240
United Kingdom,GBR,1965,852366500
United Kingdom,GBR,1966,846905500
United Kingdom,GBR,1967,817187700
United Kingdom,GBR,1968,831633600
United Kingdom,GBR,1969,851748540
United Kingdom,GBR,1970,874284350
United Kingdom,GBR,1971,881532300
United Kingdom,GBR,1972,857642600
United Kingdom,GBR,1973,876954560
United Kingdom,GBR,1974,831715460
United Kingdom,GBR,1975,825625100
United Kingdom,GBR,1976,825320000
United Kingdom,GBR,1977,824217900
United Kingdom,GBR,1978,824845060
United Kingdom,GBR,1979,869577150
United Kingdom,GBR,1980,793882200
United Kingdom,GBR,1981,776137500
United Kingdom,GBR,1982,761062900
United Kingdom,GBR,1983,758612700
United Kingdom,GBR,1984,716425600
United Kingdom,GBR,1985,760743200
United Kingdom,GBR,1986,778645200
United Kingdom,GBR,1987,782891260
United Kingdom,GBR,1988,771510340
United Kingdom,GBR,1989,780027100
United Kingdom,GBR,1990,803556100
United Kingdom,GBR,1991,812110800
United Kingdom,GBR,1992,779765700
United Kingdom,GBR,1993,758459200
United Kingdom,GBR,1994,750513540
United Kingdom,GBR,1995,750881000
United Kingdom,GBR,1996,776404350
United Kingdom,GBR,1997,744276160
United Kingdom,GBR,1998,737037300
United Kingdom,GBR,1999,712123600
United Kingdom,GBR,2000,714313540
United Kingdom,GBR,2001,719587260
United Kingdom,GBR,2002,696095200
United Kingdom,GBR,2003,705014140
United Kingdom,GBR,2004,705417600
United Kingdom,GBR,2005,710880640
United Kingdom,GBR,2006,696889500
United Kingdom,GBR,2007,678446300
United Kingdom,GBR,2008,655320400
United Kingdom,GBR,2009,596274940
United Kingdom,GBR,2010,610291400
United Kingdom,GBR,2011,566244860
United Kingdom,GBR,2012,584074430
United Kingdom,GBR,2013,570684540
United Kingdom,GBR,2014,530489400
United Kingdom,GBR,2015,517176200
United Kingdom,GBR,2016,494167500
United Kingdom,GBR,2017,480739650
United Kingdom,GBR,2018,474719580
United Kingdom,GBR,2019,457550700
United Kingdom,GBR,2020,415250400
United Kingdom,GBR,2021,433641920
United Kingdom,GBR,2022,402284060
United Kingdom,GBR,2023,392245120
United States,USA,1850,868698940
United States,USA,1851,922966850
United States,USA,1852,969457500
United States,USA,1853,976581570
United States,USA,1854,1012674370
United States,USA,1855,1026163300
United States,USA,1856,1056656800
United States,USA,1857,1070377340
United States,USA,1858,1102228200
United States,USA,1859,1146841100
United States,USA,1860,1087680500
United States,USA,1861,1034616300
United States,USA,1862,1042489900
United States,USA,1863,1052694140
United States,USA,1864,1039901250
United States,USA,1865,1016436030
United States,USA,1866,1030383940
United States,USA,1867,1040679230
United States,USA,1868,1048266700
United States,USA,1869,1051259840
United States,USA,1870,1263367700
United States,USA,1871,1371331500
United States,USA,1872,1443336000
United States,USA,1873,1517052900
United States,USA,1874,1554611300
United States,USA,1875,1589396900
United States,USA,1876,1620347000
United States,USA,1877,1673495300
United States,USA,1878,1724309100
United States,USA,1879,1795075100
United States,USA,1880,1740608400
United States,USA,1881,1686934800
United States,USA,1882,1732454800
United States,USA,1883,1782953200
United States,USA,1884,1791557500
United States,USA,1885,1802875100
United States,USA,1886,1806394800
United States,USA,1887,1854236500
United States,USA,1888,1918806300
United States,USA,1889,1855117200
United States,USA,1890,2008664300
United States,USA,1891,2055160700
United States,USA,1892,2064959200
United States,USA,1893,2119092400
United States,USA,1894,2089127200
United States,USA,1895,2126277500
United States,USA,1896,2142356100
United States,USA,1897,2164421600
United States,USA,1898,2227894000
United States,USA,1899,2340192800
United States,USA,1900,2304752000
United States,USA,1901,2335970000
United States,USA,1902,2374097000
United States,USA,1903,2475699200
United States,USA,1904,2473008000
United States,USA,1905,2579868200
United States,USA,1906,2621460200
United States,USA,1907,2795320600
United States,USA,1908,2629815000
United States,USA,1909,2742016800
United States,USA,1910,2807400400
United States,USA,1911,2786606800
United States,USA,1912,2819329500
United States,USA,1913,2899869000
United States,USA,1914,2746554000
United States,USA,1915,2741561000
United States,USA,1916,2890426600
United States,USA,1917,3042944000
United States,USA,1918,3123297000
United States,USA,1919,2834279700
United States,USA,1920,3093454600
United States,USA,1921,2801510100
United States,USA,1922,2787456000
United States,USA,1923,3276896500
United States,USA,1924,3038305300
United States,USA,1925,3138115300
United States,USA,1926,3284446200
United States,USA,1927,3188118800
United States,USA,1928,3184033800
United States,USA,1929,3288593700
United States,USA,1930,3004830700
United States,USA,1931,2735286800
United States,USA,1932,2431839000
United States,USA,1933,2519339300
United States,USA,1934,2619355400
United States,USA,1935,2643957000
United States,USA,1936,2891815400
United States,USA,1937,2951567400
United States,USA,1938,2629269500
United States,USA,1939,2779430100
United States,USA,1940,3048178000
United States,USA,1941,3240638700
United States,USA,1942,3399997400
United States,USA,1943,3486790400
United States,USA,1944,3685676000
United States,USA,1945,3597131000
United States,USA,1946,3481862000
United States,USA,1947,3748066800
United States,USA,1948,3850015700
United States,USA,1949,3351618300
United States,USA,1950,3667769600
United States,USA,1951,3692673000
United States,USA,1952,3553054200
United States,USA,1953,3587792600
United States,USA,1954,3453897000
United States,USA,1955,3683468800
United States,USA,1956,3808693800
United States,USA,1957,3760911600
United States,USA,1958,3657104100
United States,USA,1959,3713446700
United States,USA,1960,3786956000
United States,USA,1961,3704105200
United States,USA,1962,3914329900
United States,USA,1963,4024850400
United States,USA,1964,4149072600
United States,USA,1965,4290618000
United States,USA,1966,4467758000
United States,USA,1967,4932881000
United States,USA,1968,5281959400
United States,USA,1969,5275190300
United States,USA,1970,5530275300
United States,USA,1971,5526418400
United States,USA,1972,5745976000
United States,USA,1973,5929445000
United States,USA,1974,5741827000
United States,USA,1975,5595139600
United States,USA,1976,5888354000
United States,USA,1977,6083787000
United States,USA,1978,6070623700
United States,USA,1979,6155943000
United States,USA,1980,5985885700
United States,USA,1981,5873324500
United States,USA,1982,5609071600
United States,USA,1983,5573759500
United States,USA,1984,5822905000
United States,USA,1985,5783339000
United States,USA,1986,5727750000
United States,USA,1987,5911639600
United States,USA,1988,6148149000
United States,USA,1989,6231767600
United States,USA,1990,6207367000
United States,USA,1991,6138273000
United States,USA,1992,6248525000
United States,USA,1993,6345520000
United States,USA,1994,6487305000
United States,USA,1995,6463498000
United States,USA,1996,6648774700
United States,USA,1997,6734535700
United States,USA,1998,6784128000
United States,USA,1999,6888515600
United States,USA,2000,7068609500
United States,USA,2001,6853824500
United States,USA,2002,6846503000
United States,USA,2003,6974828000
United States,USA,2004,7014975000
United States,USA,2005,7090201600
United States,USA,2006,6950675000
United States,USA,2007,7026121000
United States,USA,2008,6868437500
United States,USA,2009,6325587000
United States,USA,2010,6563316700
United States,USA,2011,6368638500
United States,USA,2012,6226069500
United States,USA,2013,6303702500
United States,USA,2014,6438455000
United States,USA,2015,6248505300
United States,USA,2016,6146356700
United States,USA,2017,6156777000
United States,USA,2018,6305474000
United States,USA,2019,6216229000
United States,USA,2020,5651509000
United States,USA,2021,6009153500
United States,USA,2022,6067148300
United States,USA,2023,5894857000
Upper-middle-income countries,,1850,1010493900
Upper-middle-income countries,,1851,1043907100
Upper-middle-income countries,,1852,1055462140
Upper-middle-income countries,,1853,1125342100
Upper-middle-income countries,,1854,1082268500
Upper-middle-income countries,,1855,1111248300
Upper-middle-income countries,,1856,1111475000
Upper-middle-income countries,,1857,1118966000
Upper-middle-income countries,,1858,1094579500
Upper-middle-income countries,,1859,1101265800
Upper-middle-income countries,,1860,1088576400
Upper-middle-income countries,,1861,1084646400
Upper-middle-income countries,,1862,1088981500
Upper-middle-income countries,,1863,1053807900
Upper-middle-income countries,,1864,1019839000
Upper-middle-income countries,,1865,1008706500
Upper-middle-income countries,,1866,990090800
Upper-middle-income countries,,1867,994811500
Upper-middle-income countries,,1868,993824700
Upper-middle-income countries,,1869,988699600
Upper-middle-income countries,,1870,963118850
Upper-middle-income countries,,1871,1053060500
Upper-middle-income countries,,1872,1041361000
Upper-middle-income countries,,1873,1031398800
Upper-middle-income countries,,1874,1045610560
Upper-middle-income countries,,1875,1092700900
Upper-middle-income countries,,1876,1112353700
Upper-middle-income countries,,1877,1042707840
Upper-middle-income countries,,1878,1074653000
Upper-middle-income countries,,1879,1072567100
Upper-middle-income countries,,1880,1141441400
Upper-middle-income countries,,1881,1208761200
Upper-middle-income countries,,1882,1251861800
Upper-middle-income countries,,1883,1268622700
Upper-middle-income countries,,1884,1273759700
Upper-middle-income countries,,1885,1262931700
Upper-middle-income countries,,1886,1275733800
Upper-middle-income countries,,1887,1341066000
Upper-middle-income countries,,1888,1290490400
Upper-middle-income countries,,1889,1359258200
Upper-middle-income countries,,1890,1422742700
Upper-middle-income countries,,1891,1538275200
Upper-middle-income countries,,1892,1524274200
Upper-middle-income countries,,1893,1554993200
Upper-middle-income countries,,1894,1574874900
Upper-middle-income countries,,1895,1600318700
Upper-middle-income countries,,1896,1632677100
Upper-middle-income countries,,1897,1687790200
Upper-middle-income countries,,1898,1670307500
Upper-middle-income countries,,1899,1742785900
Upper-middle-income countries,,1900,1769874200
Upper-middle-income countries,,1901,1865835600
Upper-middle-income countries,,1902,1927362200
Upper-middle-income countries,,1903,1959525000
Upper-middle-income countries,,1904,1991594900
Upper-middle-income countries,,1905,2042131500
Upper-middle-income countries,,1906,2073152400
Upper-middle-income countries,,1907,2106863700
Upper-middle-income countries,,1908,2159866000
Upper-middle-income countries,,1909,2212816000
Upper-middle-income countries,,1910,2207566600
Upper-middle-income countries,,1911,2383729200
Upper-middle-income countries,,1912,2364318500
Upper-middle-income countries,,1913,2385230000
Upper-middle-income countries,,1914,2448413000
Upper-middle-income countries,,1915,2456438000
Upper-middle-income countries,,1916,2478135600
Upper-middle-income countries,,1917,2547991800
Upper-middle-income countries,,1918,2559035100
Upper-middle-income countries,,1919,2549348000
Upper-middle-income countries,,1920,2649800200
Upper-middle-income countries,,1921,2705482000
Upper-middle-income countries,,1922,2706128400
Upper-middle-income countries,,1923,2808376300
Upper-middle-income countries,,1924,2801466000
Upper-middle-income countries,,1925,2817093400
Upper-middle-income countries,,1926,2838527500
Upper-middle-income countries,,1927,2890104000
Upper-middle-income countries,,1928,2895210800
Upper-middle-income countries,,1929,2906554600
Upper-middle-income countries,,1930,2902338800
Upper-middle-income countries,,1931,2872682500
Upper-middle-income countries,,1932,2970508800
Upper-middle-income countries,,1933,3031193300
Upper-middle-income countries,,1934,3083811800
Upper-middle-income countries,,1935,3117767000
Upper-middle-income countries,,1936,3167758300
Upper-middle-income countries,,1937,3249767200
Upper-middle-income countries,,1938,3271738000
Upper-middle-income countries,,1939,3284718600
Upper-middle-income countries,,1940,3613960200
Upper-middle-income countries,,1941,3775652900
Upper-middle-income countries,,1942,3830127900
Upper-middle-income countries,,1943,3900845600
Upper-middle-income countries,,1944,3997395500
Upper-middle-income countries,,1945,4008507400
Upper-middle-income countries,,1946,4122186000
Upper-middle-income countries,,1947,4220962000
Upper-middle-income countries,,1948,4267765200
Upper-middle-income countries,,1949,4337048000
Upper-middle-income countries,,1950,4858248000
Upper-middle-income countries,,1951,5220756000
Upper-middle-income countries,,1952,5228735500
Upper-middle-income countries,,1953,5263506400
Upper-middle-income countries,,1954,5594944500
Upper-middle-income countries,,1955,5875505000
Upper-middle-income countries,,1956,5996314000
Upper-middle-income countries,,1957,6202233300
Upper-middle-income countries,,1958,6511697000
Upper-middle-income countries,,1959,7040706600
Upper-middle-income countries,,1960,6915527700
Upper-middle-income countries,,1961,7051552000
Upper-middle-income countries,,1962,7015997000
Upper-middle-income countries,,1963,7132662300
Upper-middle-income countries,,1964,7158764500
Upper-middle-income countries,,1965,7275259400
Upper-middle-income countries,,1966,7307508700
Upper-middle-income countries,,1967,7081263600
Upper-middle-income countries,,1968,7295792000
Upper-middle-income countries,,1969,7970999000
Upper-middle-income countries,,1970,8466736600
Upper-middle-income countries,,1971,8438242300
Upper-middle-income countries,,1972,9044759000
Upper-middle-income countries,,1973,9152834000
Upper-middle-income countries,,1974,9216914000
Upper-middle-income countries,,1975,9449283000
Upper-middle-income countries,,1976,9708675000
Upper-middle-income countries,,1977,10278857000
Upper-middle-income countries,,1978,10781897000
Upper-middle-income countries,,1979,10439335000
Upper-middle-income countries,,1980,10476333000
Upper-middle-income countries,,1981,10269648000
Upper-middle-income countries,,1982,10548205000
Upper-middle-income countries,,1983,10757825000
Upper-middle-income countries,,1984,11881382000
Upper-middle-income countries,,1985,11899729000
Upper-middle-income countries,,1986,12515985000
Upper-middle-income countries,,1987,12619813000
Upper-middle-income countries,,1988,12739588000
Upper-middle-income countries,,1989,12850980000
Upper-middle-income countries,,1990,12849776000
Upper-middle-income countries,,1991,12885667000
Upper-middle-income countries,,1992,13217384000
Upper-middle-income countries,,1993,13298371000
Upper-middle-income countries,,1994,14120886000
Upper-middle-income countries,,1995,14288010000
Upper-middle-income countries,,1996,14623901000
Upper-middle-income countries,,1997,16580105000
Upper-middle-income countries,,1998,15028264000
Upper-middle-income countries,,1999,15177098000
Upper-middle-income countries,,2000,14751239000
Upper-middle-income countries,,2001,14718295000
Upper-middle-income countries,,2002,15597676000
Upper-middle-income countries,,2003,17260757000
Upper-middle-income countries,,2004,17474568000
Upper-middle-income countries,,2005,17985933000
Upper-middle-income countries,,2006,19325585000
Upper-middle-income countries,,2007,19150983000
Upper-middle-income countries,,2008,19775662000
Upper-middle-income countries,,2009,20458220000
Upper-middle-income countries,,2010,21233646000
Upper-middle-income countries,,2011,22700917000
Upper-middle-income countries,,2012,23368395000
Upper-middle-income countries,,2013,23399588000
Upper-middle-income countries,,2014,23877972000
Upper-middle-income countries,,2015,23927490000
Upper-middle-income countries,,2016,22794349000
Upper-middle-income countries,,2017,23086970000
Upper-middle-income countries,,2018,23474983000
Upper-middle-income countries,,2019,24207393000
Upper-middle-income countries,,2020,23700558000
Upper-middle-income countries,,2021,24647148000
Upper-middle-income countries,,2022,24704946000
Upper-middle-income countries,,2023,25348710000
Uruguay,URY,1850,5926391
Uruguay,URY,1851,6693762.5
Uruguay,URY,1852,7270699
Uruguay,URY,1853,7765089
Uruguay,URY,1854,8219364
Uruguay,URY,1855,8627883
Uruguay,URY,1856,9038406
Uruguay,URY,1857,9394536
Uruguay,URY,1858,9782805
Uruguay,URY,1859,10050332
Uruguay,URY,1860,10329395
Uruguay,URY,1861,10642596
Uruguay,URY,1862,10885872
Uruguay,URY,1863,11192753
Uruguay,URY,1864,11411365
Uruguay,URY,1865,11649338
Uruguay,URY,1866,11967801
Uruguay,URY,1867,12156232
Uruguay,URY,1868,12487001
Uruguay,URY,1869,12648115
Uruguay,URY,1870,12709006
Uruguay,URY,1871,12956161
Uruguay,URY,1872,13329850
Uruguay,URY,1873,13537353
Uruguay,URY,1874,14015629
Uruguay,URY,1875,14132310
Uruguay,URY,1876,14415856
Uruguay,URY,1877,14745422
Uruguay,URY,1878,15001001
Uruguay,URY,1879,15245804
Uruguay,URY,1880,16493276
Uruguay,URY,1881,17736638
Uruguay,URY,1882,18580560
Uruguay,URY,1883,19488844
Uruguay,URY,1884,20327134
Uruguay,URY,1885,21089864
Uruguay,URY,1886,21492102
Uruguay,URY,1887,22251188
Uruguay,URY,1888,22863040
Uruguay,URY,1889,23815616
Uruguay,URY,1890,23784908
Uruguay,URY,1891,24114210
Uruguay,URY,1892,24460914
Uruguay,URY,1893,24957234
Uruguay,URY,1894,25515758
Uruguay,URY,1895,25812158
Uruguay,URY,1896,26173972
Uruguay,URY,1897,26320320
Uruguay,URY,1898,26942256
Uruguay,URY,1899,27285922
Uruguay,URY,1900,26286922
Uruguay,URY,1901,25666332
Uruguay,URY,1902,25896520
Uruguay,URY,1903,25453410
Uruguay,URY,1904,24839900
Uruguay,URY,1905,24636380
Uruguay,URY,1906,25515656
Uruguay,URY,1907,25876512
Uruguay,URY,1908,26441284
Uruguay,URY,1909,26352214
Uruguay,URY,1910,26909676
Uruguay,URY,1911,27365316
Uruguay,URY,1912,28003156
Uruguay,URY,1913,28187206
Uruguay,URY,1914,28407250
Uruguay,URY,1915,27902906
Uruguay,URY,1916,27575132
Uruguay,URY,1917,28105502
Uruguay,URY,1918,28845430
Uruguay,URY,1919,29556062
Uruguay,URY,1920,29385542
Uruguay,URY,1921,29233872
Uruguay,URY,1922,30044468
Uruguay,URY,1923,29997302
Uruguay,URY,1924,29992568
Uruguay,URY,1925,30302470
Uruguay,URY,1926,30573426
Uruguay,URY,1927,30358952
Uruguay,URY,1928,30240562
Uruguay,URY,1929,30683770
Uruguay,URY,1930,30102570
Uruguay,URY,1931,29919422
Uruguay,URY,1932,30281734
Uruguay,URY,1933,30070056
Uruguay,URY,1934,30160150
Uruguay,URY,1935,30119996
Uruguay,URY,1936,30564154
Uruguay,URY,1937,30138752
Uruguay,URY,1938,30359498
Uruguay,URY,1939,30577024
Uruguay,URY,1940,30925590
Uruguay,URY,1941,30272476
Uruguay,URY,1942,30070720
Uruguay,URY,1943,30688314
Uruguay,URY,1944,30980918
Uruguay,URY,1945,31358698
Uruguay,URY,1946,31270472
Uruguay,URY,1947,31226382
Uruguay,URY,1948,31634062
Uruguay,URY,1949,31848836
Uruguay,URY,1950,34206624
Uruguay,URY,1951,34044784
Uruguay,URY,1952,34598628
Uruguay,URY,1953,35168770
Uruguay,URY,1954,35584336
Uruguay,URY,1955,36066000
Uruguay,URY,1956,36560136
Uruguay,URY,1957,37463624
Uruguay,URY,1958,37369068
Uruguay,URY,1959,38038428
Uruguay,URY,1960,38103210
Uruguay,URY,1961,36034590
Uruguay,URY,1962,33285822
Uruguay,URY,1963,32430188
Uruguay,URY,1964,30908098
Uruguay,URY,1965,29801028
Uruguay,URY,1966,28822540
Uruguay,URY,1967,27591378
Uruguay,URY,1968,26223432
Uruguay,URY,1969,25738968
Uruguay,URY,1970,24474716
Uruguay,URY,1971,23836488
Uruguay,URY,1972,24170690
Uruguay,URY,1973,24623538
Uruguay,URY,1974,25531190
Uruguay,URY,1975,27297246
Uruguay,URY,1976,25267370
Uruguay,URY,1977,24495554
Uruguay,URY,1978,24458280
Uruguay,URY,1979,25320442
Uruguay,URY,1980,27733126
Uruguay,URY,1981,27900410
Uruguay,URY,1982,27182902
Uruguay,URY,1983,23363370
Uruguay,URY,1984,22195290
Uruguay,URY,1985,22536852
Uruguay,URY,1986,23031790
Uruguay,URY,1987,24632356
Uruguay,URY,1988,26762694
Uruguay,URY,1989,25211942
Uruguay,URY,1990,23884414
Uruguay,URY,1991,25965056
Uruguay,URY,1992,28443216
Uruguay,URY,1993,29110196
Uruguay,URY,1994,28970664
Uruguay,URY,1995,29592620
Uruguay,URY,1996,31269450
Uruguay,URY,1997,31326036
Uruguay,URY,1998,31221958
Uruguay,URY,1999,32164772
Uruguay,URY,2000,30117978
Uruguay,URY,2001,29068896
Uruguay,URY,2002,29919274
Uruguay,URY,2003,30195794
Uruguay,URY,2004,31427102
Uruguay,URY,2005,32714140
Uruguay,URY,2006,37237800
Uruguay,URY,2007,45825430
Uruguay,URY,2008,56027284
Uruguay,URY,2009,49292220
Uruguay,URY,2010,53625960
Uruguay,URY,2011,48239820
Uruguay,URY,2012,51476940
Uruguay,URY,2013,50654130
Uruguay,URY,2014,49829936
Uruguay,URY,2015,44745300
Uruguay,URY,2016,43500350
Uruguay,URY,2017,42533440
Uruguay,URY,2018,41183550
Uruguay,URY,2019,40768180
Uruguay,URY,2020,38640750
Uruguay,URY,2021,41736372
Uruguay,URY,2022,41178244
Uruguay,URY,2023,41451616
Uzbekistan,UZB,1850,6916384.5
Uzbekistan,UZB,1851,6942509
Uzbekistan,UZB,1852,6968329
Uzbekistan,UZB,1853,6992796.5
Uzbekistan,UZB,1854,7015955.5
Uzbekistan,UZB,1855,7046080
Uzbekistan,UZB,1856,7056608
Uzbekistan,UZB,1857,7074298
Uzbekistan,UZB,1858,7102804.5
Uzbekistan,UZB,1859,7117581.5
Uzbekistan,UZB,1860,7155159.5
Uzbekistan,UZB,1861,7196075.5
Uzbekistan,UZB,1862,7225457.5
Uzbekistan,UZB,1863,7256622.5
Uzbekistan,UZB,1864,7288974.5
Uzbekistan,UZB,1865,7317005
Uzbekistan,UZB,1866,7395496
Uzbekistan,UZB,1867,7435235
Uzbekistan,UZB,1868,7450408.5
Uzbekistan,UZB,1869,7503991.5
Uzbekistan,UZB,1870,7559609
Uzbekistan,UZB,1871,7642021
Uzbekistan,UZB,1872,7703954.5
Uzbekistan,UZB,1873,7764202
Uzbekistan,UZB,1874,7868794
Uzbekistan,UZB,1875,7973207
Uzbekistan,UZB,1876,8099265
Uzbekistan,UZB,1877,8182916
Uzbekistan,UZB,1878,8327238.5
Uzbekistan,UZB,1879,8398638
Uzbekistan,UZB,1880,8522138
Uzbekistan,UZB,1881,8595319
Uzbekistan,UZB,1882,8662285
Uzbekistan,UZB,1883,8762299
Uzbekistan,UZB,1884,8814118
Uzbekistan,UZB,1885,8898530
Uzbekistan,UZB,1886,8950771
Uzbekistan,UZB,1887,9023409
Uzbekistan,UZB,1888,9086884
Uzbekistan,UZB,1889,9171505
Uzbekistan,UZB,1890,9333583
Uzbekistan,UZB,1891,9465864
Uzbekistan,UZB,1892,9563654
Uzbekistan,UZB,1893,9761798
Uzbekistan,UZB,1894,9825488
Uzbekistan,UZB,1895,10032072
Uzbekistan,UZB,1896,10097892
Uzbekistan,UZB,1897,10328568
Uzbekistan,UZB,1898,10539577
Uzbekistan,UZB,1899,10823352
Uzbekistan,UZB,1900,11127483
Uzbekistan,UZB,1901,11268171
Uzbekistan,UZB,1902,11275918
Uzbekistan,UZB,1903,11170800
Uzbekistan,UZB,1904,11470113
Uzbekistan,UZB,1905,11264420
Uzbekistan,UZB,1906,11641462
Uzbekistan,UZB,1907,11875255
Uzbekistan,UZB,1908,12004618
Uzbekistan,UZB,1909,12312355
Uzbekistan,UZB,1910,12309271
Uzbekistan,UZB,1911,12447327
Uzbekistan,UZB,1912,13025902
Uzbekistan,UZB,1913,13455620
Uzbekistan,UZB,1914,13378628
Uzbekistan,UZB,1915,13395162
Uzbekistan,UZB,1916,13572824
Uzbekistan,UZB,1917,13639045
Uzbekistan,UZB,1918,12043147
Uzbekistan,UZB,1919,12059492
Uzbekistan,UZB,1920,12047664
Uzbekistan,UZB,1921,12320987
Uzbekistan,UZB,1922,12730142
Uzbekistan,UZB,1923,12843901
Uzbekistan,UZB,1924,13193435
Uzbekistan,UZB,1925,13368844
Uzbekistan,UZB,1926,14029338
Uzbekistan,UZB,1927,14597525
Uzbekistan,UZB,1928,14746648
Uzbekistan,UZB,1929,15026647
Uzbekistan,UZB,1930,16298013
Uzbekistan,UZB,1931,17167012
Uzbekistan,UZB,1932,17865110
Uzbekistan,UZB,1933,18571418
Uzbekistan,UZB,1934,19777828
Uzbekistan,UZB,1935,20842798
Uzbekistan,UZB,1936,22213400
Uzbekistan,UZB,1937,22517902
Uzbekistan,UZB,1938,23261526
Uzbekistan,UZB,1939,23510832
Uzbekistan,UZB,1940,25806654
Uzbekistan,UZB,1941,24422454
Uzbekistan,UZB,1942,19678476
Uzbekistan,UZB,1943,20038148
Uzbekistan,UZB,1944,23398582
Uzbekistan,UZB,1945,23870540
Uzbekistan,UZB,1946,25461974
Uzbekistan,UZB,1947,28100712
Uzbekistan,UZB,1948,29257508
Uzbekistan,UZB,1949,31397042
Uzbekistan,UZB,1950,37247696
Uzbekistan,UZB,1951,41264572
Uzbekistan,UZB,1952,44524548
Uzbekistan,UZB,1953,47536148
Uzbekistan,UZB,1954,51244636
Uzbekistan,UZB,1955,56821664
Uzbekistan,UZB,1956,61551624
Uzbekistan,UZB,1957,66664140
Uzbekistan,UZB,1958,71569730
Uzbekistan,UZB,1959,75503300
Uzbekistan,UZB,1960,73504240
Uzbekistan,UZB,1961,74797460
Uzbekistan,UZB,1962,76452810
Uzbekistan,UZB,1963,79150500
Uzbekistan,UZB,1964,81084960
Uzbekistan,UZB,1965,83976690
Uzbekistan,UZB,1966,87733440
Uzbekistan,UZB,1967,90578056
Uzbekistan,UZB,1968,92650440
Uzbekistan,UZB,1969,94533176
Uzbekistan,UZB,1970,98860376
Uzbekistan,UZB,1971,103507930
Uzbekistan,UZB,1972,106423320
Uzbekistan,UZB,1973,110803020
Uzbekistan,UZB,1974,113939450
Uzbekistan,UZB,1975,119485790
Uzbekistan,UZB,1976,123151480
Uzbekistan,UZB,1977,126445980
Uzbekistan,UZB,1978,130211880
Uzbekistan,UZB,1979,132063864
Uzbekistan,UZB,1980,137078750
Uzbekistan,UZB,1981,136033580
Uzbekistan,UZB,1982,138297730
Uzbekistan,UZB,1983,140828750
Uzbekistan,UZB,1984,142546900
Uzbekistan,UZB,1985,151216450
Uzbekistan,UZB,1986,148093010
Uzbekistan,UZB,1987,151299440
Uzbekistan,UZB,1988,154653700
Uzbekistan,UZB,1989,157152260
Uzbekistan,UZB,1990,154357000
Uzbekistan,UZB,1991,153343920
Uzbekistan,UZB,1992,158208880
Uzbekistan,UZB,1993,163961170
Uzbekistan,UZB,1994,161600670
Uzbekistan,UZB,1995,156709550
Uzbekistan,UZB,1996,161046560
Uzbekistan,UZB,1997,163889760
Uzbekistan,UZB,1998,176767060
Uzbekistan,UZB,1999,177208720
Uzbekistan,UZB,2000,178936130
Uzbekistan,UZB,2001,186117250
Uzbekistan,UZB,2002,198866200
Uzbekistan,UZB,2003,191877620
Uzbekistan,UZB,2004,188999950
Uzbekistan,UZB,2005,188646480
Uzbekistan,UZB,2006,194939040
Uzbekistan,UZB,2007,190706140
Uzbekistan,UZB,2008,200915150
Uzbekistan,UZB,2009,175490880
Uzbekistan,UZB,2010,177493280
Uzbekistan,UZB,2011,188188540
Uzbekistan,UZB,2012,193305680
Uzbekistan,UZB,2013,187310720
Uzbekistan,UZB,2014,181595380
Uzbekistan,UZB,2015,178154300
Uzbekistan,UZB,2016,186801950
Uzbekistan,UZB,2017,187371780
Uzbekistan,UZB,2018,186094080
Uzbekistan,UZB,2019,194137870
Uzbekistan,UZB,2020,190892900
Uzbekistan,UZB,2021,204321730
Uzbekistan,UZB,2022,209760240
Uzbekistan,UZB,2023,208706830
Vanuatu,VUT,1850,180770.7
Vanuatu,VUT,1851,64176.742
Vanuatu,VUT,1852,149476.95
Vanuatu,VUT,1853,137028.08
Vanuatu,VUT,1854,157688.48
Vanuatu,VUT,1855,124913.16
Vanuatu,VUT,1856,95245.41
Vanuatu,VUT,1857,85776.44
Vanuatu,VUT,1858,139630.17
Vanuatu,VUT,1859,81107.3
Vanuatu,VUT,1860,57847.355
Vanuatu,VUT,1861,205975.95
Vanuatu,VUT,1862,164014.94
Vanuatu,VUT,1863,115604.54
Vanuatu,VUT,1864,185220.61
Vanuatu,VUT,1865,104356.61
Vanuatu,VUT,1866,126177.234
Vanuatu,VUT,1867,144729.34
Vanuatu,VUT,1868,79103.22
Vanuatu,VUT,1869,109879.695
Vanuatu,VUT,1870,96838.086
Vanuatu,VUT,1871,217714.53
Vanuatu,VUT,1872,160707.83
Vanuatu,VUT,1873,97595.016
Vanuatu,VUT,1874,149543.72
Vanuatu,VUT,1875,192938.9
Vanuatu,VUT,1876,179689.73
Vanuatu,VUT,1877,165414.88
Vanuatu,VUT,1878,123723.51
Vanuatu,VUT,1879,140224.19
Vanuatu,VUT,1880,212616.88
Vanuatu,VUT,1881,199597.67
Vanuatu,VUT,1882,175195.67
Vanuatu,VUT,1883,148769.27
Vanuatu,VUT,1884,187849.08
Vanuatu,VUT,1885,151053.64
Vanuatu,VUT,1886,140172
Vanuatu,VUT,1887,170916.7
Vanuatu,VUT,1888,198965.64
Vanuatu,VUT,1889,159313.44
Vanuatu,VUT,1890,197087.53
Vanuatu,VUT,1891,238150.69
Vanuatu,VUT,1892,203019.34
Vanuatu,VUT,1893,270814.75
Vanuatu,VUT,1894,148845.08
Vanuatu,VUT,1895,228331.62
Vanuatu,VUT,1896,290311.25
Vanuatu,VUT,1897,224532.1
Vanuatu,VUT,1898,284064.28
Vanuatu,VUT,1899,204291.44
Vanuatu,VUT,1900,84093.4
Vanuatu,VUT,1901,138428.5
Vanuatu,VUT,1902,274021.47
Vanuatu,VUT,1903,412579.84
Vanuatu,VUT,1904,326516.6
Vanuatu,VUT,1905,291669
Vanuatu,VUT,1906,253006.08
Vanuatu,VUT,1907,199254.11
Vanuatu,VUT,1908,297521.22
Vanuatu,VUT,1909,133347.19
Vanuatu,VUT,1910,449546.1
Vanuatu,VUT,1911,250200.5
Vanuatu,VUT,1912,248730.33
Vanuatu,VUT,1913,330236.34
Vanuatu,VUT,1914,292533.47
Vanuatu,VUT,1915,295155.97
Vanuatu,VUT,1916,327866.5
Vanuatu,VUT,1917,169207.44
Vanuatu,VUT,1918,347741.88
Vanuatu,VUT,1919,224801.62
Vanuatu,VUT,1920,375775.7
Vanuatu,VUT,1921,363451.7
Vanuatu,VUT,1922,340000.22
Vanuatu,VUT,1923,300691.22
Vanuatu,VUT,1924,329623.97
Vanuatu,VUT,1925,312454.06
Vanuatu,VUT,1926,383648.3
Vanuatu,VUT,1927,365608
Vanuatu,VUT,1928,305403.62
Vanuatu,VUT,1929,352453.1
Vanuatu,VUT,1930,443800.3
Vanuatu,VUT,1931,231108.48
Vanuatu,VUT,1932,309844.72
Vanuatu,VUT,1933,357960.72
Vanuatu,VUT,1934,496471.66
Vanuatu,VUT,1935,341110.16
Vanuatu,VUT,1936,348053.06
Vanuatu,VUT,1937,418354.84
Vanuatu,VUT,1938,291728.75
Vanuatu,VUT,1939,253411.95
Vanuatu,VUT,1940,1708845.4
Vanuatu,VUT,1941,2154036
Vanuatu,VUT,1942,2415596.8
Vanuatu,VUT,1943,2520635.5
Vanuatu,VUT,1944,2549018
Vanuatu,VUT,1945,2674897
Vanuatu,VUT,1946,2811251.5
Vanuatu,VUT,1947,2871790.5
Vanuatu,VUT,1948,2848034
Vanuatu,VUT,1949,2816275
Vanuatu,VUT,1950,1810144
Vanuatu,VUT,1951,1490490.2
Vanuatu,VUT,1952,1342375.9
Vanuatu,VUT,1953,1214683.8
Vanuatu,VUT,1954,1079406.1
Vanuatu,VUT,1955,1164883.1
Vanuatu,VUT,1956,1008619.56
Vanuatu,VUT,1957,952718.1
Vanuatu,VUT,1958,960966.56
Vanuatu,VUT,1959,882446.2
Vanuatu,VUT,1960,722516.6
Vanuatu,VUT,1961,711304.56
Vanuatu,VUT,1962,666404.2
Vanuatu,VUT,1963,642372.5
Vanuatu,VUT,1964,1979273.1
Vanuatu,VUT,1965,1073649.2
Vanuatu,VUT,1966,919312.56
Vanuatu,VUT,1967,864443.9
Vanuatu,VUT,1968,806953.1
Vanuatu,VUT,1969,1871122.1
Vanuatu,VUT,1970,1150286.4
Vanuatu,VUT,1971,984893.6
Vanuatu,VUT,1972,921096.9
Vanuatu,VUT,1973,911757.25
Vanuatu,VUT,1974,1841620.6
Vanuatu,VUT,1975,1172247.6
Vanuatu,VUT,1976,1137649
Vanuatu,VUT,1977,979109.3
Vanuatu,VUT,1978,1023102.94
Vanuatu,VUT,1979,836011.7
Vanuatu,VUT,1980,1176307.2
Vanuatu,VUT,1981,1084484.8
Vanuatu,VUT,1982,1226434.5
Vanuatu,VUT,1983,993878.75
Vanuatu,VUT,1984,1188409.1
Vanuatu,VUT,1985,1465828.8
Vanuatu,VUT,1986,1371287
Vanuatu,VUT,1987,1508035.6
Vanuatu,VUT,1988,1511785.2
Vanuatu,VUT,1989,1490408.2
Vanuatu,VUT,1990,1516990.9
Vanuatu,VUT,1991,1542077.9
Vanuatu,VUT,1992,1577343.8
Vanuatu,VUT,1993,1364439.4
Vanuatu,VUT,1994,1853126.9
Vanuatu,VUT,1995,1613366
Vanuatu,VUT,1996,1428846.1
Vanuatu,VUT,1997,1729963
Vanuatu,VUT,1998,1386787
Vanuatu,VUT,1999,1775837.2
Vanuatu,VUT,2000,1663339.2
Vanuatu,VUT,2001,2023318.4
Vanuatu,VUT,2002,1999773.4
Vanuatu,VUT,2003,3735479.8
Vanuatu,VUT,2004,2763592.2
Vanuatu,VUT,2005,2173099.2
Vanuatu,VUT,2006,1750140.5
Vanuatu,VUT,2007,1229256.6
Vanuatu,VUT,2008,1162081.6
Vanuatu,VUT,2009,1067602.1
Vanuatu,VUT,2010,932650.06
Vanuatu,VUT,2011,526671.5
Vanuatu,VUT,2012,616934.8
Vanuatu,VUT,2013,311131.62
Vanuatu,VUT,2014,496575
Vanuatu,VUT,2015,498645.94
Vanuatu,VUT,2016,415226.97
Vanuatu,VUT,2017,1047164.94
Vanuatu,VUT,2018,678523.94
Vanuatu,VUT,2019,326111.47
Vanuatu,VUT,2020,403413.62
Vanuatu,VUT,2021,616765.1
Vanuatu,VUT,2022,594723.5
Vanuatu,VUT,2023,610598.1
Venezuela,VEN,1850,32023040
Venezuela,VEN,1851,42569004
Venezuela,VEN,1852,42385492
Venezuela,VEN,1853,51365160
Venezuela,VEN,1854,49247730
Venezuela,VEN,1855,42647356
Venezuela,VEN,1856,55341844
Venezuela,VEN,1857,52256436
Venezuela,VEN,1858,51977416
Venezuela,VEN,1859,51090464
Venezuela,VEN,1860,38726640
Venezuela,VEN,1861,29633810
Venezuela,VEN,1862,26536690
Venezuela,VEN,1863,24432286
Venezuela,VEN,1864,22142564
Venezuela,VEN,1865,23392978
Venezuela,VEN,1866,20654236
Venezuela,VEN,1867,24878984
Venezuela,VEN,1868,19738244
Venezuela,VEN,1869,19364216
Venezuela,VEN,1870,19701082
Venezuela,VEN,1871,20917548
Venezuela,VEN,1872,23250014
Venezuela,VEN,1873,21475514
Venezuela,VEN,1874,20503520
Venezuela,VEN,1875,20517070
Venezuela,VEN,1876,22244686
Venezuela,VEN,1877,19052588
Venezuela,VEN,1878,22669536
Venezuela,VEN,1879,21579390
Venezuela,VEN,1880,24907146
Venezuela,VEN,1881,25011422
Venezuela,VEN,1882,22892798
Venezuela,VEN,1883,25013542
Venezuela,VEN,1884,24547066
Venezuela,VEN,1885,24328896
Venezuela,VEN,1886,21373306
Venezuela,VEN,1887,26386720
Venezuela,VEN,1888,25849418
Venezuela,VEN,1889,27775592
Venezuela,VEN,1890,20153594
Venezuela,VEN,1891,17723030
Venezuela,VEN,1892,19522356
Venezuela,VEN,1893,16850784
Venezuela,VEN,1894,19047324
Venezuela,VEN,1895,17200436
Venezuela,VEN,1896,16667305
Venezuela,VEN,1897,15151229
Venezuela,VEN,1898,15919797
Venezuela,VEN,1899,16159506
Venezuela,VEN,1900,13985074
Venezuela,VEN,1901,13147230
Venezuela,VEN,1902,15364066
Venezuela,VEN,1903,18757380
Venezuela,VEN,1904,16403067
Venezuela,VEN,1905,16276091
Venezuela,VEN,1906,16043454
Venezuela,VEN,1907,18593894
Venezuela,VEN,1908,17641168
Venezuela,VEN,1909,19132480
Venezuela,VEN,1910,20267504
Venezuela,VEN,1911,19285230
Venezuela,VEN,1912,19901236
Venezuela,VEN,1913,22111440
Venezuela,VEN,1914,25242484
Venezuela,VEN,1915,27047172
Venezuela,VEN,1916,32119030
Venezuela,VEN,1917,33636524
Venezuela,VEN,1918,37949850
Venezuela,VEN,1919,42644544
Venezuela,VEN,1920,50319070
Venezuela,VEN,1921,58601236
Venezuela,VEN,1922,68663496
Venezuela,VEN,1923,71712380
Venezuela,VEN,1924,75089170
Venezuela,VEN,1925,81419850
Venezuela,VEN,1926,86183570
Venezuela,VEN,1927,89992030
Venezuela,VEN,1928,93767170
Venezuela,VEN,1929,95766070
Venezuela,VEN,1930,101179700
Venezuela,VEN,1931,102253210
Venezuela,VEN,1932,118725750
Venezuela,VEN,1933,121500530
Venezuela,VEN,1934,126103300
Venezuela,VEN,1935,127974800
Venezuela,VEN,1936,129251560
Venezuela,VEN,1937,142913420
Venezuela,VEN,1938,142073040
Venezuela,VEN,1939,128128890
Venezuela,VEN,1940,146988260
Venezuela,VEN,1941,165967280
Venezuela,VEN,1942,166756180
Venezuela,VEN,1943,167839580
Venezuela,VEN,1944,179458420
Venezuela,VEN,1945,182427310
Venezuela,VEN,1946,185735040
Venezuela,VEN,1947,192570980
Venezuela,VEN,1948,199057980
Venezuela,VEN,1949,197725730
Venezuela,VEN,1950,219064620
Venezuela,VEN,1951,241574990
Venezuela,VEN,1952,256630980
Venezuela,VEN,1953,251640260
Venezuela,VEN,1954,263115420
Venezuela,VEN,1955,311816900
Venezuela,VEN,1956,317194140
Venezuela,VEN,1957,324016580
Venezuela,VEN,1958,251723090
Venezuela,VEN,1959,323871360
Venezuela,VEN,1960,294908060
Venezuela,VEN,1961,235600000
Venezuela,VEN,1962,195933340
Venezuela,VEN,1963,199859120
Venezuela,VEN,1964,182470620
Venezuela,VEN,1965,178288850
Venezuela,VEN,1966,162214350
Venezuela,VEN,1967,161362910
Venezuela,VEN,1968,146757330
Venezuela,VEN,1969,140448910
Venezuela,VEN,1970,147969020
Venezuela,VEN,1971,131127920
Venezuela,VEN,1972,134989800
Venezuela,VEN,1973,143035710
Venezuela,VEN,1974,146838560
Venezuela,VEN,1975,133081470
Venezuela,VEN,1976,141087060
Venezuela,VEN,1977,141920300
Venezuela,VEN,1978,148274380
Venezuela,VEN,1979,157356300
Venezuela,VEN,1980,170076300
Venezuela,VEN,1981,171429040
Venezuela,VEN,1982,172415460
Venezuela,VEN,1983,170126300
Venezuela,VEN,1984,188098080
Venezuela,VEN,1985,213700320
Venezuela,VEN,1986,204578370
Venezuela,VEN,1987,202856960
Venezuela,VEN,1988,200920180
Venezuela,VEN,1989,194659470
Venezuela,VEN,1990,217493600
Venezuela,VEN,1991,200793810
Venezuela,VEN,1992,198116780
Venezuela,VEN,1993,218199280
Venezuela,VEN,1994,223998770
Venezuela,VEN,1995,240749100
Venezuela,VEN,1996,230380940
Venezuela,VEN,1997,254624910
Venezuela,VEN,1998,264751380
Venezuela,VEN,1999,271881950
Venezuela,VEN,2000,271409060
Venezuela,VEN,2001,253067020
Venezuela,VEN,2002,282578300
Venezuela,VEN,2003,280510700
Venezuela,VEN,2004,264704030
Venezuela,VEN,2005,263128220
Venezuela,VEN,2006,276786400
Venezuela,VEN,2007,279059740
Venezuela,VEN,2008,284163230
Venezuela,VEN,2009,274519100
Venezuela,VEN,2010,304646900
Venezuela,VEN,2011,285955300
Venezuela,VEN,2012,307406820
Venezuela,VEN,2013,326299500
Venezuela,VEN,2014,296136220
Venezuela,VEN,2015,285654530
Venezuela,VEN,2016,266526580
Venezuela,VEN,2017,252748430
Venezuela,VEN,2018,220302670
Venezuela,VEN,2019,195117200
Venezuela,VEN,2020,165075150
Venezuela,VEN,2021,160525060
Venezuela,VEN,2022,163483860
Venezuela,VEN,2023,171236670
Vietnam,VNM,1850,36695788
Vietnam,VNM,1851,37369850
Vietnam,VNM,1852,37491292
Vietnam,VNM,1853,37899708
Vietnam,VNM,1854,37975216
Vietnam,VNM,1855,38253452
Vietnam,VNM,1856,38735812
Vietnam,VNM,1857,38701150
Vietnam,VNM,1858,38403610
Vietnam,VNM,1859,39171656
Vietnam,VNM,1860,39203364
Vietnam,VNM,1861,39078410
Vietnam,VNM,1862,39958028
Vietnam,VNM,1863,39839250
Vietnam,VNM,1864,39987410
Vietnam,VNM,1865,40419572
Vietnam,VNM,1866,40561504
Vietnam,VNM,1867,40016996
Vietnam,VNM,1868,40927500
Vietnam,VNM,1869,40460410
Vietnam,VNM,1870,45398252
Vietnam,VNM,1871,49475332
Vietnam,VNM,1872,53197450
Vietnam,VNM,1873,52947544
Vietnam,VNM,1874,54714052
Vietnam,VNM,1875,56418490
Vietnam,VNM,1876,55708656
Vietnam,VNM,1877,56932800
Vietnam,VNM,1878,57964290
Vietnam,VNM,1879,57314412
Vietnam,VNM,1880,61797944
Vietnam,VNM,1881,64488010
Vietnam,VNM,1882,64959090
Vietnam,VNM,1883,64864450
Vietnam,VNM,1884,67120390
Vietnam,VNM,1885,67847610
Vietnam,VNM,1886,68400150
Vietnam,VNM,1887,68692590
Vietnam,VNM,1888,67859690
Vietnam,VNM,1889,69031370
Vietnam,VNM,1890,71424376
Vietnam,VNM,1891,72863650
Vietnam,VNM,1892,72867700
Vietnam,VNM,1893,74211240
Vietnam,VNM,1894,72464060
Vietnam,VNM,1895,76769890
Vietnam,VNM,1896,75021660
Vietnam,VNM,1897,76367176
Vietnam,VNM,1898,76496056
Vietnam,VNM,1899,76055896
Vietnam,VNM,1900,78022240
Vietnam,VNM,1901,77378760
Vietnam,VNM,1902,78306010
Vietnam,VNM,1903,78422090
Vietnam,VNM,1904,80653576
Vietnam,VNM,1905,79994770
Vietnam,VNM,1906,78631910
Vietnam,VNM,1907,79609220
Vietnam,VNM,1908,80943624
Vietnam,VNM,1909,80046060
Vietnam,VNM,1910,78820140
Vietnam,VNM,1911,76848700
Vietnam,VNM,1912,73232290
Vietnam,VNM,1913,73402120
Vietnam,VNM,1914,72084590
Vietnam,VNM,1915,73971690
Vietnam,VNM,1916,73527300
Vietnam,VNM,1917,72873810
Vietnam,VNM,1918,72181630
Vietnam,VNM,1919,70305864
Vietnam,VNM,1920,61104024
Vietnam,VNM,1921,55845270
Vietnam,VNM,1922,52473390
Vietnam,VNM,1923,50505630
Vietnam,VNM,1924,49160508
Vietnam,VNM,1925,48106896
Vietnam,VNM,1926,46505868
Vietnam,VNM,1927,45858548
Vietnam,VNM,1928,46096436
Vietnam,VNM,1929,45101576
Vietnam,VNM,1930,43916510
Vietnam,VNM,1931,41988870
Vietnam,VNM,1932,41441224
Vietnam,VNM,1933,40055740
Vietnam,VNM,1934,40127308
Vietnam,VNM,1935,39505550
Vietnam,VNM,1936,40949260
Vietnam,VNM,1937,41301420
Vietnam,VNM,1938,41507292
Vietnam,VNM,1939,42991108
Vietnam,VNM,1940,42175556
Vietnam,VNM,1941,41957310
Vietnam,VNM,1942,38562024
Vietnam,VNM,1943,38035376
Vietnam,VNM,1944,37076404
Vietnam,VNM,1945,37034172
Vietnam,VNM,1946,36950652
Vietnam,VNM,1947,38065020
Vietnam,VNM,1948,39164760
Vietnam,VNM,1949,38354840
Vietnam,VNM,1950,54456876
Vietnam,VNM,1951,64609850
Vietnam,VNM,1952,73261030
Vietnam,VNM,1953,81754970
Vietnam,VNM,1954,92585560
Vietnam,VNM,1955,102512210
Vietnam,VNM,1956,109960550
Vietnam,VNM,1957,117193040
Vietnam,VNM,1958,126753590
Vietnam,VNM,1959,143954130
Vietnam,VNM,1960,120745144
Vietnam,VNM,1961,111854420
Vietnam,VNM,1962,109474350
Vietnam,VNM,1963,106848890
Vietnam,VNM,1964,111044750
Vietnam,VNM,1965,110089790
Vietnam,VNM,1966,117721624
Vietnam,VNM,1967,121826120
Vietnam,VNM,1968,123422776
Vietnam,VNM,1969,129925430
Vietnam,VNM,1970,129457180
Vietnam,VNM,1971,127522540
Vietnam,VNM,1972,129307870
Vietnam,VNM,1973,133268140
Vietnam,VNM,1974,125737410
Vietnam,VNM,1975,149369890
Vietnam,VNM,1976,137873360
Vietnam,VNM,1977,133133930
Vietnam,VNM,1978,127819340
Vietnam,VNM,1979,121677420
Vietnam,VNM,1980,120484560
Vietnam,VNM,1981,119988264
Vietnam,VNM,1982,120869450
Vietnam,VNM,1983,119803240
Vietnam,VNM,1984,111443464
Vietnam,VNM,1985,114218990
Vietnam,VNM,1986,115670904
Vietnam,VNM,1987,117362830
Vietnam,VNM,1988,118962500
Vietnam,VNM,1989,112903640
Vietnam,VNM,1990,121330390
Vietnam,VNM,1991,155423730
Vietnam,VNM,1992,147195900
Vietnam,VNM,1993,146305180
Vietnam,VNM,1994,150685310
Vietnam,VNM,1995,212690510
Vietnam,VNM,1996,207866750
Vietnam,VNM,1997,219689140
Vietnam,VNM,1998,249104690
Vietnam,VNM,1999,272694300
Vietnam,VNM,2000,322541540
Vietnam,VNM,2001,270343780
Vietnam,VNM,2002,264852340
Vietnam,VNM,2003,284714940
Vietnam,VNM,2004,305211260
Vietnam,VNM,2005,290221100
Vietnam,VNM,2006,282744800
Vietnam,VNM,2007,299523740
Vietnam,VNM,2008,307400900
Vietnam,VNM,2009,363860640
Vietnam,VNM,2010,348325150
Vietnam,VNM,2011,353336600
Vietnam,VNM,2012,344494500
Vietnam,VNM,2013,363967800
Vietnam,VNM,2014,526202720
Vietnam,VNM,2015,489971520
Vietnam,VNM,2016,468074140
Vietnam,VNM,2017,457167000
Vietnam,VNM,2018,470571230
Vietnam,VNM,2019,543980500
Vietnam,VNM,2020,560892400
Vietnam,VNM,2021,517077340
Vietnam,VNM,2022,500590180
Vietnam,VNM,2023,535747800
World,OWID_WRL,1850,4219061200
World,OWID_WRL,1851,4409311000
World,OWID_WRL,1852,4465078300
World,OWID_WRL,1853,4532813300
World,OWID_WRL,1854,4594583600
World,OWID_WRL,1855,4572071400
World,OWID_WRL,1856,4690924500
World,OWID_WRL,1857,4683661000
World,OWID_WRL,1858,4718894600
World,OWID_WRL,1859,4810028000
World,OWID_WRL,1860,4593481700
World,OWID_WRL,1861,4605667300
World,OWID_WRL,1862,4592632300
World,OWID_WRL,1863,4594464300
World,OWID_WRL,1864,4547105300
World,OWID_WRL,1865,4535310300
World,OWID_WRL,1866,4597011000
World,OWID_WRL,1867,4599316000
World,OWID_WRL,1868,4588681000
World,OWID_WRL,1869,4675858000
World,OWID_WRL,1870,4945148000
World,OWID_WRL,1871,5014069000
World,OWID_WRL,1872,5297401300
World,OWID_WRL,1873,5287834000
World,OWID_WRL,1874,5458159600
World,OWID_WRL,1875,5621640000
World,OWID_WRL,1876,5673683000
World,OWID_WRL,1877,5607008000
World,OWID_WRL,1878,5727372300
World,OWID_WRL,1879,5793445400
World,OWID_WRL,1880,6027994000
World,OWID_WRL,1881,6074859000
World,OWID_WRL,1882,6324752000
World,OWID_WRL,1883,6328190000
World,OWID_WRL,1884,6507302400
World,OWID_WRL,1885,6527370000
World,OWID_WRL,1886,6471709700
World,OWID_WRL,1887,6688979500
World,OWID_WRL,1888,6707763000
World,OWID_WRL,1889,6833890300
World,OWID_WRL,1890,7247878000
World,OWID_WRL,1891,7542617600
World,OWID_WRL,1892,7510893600
World,OWID_WRL,1893,7691345400
World,OWID_WRL,1894,7778905600
World,OWID_WRL,1895,7894431000
World,OWID_WRL,1896,7899118600
World,OWID_WRL,1897,8156441000
World,OWID_WRL,1898,8223389700
World,OWID_WRL,1899,8505797000
World,OWID_WRL,1900,8691973000
World,OWID_WRL,1901,8804860000
World,OWID_WRL,1902,8971303000
World,OWID_WRL,1903,9167074000
World,OWID_WRL,1904,9294472000
World,OWID_WRL,1905,9621012000
World,OWID_WRL,1906,9775443000
World,OWID_WRL,1907,10097672000
World,OWID_WRL,1908,10077375000
World,OWID_WRL,1909,10333530000
World,OWID_WRL,1910,10307977000
World,OWID_WRL,1911,10461305000
World,OWID_WRL,1912,10507465000
World,OWID_WRL,1913,10655274000
World,OWID_WRL,1914,10391972000
World,OWID_WRL,1915,10335395000
World,OWID_WRL,1916,10589467000
World,OWID_WRL,1917,10808521000
World,OWID_WRL,1918,10762877000
World,OWID_WRL,1919,10205527000
World,OWID_WRL,1920,10903476000
World,OWID_WRL,1921,10669232000
World,OWID_WRL,1922,10836915000
World,OWID_WRL,1923,11464264000
World,OWID_WRL,1924,11524160000
World,OWID_WRL,1925,11588408000
World,OWID_WRL,1926,11550636000
World,OWID_WRL,1927,12000633000
World,OWID_WRL,1928,11979465000
World,OWID_WRL,1929,12288142000
World,OWID_WRL,1930,12089384000
World,OWID_WRL,1931,11823244000
World,OWID_WRL,1932,11523510000
World,OWID_WRL,1933,11804024000
World,OWID_WRL,1934,12206737000
World,OWID_WRL,1935,12362917000
World,OWID_WRL,1936,12856831000
World,OWID_WRL,1937,13279804000
World,OWID_WRL,1938,13073998000
World,OWID_WRL,1939,13315615000
World,OWID_WRL,1940,13902011000
World,OWID_WRL,1941,14365789000
World,OWID_WRL,1942,14454576000
World,OWID_WRL,1943,14616533000
World,OWID_WRL,1944,14792170000
World,OWID_WRL,1945,13952066000
World,OWID_WRL,1946,14398192000
World,OWID_WRL,1947,15127643000
World,OWID_WRL,1948,15441084000
World,OWID_WRL,1949,15218637000
World,OWID_WRL,1950,16669636000
World,OWID_WRL,1951,17591742000
World,OWID_WRL,1952,17698888000
World,OWID_WRL,1953,18106272000
World,OWID_WRL,1954,18767930000
World,OWID_WRL,1955,19766900000
World,OWID_WRL,1956,20498287000
World,OWID_WRL,1957,21006020000
World,OWID_WRL,1958,21251504000
World,OWID_WRL,1959,22477308000
World,OWID_WRL,1960,22127307000
World,OWID_WRL,1961,22371980000
World,OWID_WRL,1962,22341622000
World,OWID_WRL,1963,22862530000
World,OWID_WRL,1964,23258208000
World,OWID_WRL,1965,23714190000
World,OWID_WRL,1966,24118213000
World,OWID_WRL,1967,24786098000
World,OWID_WRL,1968,25522776000
World,OWID_WRL,1969,27101106000
World,OWID_WRL,1970,28266830000
World,OWID_WRL,1971,28280381000
World,OWID_WRL,1972,29437508000
World,OWID_WRL,1973,30340880000
World,OWID_WRL,1974,30245190000
World,OWID_WRL,1975,30411125000
World,OWID_WRL,1976,31535469000
World,OWID_WRL,1977,32603044000
World,OWID_WRL,1978,33151205000
World,OWID_WRL,1979,33198746000
World,OWID_WRL,1980,33347820000
World,OWID_WRL,1981,32570309000
World,OWID_WRL,1982,32320344000
World,OWID_WRL,1983,32752468000
World,OWID_WRL,1984,34383640000
World,OWID_WRL,1985,34802164000
World,OWID_WRL,1986,35424960000
World,OWID_WRL,1987,35869164000
World,OWID_WRL,1988,36640596000
World,OWID_WRL,1989,36901773000
World,OWID_WRL,1990,37335880000
World,OWID_WRL,1991,37748945000
World,OWID_WRL,1992,37381090000
World,OWID_WRL,1993,37327962000
World,OWID_WRL,1994,38563020000
World,OWID_WRL,1995,38797140000
World,OWID_WRL,1996,40186060000
World,OWID_WRL,1997,41658655000
World,OWID_WRL,1998,40217952000
World,OWID_WRL,1999,40655057000
World,OWID_WRL,2000,40732266000
World,OWID_WRL,2001,40393683000
World,OWID_WRL,2002,41334140000
World,OWID_WRL,2003,43886330000
World,OWID_WRL,2004,44371150000
World,OWID_WRL,2005,44987160000
World,OWID_WRL,2006,46601814000
World,OWID_WRL,2007,46866113000
World,OWID_WRL,2008,47752990000
World,OWID_WRL,2009,47577604000
World,OWID_WRL,2010,49800950000
World,OWID_WRL,2011,51089150000
World,OWID_WRL,2012,52088530000
World,OWID_WRL,2013,51811950000
World,OWID_WRL,2014,52359200000
World,OWID_WRL,2015,52443984000
World,OWID_WRL,2016,51361518000
World,OWID_WRL,2017,51949548000
World,OWID_WRL,2018,52420270000
World,OWID_WRL,2019,52796522000
World,OWID_WRL,2020,50792542000
World,OWID_WRL,2021,52938793000
World,OWID_WRL,2022,53327217000
World,OWID_WRL,2023,53816852000
Yemen,YEM,1850,1963180
Yemen,YEM,1851,1970901.8
Yemen,YEM,1852,1979351
Yemen,YEM,1853,1987501.4
Yemen,YEM,1854,1995261.1
Yemen,YEM,1855,2002721.5
Yemen,YEM,1856,2009735.8
Yemen,YEM,1857,2016340.2
Yemen,YEM,1858,2022507.1
Yemen,YEM,1859,2028273
Yemen,YEM,1860,2031045.1
Yemen,YEM,1861,2034577.9
Yemen,YEM,1862,2038410.2
Yemen,YEM,1863,2042391.9
Yemen,YEM,1864,2046455.2
Yemen,YEM,1865,2050678.8
Yemen,YEM,1866,2054976.2
Yemen,YEM,1867,2059344.4
Yemen,YEM,1868,2063760.9
Yemen,YEM,1869,2068268
Yemen,YEM,1870,2093380.2
Yemen,YEM,1871,2114297.5
Yemen,YEM,1872,2135813.8
Yemen,YEM,1873,2158651.2
Yemen,YEM,1874,2182497.8
Yemen,YEM,1875,2206884.8
Yemen,YEM,1876,2231124
Yemen,YEM,1877,2254490.5
Yemen,YEM,1878,2276277.8
Yemen,YEM,1879,2295779.2
Yemen,YEM,1880,2305327
Yemen,YEM,1881,2315403.5
Yemen,YEM,1882,2325567.5
Yemen,YEM,1883,2335624.2
Yemen,YEM,1884,2345570.2
Yemen,YEM,1885,2354762.5
Yemen,YEM,1886,2363939.2
Yemen,YEM,1887,2373189.8
Yemen,YEM,1888,2382566.2
Yemen,YEM,1889,2392130
Yemen,YEM,1890,2404383
Yemen,YEM,1891,2409842.2
Yemen,YEM,1892,2416352.5
Yemen,YEM,1893,2423507
Yemen,YEM,1894,2431137.5
Yemen,YEM,1895,2439276.5
Yemen,YEM,1896,2447710
Yemen,YEM,1897,2456333.2
Yemen,YEM,1898,2465170.2
Yemen,YEM,1899,2474126
Yemen,YEM,1900,2476710.8
Yemen,YEM,1901,2494520.2
Yemen,YEM,1902,2512023.2
Yemen,YEM,1903,2528876.2
Yemen,YEM,1904,2544908.5
Yemen,YEM,1905,2559711.8
Yemen,YEM,1906,2573225.5
Yemen,YEM,1907,2585316.8
Yemen,YEM,1908,2595375
Yemen,YEM,1909,2604751.2
Yemen,YEM,1910,2674042.5
Yemen,YEM,1911,2717826
Yemen,YEM,1912,2750511.8
Yemen,YEM,1913,2776190.2
Yemen,YEM,1914,2797294.2
Yemen,YEM,1915,2815258.8
Yemen,YEM,1916,2829859.8
Yemen,YEM,1917,2841854.2
Yemen,YEM,1918,2851321.5
Yemen,YEM,1919,2858037.8
Yemen,YEM,1920,2842480
Yemen,YEM,1921,2841909
Yemen,YEM,1922,2846985.8
Yemen,YEM,1923,2855896
Yemen,YEM,1924,2866605
Yemen,YEM,1925,2875255
Yemen,YEM,1926,2883182.8
Yemen,YEM,1927,2889278.8
Yemen,YEM,1928,2892443.2
Yemen,YEM,1929,2890733.2
Yemen,YEM,1930,2865526
Yemen,YEM,1931,2844626.8
Yemen,YEM,1932,2823887.5
Yemen,YEM,1933,2802681
Yemen,YEM,1934,2779272.2
Yemen,YEM,1935,2754655.8
Yemen,YEM,1936,2754811
Yemen,YEM,1937,2752893.2
Yemen,YEM,1938,2748752
Yemen,YEM,1939,2742878.5
Yemen,YEM,1940,2780864.2
Yemen,YEM,1941,2840032.5
Yemen,YEM,1942,2918943.5
Yemen,YEM,1943,3011259.2
Yemen,YEM,1944,3111465.8
Yemen,YEM,1945,3223820.5
Yemen,YEM,1946,3336423
Yemen,YEM,1947,3449613
Yemen,YEM,1948,3556182.8
Yemen,YEM,1949,3655986
Yemen,YEM,1950,3942738.2
Yemen,YEM,1951,4081375.8
Yemen,YEM,1952,4238640.5
Yemen,YEM,1953,4382259.5
Yemen,YEM,1954,8978760
Yemen,YEM,1955,7108434
Yemen,YEM,1956,7082723
Yemen,YEM,1957,7844507
Yemen,YEM,1958,6873039
Yemen,YEM,1959,6664497
Yemen,YEM,1960,8121599
Yemen,YEM,1961,7213144
Yemen,YEM,1962,8652845
Yemen,YEM,1963,7815231.5
Yemen,YEM,1964,8723727
Yemen,YEM,1965,9216148
Yemen,YEM,1966,8701331
Yemen,YEM,1967,8407664
Yemen,YEM,1968,16797456
Yemen,YEM,1969,9499614
Yemen,YEM,1970,7399029
Yemen,YEM,1971,7259729.5
Yemen,YEM,1972,6747657.5
Yemen,YEM,1973,7869662
Yemen,YEM,1974,7798679.5
Yemen,YEM,1975,7786295.5
Yemen,YEM,1976,7917637
Yemen,YEM,1977,8414252
Yemen,YEM,1978,8634985
Yemen,YEM,1979,8824935
Yemen,YEM,1980,9052316
Yemen,YEM,1981,10093082
Yemen,YEM,1982,11937171
Yemen,YEM,1983,12450868
Yemen,YEM,1984,13476949
Yemen,YEM,1985,15102479
Yemen,YEM,1986,15164029
Yemen,YEM,1987,15888229
Yemen,YEM,1988,19991400
Yemen,YEM,1989,22797774
Yemen,YEM,1990,22533680
Yemen,YEM,1991,21487396
Yemen,YEM,1992,25287198
Yemen,YEM,1993,23588266
Yemen,YEM,1994,25444308
Yemen,YEM,1995,26176044
Yemen,YEM,1996,26351206
Yemen,YEM,1997,27691586
Yemen,YEM,1998,28359670
Yemen,YEM,1999,31436950
Yemen,YEM,2000,33462236
Yemen,YEM,2001,35545468
Yemen,YEM,2002,34058416
Yemen,YEM,2003,39667676
Yemen,YEM,2004,41100036
Yemen,YEM,2005,45644580
Yemen,YEM,2006,50790388
Yemen,YEM,2007,50325030
Yemen,YEM,2008,49454164
Yemen,YEM,2009,54508016
Yemen,YEM,2010,54775390
Yemen,YEM,2011,50813560
Yemen,YEM,2012,46016396
Yemen,YEM,2013,55005490
Yemen,YEM,2014,53155556
Yemen,YEM,2015,32401254
Yemen,YEM,2016,27669600
Yemen,YEM,2017,28486798
Yemen,YEM,2018,30961402
Yemen,YEM,2019,32352878
Yemen,YEM,2020,30892302
Yemen,YEM,2021,31095494
Yemen,YEM,2022,31215706
Yemen,YEM,2023,31184456
Zambia,ZMB,1850,8978224
Zambia,ZMB,1851,8997718
Zambia,ZMB,1852,9022353
Zambia,ZMB,1853,9131247
Zambia,ZMB,1854,9026795
Zambia,ZMB,1855,9012335
Zambia,ZMB,1856,9059485
Zambia,ZMB,1857,9025774
Zambia,ZMB,1858,9068730
Zambia,ZMB,1859,9061282
Zambia,ZMB,1860,9164345
Zambia,ZMB,1861,9238078
Zambia,ZMB,1862,9284056
Zambia,ZMB,1863,9377484
Zambia,ZMB,1864,9334398
Zambia,ZMB,1865,9314143
Zambia,ZMB,1866,9379926
Zambia,ZMB,1867,9343221
Zambia,ZMB,1868,9415904
Zambia,ZMB,1869,9419063
Zambia,ZMB,1870,9494527
Zambia,ZMB,1871,9610910
Zambia,ZMB,1872,9665106
Zambia,ZMB,1873,9720684
Zambia,ZMB,1874,9790551
Zambia,ZMB,1875,9878149
Zambia,ZMB,1876,9938860
Zambia,ZMB,1877,10025792
Zambia,ZMB,1878,10192374
Zambia,ZMB,1879,10106832
Zambia,ZMB,1880,10253947
Zambia,ZMB,1881,10361343
Zambia,ZMB,1882,10407074
Zambia,ZMB,1883,10441113
Zambia,ZMB,1884,10604865
Zambia,ZMB,1885,10592280
Zambia,ZMB,1886,10794007
Zambia,ZMB,1887,10775828
Zambia,ZMB,1888,10768223
Zambia,ZMB,1889,10823937
Zambia,ZMB,1890,11037035
Zambia,ZMB,1891,11397520
Zambia,ZMB,1892,11402249
Zambia,ZMB,1893,11404068
Zambia,ZMB,1894,11414175
Zambia,ZMB,1895,11493385
Zambia,ZMB,1896,11823044
Zambia,ZMB,1897,11645597
Zambia,ZMB,1898,11780812
Zambia,ZMB,1899,11920726
Zambia,ZMB,1900,12217388
Zambia,ZMB,1901,12343406
Zambia,ZMB,1902,12812522
Zambia,ZMB,1903,12704345
Zambia,ZMB,1904,12990653
Zambia,ZMB,1905,13014499
Zambia,ZMB,1906,13121915
Zambia,ZMB,1907,13414383
Zambia,ZMB,1908,13458860
Zambia,ZMB,1909,13561710
Zambia,ZMB,1910,14349017
Zambia,ZMB,1911,14853043
Zambia,ZMB,1912,14972473
Zambia,ZMB,1913,15290729
Zambia,ZMB,1914,15678520
Zambia,ZMB,1915,15959383
Zambia,ZMB,1916,16275404
Zambia,ZMB,1917,16421318
Zambia,ZMB,1918,16975458
Zambia,ZMB,1919,17130642
Zambia,ZMB,1920,18146448
Zambia,ZMB,1921,19155318
Zambia,ZMB,1922,19394198
Zambia,ZMB,1923,20079740
Zambia,ZMB,1924,20426068
Zambia,ZMB,1925,21178088
Zambia,ZMB,1926,21140528
Zambia,ZMB,1927,21215956
Zambia,ZMB,1928,21627264
Zambia,ZMB,1929,21972608
Zambia,ZMB,1930,24635178
Zambia,ZMB,1931,26271150
Zambia,ZMB,1932,27340306
Zambia,ZMB,1933,28174122
Zambia,ZMB,1934,29398480
Zambia,ZMB,1935,28975900
Zambia,ZMB,1936,30140038
Zambia,ZMB,1937,30400252
Zambia,ZMB,1938,30944124
Zambia,ZMB,1939,31558612
Zambia,ZMB,1940,45094530
Zambia,ZMB,1941,56565296
Zambia,ZMB,1942,63201636
Zambia,ZMB,1943,67565530
Zambia,ZMB,1944,71383170
Zambia,ZMB,1945,75071160
Zambia,ZMB,1946,77565070
Zambia,ZMB,1947,80817760
Zambia,ZMB,1948,83362180
Zambia,ZMB,1949,84610824
Zambia,ZMB,1950,75570470
Zambia,ZMB,1951,68529540
Zambia,ZMB,1952,64826376
Zambia,ZMB,1953,64302064
Zambia,ZMB,1954,63940750
Zambia,ZMB,1955,64262084
Zambia,ZMB,1956,65827040
Zambia,ZMB,1957,66025916
Zambia,ZMB,1958,65872212
Zambia,ZMB,1959,68608830
Zambia,ZMB,1960,69328580
Zambia,ZMB,1961,62375016
Zambia,ZMB,1962,57468820
Zambia,ZMB,1963,54720864
Zambia,ZMB,1964,53648144
Zambia,ZMB,1965,54989880
Zambia,ZMB,1966,54735770
Zambia,ZMB,1967,55690308
Zambia,ZMB,1968,55291784
Zambia,ZMB,1969,56043144
Zambia,ZMB,1970,69817080
Zambia,ZMB,1971,57633200
Zambia,ZMB,1972,54086584
Zambia,ZMB,1973,54955332
Zambia,ZMB,1974,50555492
Zambia,ZMB,1975,50220940
Zambia,ZMB,1976,46878160
Zambia,ZMB,1977,44635024
Zambia,ZMB,1978,37752340
Zambia,ZMB,1979,44262560
Zambia,ZMB,1980,42601628
Zambia,ZMB,1981,41449510
Zambia,ZMB,1982,46117480
Zambia,ZMB,1983,46589490
Zambia,ZMB,1984,43643056
Zambia,ZMB,1985,46309932
Zambia,ZMB,1986,48449548
Zambia,ZMB,1987,55095800
Zambia,ZMB,1988,55279500
Zambia,ZMB,1989,55368596
Zambia,ZMB,1990,56856692
Zambia,ZMB,1991,61166844
Zambia,ZMB,1992,61211436
Zambia,ZMB,1993,61958450
Zambia,ZMB,1994,61833090
Zambia,ZMB,1995,59754376
Zambia,ZMB,1996,55753800
Zambia,ZMB,1997,58584864
Zambia,ZMB,1998,59194052
Zambia,ZMB,1999,56027904
Zambia,ZMB,2000,53798230
Zambia,ZMB,2001,61199096
Zambia,ZMB,2002,74563784
Zambia,ZMB,2003,71803544
Zambia,ZMB,2004,70442860
Zambia,ZMB,2005,82197790
Zambia,ZMB,2006,74544960
Zambia,ZMB,2007,84470690
Zambia,ZMB,2008,104760430
Zambia,ZMB,2009,94856070
Zambia,ZMB,2010,102694980
Zambia,ZMB,2011,106004580
Zambia,ZMB,2012,98833100
Zambia,ZMB,2013,94387260
Zambia,ZMB,2014,91794790
Zambia,ZMB,2015,91376856
Zambia,ZMB,2016,94435820
Zambia,ZMB,2017,93954840
Zambia,ZMB,2018,91212060
Zambia,ZMB,2019,90163600
Zambia,ZMB,2020,87818250
Zambia,ZMB,2021,88452940
Zambia,ZMB,2022,88297380
Zambia,ZMB,2023,88250850
Zimbabwe,ZWE,1850,1054763.9
Zimbabwe,ZWE,1851,1071984.5
Zimbabwe,ZWE,1852,1078019.2
Zimbabwe,ZWE,1853,1090162.8
Zimbabwe,ZWE,1854,1108626.5
Zimbabwe,ZWE,1855,1118058.9
Zimbabwe,ZWE,1856,1129691
Zimbabwe,ZWE,1857,1144237.8
Zimbabwe,ZWE,1858,1152631.5
Zimbabwe,ZWE,1859,1167248.1
Zimbabwe,ZWE,1860,1197367.5
Zimbabwe,ZWE,1861,1222633
Zimbabwe,ZWE,1862,1243753.1
Zimbabwe,ZWE,1863,1254390.6
Zimbabwe,ZWE,1864,1268896.8
Zimbabwe,ZWE,1865,1263740.2
Zimbabwe,ZWE,1866,1264047.1
Zimbabwe,ZWE,1867,1279297.6
Zimbabwe,ZWE,1868,1292417.9
Zimbabwe,ZWE,1869,1289713.2
Zimbabwe,ZWE,1870,1330971.2
Zimbabwe,ZWE,1871,1363605.5
Zimbabwe,ZWE,1872,1395140.5
Zimbabwe,ZWE,1873,1432411
Zimbabwe,ZWE,1874,1458756.2
Zimbabwe,ZWE,1875,1473912
Zimbabwe,ZWE,1876,1500706.4
Zimbabwe,ZWE,1877,1519373.5
Zimbabwe,ZWE,1878,1540723.8
Zimbabwe,ZWE,1879,1575264.8
Zimbabwe,ZWE,1880,1613004.5
Zimbabwe,ZWE,1881,1652758.9
Zimbabwe,ZWE,1882,1687097.1
Zimbabwe,ZWE,1883,1721787.6
Zimbabwe,ZWE,1884,1736538.5
Zimbabwe,ZWE,1885,1758488.2
Zimbabwe,ZWE,1886,1790135.2
Zimbabwe,ZWE,1887,1809978.8
Zimbabwe,ZWE,1888,1833295
Zimbabwe,ZWE,1889,1852195
Zimbabwe,ZWE,1890,1940162
Zimbabwe,ZWE,1891,1985235
Zimbabwe,ZWE,1892,2029318.2
Zimbabwe,ZWE,1893,2092153.9
Zimbabwe,ZWE,1894,2109633.2
Zimbabwe,ZWE,1895,2170592.8
Zimbabwe,ZWE,1896,2172076.2
Zimbabwe,ZWE,1897,2205521.5
Zimbabwe,ZWE,1898,2246940.8
Zimbabwe,ZWE,1899,2291802
Zimbabwe,ZWE,1900,2368898.5
Zimbabwe,ZWE,1901,2521175.2
Zimbabwe,ZWE,1902,2517704.8
Zimbabwe,ZWE,1903,2658402
Zimbabwe,ZWE,1904,2809806.2
Zimbabwe,ZWE,1905,2897340.8
Zimbabwe,ZWE,1906,3043572.2
Zimbabwe,ZWE,1907,3208391.2
Zimbabwe,ZWE,1908,3289021
Zimbabwe,ZWE,1909,3410796.2
Zimbabwe,ZWE,1910,3593202.8
Zimbabwe,ZWE,1911,3883740
Zimbabwe,ZWE,1912,3922155.5
Zimbabwe,ZWE,1913,4123318
Zimbabwe,ZWE,1914,4592181
Zimbabwe,ZWE,1915,4880595.5
Zimbabwe,ZWE,1916,5134761
Zimbabwe,ZWE,1917,5417502
Zimbabwe,ZWE,1918,5503864.5
Zimbabwe,ZWE,1919,5581342.5
Zimbabwe,ZWE,1920,6078281.5
Zimbabwe,ZWE,1921,6442342.5
Zimbabwe,ZWE,1922,6225272.5
Zimbabwe,ZWE,1923,6881357
Zimbabwe,ZWE,1924,7019904.5
Zimbabwe,ZWE,1925,7646505.5
Zimbabwe,ZWE,1926,8297906
Zimbabwe,ZWE,1927,8348722.5
Zimbabwe,ZWE,1928,9060386
Zimbabwe,ZWE,1929,9166147
Zimbabwe,ZWE,1930,9430040
Zimbabwe,ZWE,1931,8830055
Zimbabwe,ZWE,1932,8913578
Zimbabwe,ZWE,1933,9182225
Zimbabwe,ZWE,1934,9951002
Zimbabwe,ZWE,1935,10107992
Zimbabwe,ZWE,1936,10548738
Zimbabwe,ZWE,1937,11525142
Zimbabwe,ZWE,1938,11880901
Zimbabwe,ZWE,1939,12477793
Zimbabwe,ZWE,1940,16400795
Zimbabwe,ZWE,1941,19354918
Zimbabwe,ZWE,1942,21424788
Zimbabwe,ZWE,1943,23539472
Zimbabwe,ZWE,1944,24617962
Zimbabwe,ZWE,1945,25268954
Zimbabwe,ZWE,1946,26126524
Zimbabwe,ZWE,1947,26472952
Zimbabwe,ZWE,1948,27942854
Zimbabwe,ZWE,1949,28945182
Zimbabwe,ZWE,1950,29004538
Zimbabwe,ZWE,1951,26651398
Zimbabwe,ZWE,1952,26454088
Zimbabwe,ZWE,1953,26789940
Zimbabwe,ZWE,1954,27051120
Zimbabwe,ZWE,1955,27898774
Zimbabwe,ZWE,1956,28595064
Zimbabwe,ZWE,1957,28792496
Zimbabwe,ZWE,1958,28796968
Zimbabwe,ZWE,1959,29362168
Zimbabwe,ZWE,1960,29555102
Zimbabwe,ZWE,1961,28742212
Zimbabwe,ZWE,1962,28025554
Zimbabwe,ZWE,1963,27207534
Zimbabwe,ZWE,1964,26298710
Zimbabwe,ZWE,1965,28063544
Zimbabwe,ZWE,1966,29325054
Zimbabwe,ZWE,1967,29164426
Zimbabwe,ZWE,1968,30398660
Zimbabwe,ZWE,1969,32696248
Zimbabwe,ZWE,1970,35365830
Zimbabwe,ZWE,1971,34384212
Zimbabwe,ZWE,1972,31945286
Zimbabwe,ZWE,1973,33539174
Zimbabwe,ZWE,1974,32173840
Zimbabwe,ZWE,1975,30731612
Zimbabwe,ZWE,1976,32692484
Zimbabwe,ZWE,1977,31548040
Zimbabwe,ZWE,1978,30743796
Zimbabwe,ZWE,1979,31501488
Zimbabwe,ZWE,1980,32030674
Zimbabwe,ZWE,1981,32801528
Zimbabwe,ZWE,1982,32712182
Zimbabwe,ZWE,1983,34345410
Zimbabwe,ZWE,1984,33770190
Zimbabwe,ZWE,1985,35677680
Zimbabwe,ZWE,1986,39696876
Zimbabwe,ZWE,1987,43533184
Zimbabwe,ZWE,1988,46123084
Zimbabwe,ZWE,1989,47291052
Zimbabwe,ZWE,1990,49814476
Zimbabwe,ZWE,1991,48972490
Zimbabwe,ZWE,1992,50683750
Zimbabwe,ZWE,1993,47708256
Zimbabwe,ZWE,1994,49977956
Zimbabwe,ZWE,1995,57508604
Zimbabwe,ZWE,1996,57465670
Zimbabwe,ZWE,1997,50785016
Zimbabwe,ZWE,1998,55990840
Zimbabwe,ZWE,1999,56586676
Zimbabwe,ZWE,2000,52026416
Zimbabwe,ZWE,2001,51782684
Zimbabwe,ZWE,2002,46541000
Zimbabwe,ZWE,2003,50243050
Zimbabwe,ZWE,2004,50627532
Zimbabwe,ZWE,2005,53919000
Zimbabwe,ZWE,2006,47790430
Zimbabwe,ZWE,2007,52901404
Zimbabwe,ZWE,2008,40923744
Zimbabwe,ZWE,2009,39368024
Zimbabwe,ZWE,2010,46067244
Zimbabwe,ZWE,2011,42301524
Zimbabwe,ZWE,2012,39463400
Zimbabwe,ZWE,2013,38597276
Zimbabwe,ZWE,2014,37164620
Zimbabwe,ZWE,2015,37427268
Zimbabwe,ZWE,2016,34763140
Zimbabwe,ZWE,2017,35379596
Zimbabwe,ZWE,2018,35721896
Zimbabwe,ZWE,2019,34347856
Zimbabwe,ZWE,2020,31322906
Zimbabwe,ZWE,2021,33549390
Zimbabwe,ZWE,2022,33772416
Zimbabwe,ZWE,2023,33955148
